0.01836109161376953,0
0.02229928970336914,0
0.03550577163696289,2
0.0470271110534668,5
0.058465003967285156,10
0.07651638984680176,19
0.08842611312866211,26
0.10048127174377441,34
0.11211133003234863,42
0.12570452690124512,52
0.13762736320495605,61
0.14927196502685547,70
0.16092848777770996,78
0.17361688613891602,89
0.1863081455230713,99
0.19813990592956543,109
0.20940542221069336,119
0.22162365913391113,130
0.2332594394683838,140
0.24608087539672852,150
0.2575533390045166,161
0.27039504051208496,171
0.28163957595825195,181
0.29331183433532715,192
0.30607056617736816,203
0.31767725944519043,213
0.3304746150970459,224
0.34220004081726074,235
0.35372328758239746,245
0.3664207458496094,255
0.3790016174316406,265
0.3908977508544922,275
0.40299057960510254,286
0.41605067253112793,295
0.4290590286254883,303
0.44057297706604004,311
0.452319860458374,318
0.46909356117248535,327
0.48142218589782715,334
0.49375104904174805,339
0.5066156387329102,344
0.5182335376739502,348
0.5305538177490234,351
0.5422236919403076,354
0.5543432235717773,357
0.5681736469268799,359
0.5807323455810547,361
0.5925688743591309,362
0.6055591106414795,363
0.61765456199646,364
0.6305036544799805,364
0.642298698425293,365
0.6544413566589355,365
0.6666879653930664,365
0.6791348457336426,365
0.6907322406768799,365
0.7023603916168213,365
0.7143313884735107,365
0.7267475128173828,365
0.7391228675842285,365
0.7507936954498291,365
0.7624537944793701,365
0.7743163108825684,365
0.7875280380249023,365
0.7993390560150146,365
0.8109509944915771,365
0.82267165184021,365
0.836479902267456,365
0.8479714393615723,365
0.8595907688140869,365
0.876084566116333,365
0.8887960910797119,365
0.9005963802337646,365
0.9122426509857178,365
0.9244177341461182,365
0.9372591972351074,365
0.9490301609039307,365
0.9606447219848633,365
0.9722111225128174,365
0.9861869812011719,365
0.9975042343139648,365
1.009162425994873,365
1.020871877670288,365
1.0328643321990967,365
1.0466151237487793,365
1.0581958293914795,365
1.069507360458374,365
1.0811266899108887,365
1.0941627025604248,365
1.1065917015075684,365
1.118485450744629,365
1.1304237842559814,365
1.142531156539917,365
1.155515432357788,365
1.167069435119629,365
1.1788482666015625,365
1.191298246383667,365
1.2028284072875977,365
1.2159833908081055,365
1.2275869846343994,365
1.2401156425476074,365
1.2512562274932861,365
1.262770175933838,365
1.279019832611084,365
1.2914738655090332,365
1.3035657405853271,365
1.3162612915039062,365
1.3276581764221191,365
1.3403294086456299,365
1.3516416549682617,365
1.3636353015899658,365
1.3762567043304443,365
1.3875739574432373,365
1.4004700183868408,365
1.4123411178588867,365
1.425706148147583,365
1.4374220371246338,365
1.4544472694396973,365
1.466855764389038,365
1.4783756732940674,365
1.4901964664459229,365
1.510244369506836,365
1.5289483070373535,365
1.5491244792938232,365
1.576158046722412,365
1.5874865055084229,365
1.606950283050537,365
1.6261346340179443,365
1.6427154541015625,365
1.6625020503997803,365
1.6789917945861816,365
1.690638542175293,365
1.7025625705718994,365
1.7366104125976562,365
1.7622835636138916,365
1.7794873714447021,365
1.791079044342041,365
1.8028464317321777,365
1.8165979385375977,365
1.8283271789550781,365
1.8401439189910889,365
1.851248025894165,365
1.8628289699554443,365
1.8766252994537354,365
1.8882958889007568,365
1.8995740413665771,365
1.9112584590911865,365
1.9235703945159912,365
1.9364423751831055,365
1.9483206272125244,365
1.9596583843231201,365
1.9724810123443604,365
1.9845266342163086,365
1.9971070289611816,365
2.008660316467285,365
2.0210752487182617,365
2.032971143722534,365
2.0460519790649414,365
2.0579864978790283,365
2.074512481689453,365
2.0871453285217285,365
2.0990164279937744,365
2.1105475425720215,365
2.1229701042175293,365
2.1359875202178955,365
2.1474719047546387,365
2.159003734588623,365
2.1712403297424316,365
2.1829614639282227,365
2.1957671642303467,365
2.207610607147217,365
2.219473361968994,365
2.232252836227417,365
2.2442734241485596,365
2.25665020942688,365
2.2683322429656982,365
2.2806625366210938,365
2.2923779487609863,365
2.3043994903564453,365
2.3166563510894775,365
2.3288674354553223,365
2.340562343597412,365
2.352480173110962,365
2.365490674972534,365
2.3776350021362305,365
2.389498472213745,365
2.4023261070251465,365
2.414457321166992,365
2.4285106658935547,365
2.4404091835021973,365
2.451753616333008,365
2.4635937213897705,365
2.4806838035583496,365
2.4925317764282227,365
2.505528450012207,365
2.5170366764068604,365
2.52919864654541,365
2.5407731533050537,365
2.5523457527160645,365
2.564161777496338,365
2.576300859451294,365
2.5885796546936035,365
2.600512981414795,365
2.6123671531677246,365
2.6243298053741455,365
2.6375350952148438,365
2.6491506099700928,365
2.660705089569092,365
2.6722865104675293,365
2.685595750808716,365
2.6974151134490967,365
2.7090225219726562,365
2.720541000366211,365
2.7328052520751953,365
2.745715618133545,365
2.757582664489746,365
2.769061326980591,365
2.781465768814087,365
2.7932205200195312,365
2.806065320968628,365
2.817546844482422,365
2.8290703296661377,365
2.8413238525390625,365
2.8528311252593994,365
2.866015672683716,365
2.882046937942505,365
2.894462823867798,365
2.9069981575012207,365
2.9185104370117188,365
2.9302966594696045,365
2.942823886871338,365
2.9559974670410156,365
2.967599391937256,365
2.979342222213745,365
2.9913270473480225,365
3.003446102142334,365
