0.0370936393737793,0
0.04114866256713867,1
0.0539095401763916,3
0.06655359268188477,6
0.07787108421325684,11
0.0895695686340332,17
0.10115456581115723,24
0.11385202407836914,31
0.12660527229309082,39
0.13796639442443848,48
0.1497812271118164,57
0.16260385513305664,66
0.17456912994384766,75
0.186842679977417,85
0.1984114646911621,95
0.2107408046722412,105
0.2225203514099121,115
0.23407649993896484,125
0.2468700408935547,135
0.25915026664733887,145
0.2707369327545166,155
0.282512903213501,166
0.294614315032959,180
0.3113715648651123,191
0.32306504249572754,201
0.3364827632904053,213
0.34789586067199707,224
0.36061763763427734,235
0.37392640113830566,247
0.38663268089294434,256
0.3979666233062744,266
0.4108412265777588,275
0.4225790500640869,284
0.4345967769622803,292
0.4468514919281006,300
0.4594395160675049,307
0.47113871574401855,313
0.48294973373413086,319
0.49582672119140625,326
0.5075037479400635,331
0.5206918716430664,335
0.5320196151733398,339
0.5432746410369873,342
0.5563497543334961,345
0.56876540184021,348
0.5807225704193115,350
0.5919742584228516,351
0.6038413047790527,353
0.6171300411224365,354
0.6285288333892822,355
0.6399252414703369,356
0.6517267227172852,357
0.6645791530609131,357
0.676361083984375,357
0.6885111331939697,358
0.7040150165557861,358
0.7175500392913818,358
0.729266881942749,358
0.7408335208892822,358
0.7531721591949463,358
0.7813029289245605,358
0.8010303974151611,358
0.8132905960083008,358
0.826972484588623,358
0.8386003971099854,358
0.8500335216522217,358
0.8615763187408447,358
0.8740510940551758,358
0.8867254257202148,358
0.8980109691619873,358
0.9097373485565186,358
0.921926736831665,358
0.9339466094970703,358
0.9467678070068359,358
0.9580209255218506,358
0.9708139896392822,358
0.9823939800262451,358
0.9939725399017334,358
1.0070009231567383,358
1.0193641185760498,358
1.0307750701904297,358
1.0424449443817139,358
1.054600477218628,358
1.0667803287506104,358
1.078857660293579,358
1.0906777381896973,358
1.1069393157958984,358
1.1211047172546387,358
1.1330583095550537,358
1.145895004272461,358
1.1575686931610107,358
1.1692276000976562,358
1.181640625,358
1.1931483745574951,358
1.2059502601623535,358
1.217655897140503,358
1.2304096221923828,358
1.241628885269165,358
1.2531580924987793,358
1.2658965587615967,358
1.277951955795288,358
1.2896137237548828,358
1.3010756969451904,358
1.3127672672271729,358
1.3263938426971436,358
1.3378376960754395,358
1.349269151687622,358
1.360738754272461,358
1.372082233428955,358
1.385859489440918,358
1.3973908424377441,358
1.408787727355957,358
1.4206700325012207,358
1.4330754280090332,358
1.4458353519439697,358
1.4574053287506104,358
1.4688737392425537,358
1.4813358783721924,358
1.4930734634399414,358
1.5092287063598633,358
1.5207924842834473,358
1.5338966846466064,358
1.546692132949829,358
1.5578875541687012,358
1.5695362091064453,358
1.5818171501159668,358
1.5933136940002441,358
1.6066761016845703,358
1.6178808212280273,358
1.630408525466919,358
1.6415290832519531,358
1.6530869007110596,358
1.6663362979888916,358
1.6790516376495361,358
1.6906912326812744,358
1.7018749713897705,358
1.7138776779174805,358
1.726468563079834,358
1.7388114929199219,358
1.7509448528289795,358
1.7623953819274902,358
1.7740387916564941,358
1.7873311042785645,358
1.798712968826294,358
1.8108222484588623,358
1.8224048614501953,358
1.8348908424377441,358
1.8470051288604736,358
1.8587117195129395,358
1.8706395626068115,358
1.8828067779541016,358
1.8943533897399902,358
1.9097375869750977,358
1.921584129333496,358
1.9354212284088135,358
1.9473514556884766,358
1.9591610431671143,358
1.9706952571868896,358
1.9820430278778076,358
1.9959959983825684,358
2.007579803466797,358
2.0192384719848633,358
2.03079891204834,358
2.0429999828338623,358
2.055969476699829,358
2.067741870880127,358
2.0794942378997803,358
2.0917842388153076,358
2.1038978099823,358
2.1166234016418457,358
2.1283352375030518,358
2.140582323074341,358
2.1515953540802,358
2.1631195545196533,358
2.1759514808654785,358
2.1887218952178955,358
2.200671672821045,358
2.2116971015930176,358
2.2232720851898193,358
2.235978126525879,358
2.2478528022766113,358
2.2596051692962646,358
2.2712550163269043,358
2.282909393310547,358
2.2966012954711914,358
2.3114356994628906,358
2.323256015777588,358
2.336620330810547,358
2.3491268157958984,358
2.3607230186462402,358
2.3724172115325928,358
2.3845157623291016,358
2.3976879119873047,358
2.4091315269470215,358
2.4206581115722656,358
2.431633949279785,358
2.444537401199341,358
2.4569671154022217,358
2.4686005115509033,358
2.480067253112793,358
2.4914944171905518,358
2.5040223598480225,358
2.5166573524475098,358
2.5279810428619385,358
2.539578437805176,358
2.551547050476074,358
2.5632808208465576,358
2.5760555267333984,358
2.5879878997802734,358
2.600667953491211,358
2.6117098331451416,358
2.623581886291504,358
2.636326551437378,358
2.649078369140625,358
2.660759449005127,358
2.6723947525024414,358
2.683967113494873,358
2.696600914001465,358
2.7125492095947266,358
2.7258188724517822,358
2.737545967102051,358
2.7506136894226074,358
2.7617928981781006,358
2.77463960647583,358
2.7869369983673096,358
2.7992899417877197,358
2.810943365097046,358
2.822662115097046,358
2.834390163421631,358
2.846864700317383,358
2.8592746257781982,358
2.870758533477783,358
2.881974697113037,358
2.893555164337158,358
2.906994581222534,358
2.9187238216400146,358
2.9306447505950928,358
2.941664934158325,358
2.954324245452881,358
2.966620922088623,358
2.9779229164123535,358
2.989586353302002,358
3.0010809898376465,358
