0.015365123748779297,18,745
0.027973651885986328,24,706
0.04252934455871582,36,710
0.05566120147705078,46,719
0.06949377059936523,53,719
0.07576918601989746,58,721
0.08204150199890137,62,726
0.08753538131713867,66,728
0.09387612342834473,70,733
0.09960293769836426,75,733
0.10581469535827637,79,730
0.11207342147827148,87,738
0.12721681594848633,98,740
0.13994717597961426,108,737
0.1548779010772705,116,745
0.16640758514404297,130,740
0.18683123588562012,142,745
0.19911813735961914,152,744
0.21251821517944336,160,752
0.22539567947387695,172,748
0.23910880088806152,180,750
0.25006723403930664,191,750
0.26317906379699707,196,750
0.2687234878540039,202,749
0.2751147747039795,204,747
0.2806401252746582,210,750
0.28687357902526855,214,755
0.2934145927429199,220,753
0.2990150451660156,224,749
0.3125479221343994,236,755
0.32373738288879395,245,750
0.333829402923584,250,749
0.33989882469177246,254,750
0.3463878631591797,259,752
0.3526926040649414,263,753
0.3580787181854248,269,753
0.3656487464904785,274,749
0.3715503215789795,278,751
0.37748193740844727,283,756
0.3838794231414795,288,754
0.3895406723022461,292,751
0.39577364921569824,296,748
0.4020371437072754,301,753
0.40758395195007324,306,753
0.41512441635131836,310,756
0.4206357002258301,316,750
0.42701077461242676,319,750
0.4337444305419922,325,749
0.4394052028656006,330,751
0.44557714462280273,334,754
0.45108556747436523,338,753
0.4572720527648926,343,749
0.4649207592010498,348,751
0.47044944763183594,352,751
0.4766688346862793,356,754
0.4833230972290039,361,750
0.4888758659362793,367,749
0.4952120780944824,370,752
0.5007510185241699,376,751
0.5069584846496582,379,754
0.5134556293487549,385,756
0.5199122428894043,390,752
0.5261008739471436,394,752
0.5326290130615234,398,749
0.5380172729492188,403,752
0.5448591709136963,408,751
0.5504171848297119,412,750
0.5566372871398926,416,747
0.5632517337799072,422,751
0.5697164535522461,427,755
0.5823349952697754,436,751
0.5879182815551758,440,752
0.5947833061218262,445,752
0.6000819206237793,451,754
0.6068465709686279,454,751
0.6133613586425781,460,755
0.6197850704193115,465,748
0.6259961128234863,469,751
0.6325433254241943,474,752
0.6379427909851074,478,751
0.6445591449737549,483,751
0.649883508682251,487,750
0.6560821533203125,492,751
0.662700891494751,496,754
0.6694018840789795,502,754
0.6756045818328857,507,752
0.6814744472503662,511,747
0.6872825622558594,516,751
0.6939668655395508,520,753
0.6996157169342041,525,756
0.7058191299438477,530,754
0.7120838165283203,534,750
0.7190248966217041,540,749
0.7254619598388672,544,750
0.7309603691101074,549,754
0.7371501922607422,554,753
0.743645191192627,558,751
0.749352216720581,562,751
0.7555444240570068,567,751
0.7610747814178467,572,756
0.7672631740570068,576,754
0.7748522758483887,580,752
0.7803490161895752,585,750
0.7867431640625,590,753
0.7932314872741699,594,752
0.7987241744995117,600,753
0.8051211833953857,603,753
0.8106348514556885,609,752
0.8168537616729736,614,751
0.824554443359375,618,755
0.8298895359039307,622,757
0.8360981941223145,627,752
0.8426425457000732,632,749
0.8484430313110352,636,751
0.8548803329467773,641,751
0.8603944778442383,645,755
0.8666455745697021,651,751
0.8739054203033447,656,749
0.879561185836792,660,751
0.8857564926147461,665,751
0.8920352458953857,669,750
0.8975675106048584,674,752
0.9044225215911865,678,749
0.9097685813903809,683,750
0.915971040725708,687,753
0.9235324859619141,693,753
0.9291207790374756,698,749
0.9354531764984131,702,754
0.94095778465271,707,750
0.9471313953399658,712,749
0.953822135925293,716,749
0.9594845771789551,720,752
0.965876579284668,725,747
0.973365068435669,734,751
0.9854474067687988,740,749
0.9909543991088867,744,755
0.9972798824310303,749,748
1.0039808750152588,754,749
