0.014964818954467773,2,93
0.029986858367919922,2,93
0.04187154769897461,2,93
0.0564417839050293,2,93
0.06798195838928223,1,-16
0.0781412124633789,0,-31
0.08466529846191406,-1,-84
0.09698033332824707,-2,-91
0.10288596153259277,-2,-91
0.10923242568969727,-3,-93
0.11615705490112305,-4,-101
0.12167787551879883,-4,-106
0.12902426719665527,-5,-113
0.13532662391662598,-6,-116
0.14099740982055664,-7,-120
0.14725446701049805,-8,-123
0.15376734733581543,-8,-123
0.1592257022857666,-9,-129
0.16610240936279297,-10,-128
0.17136883735656738,-11,-131
0.17852473258972168,-12,-132
0.18506217002868652,-13,-135
0.19074583053588867,-14,-137
0.19694066047668457,-14,-137
0.20243239402770996,-15,-138
0.2086200714111328,-16,-140
0.2152247428894043,-17,-142
0.22089934349060059,-18,-141
0.22830653190612793,-18,-143
0.23498177528381348,-20,-143
0.24068617820739746,-21,-144
0.24691367149353027,-22,-146
0.25243043899536133,-22,-144
0.25861406326293945,-23,-147
0.26511454582214355,-24,-148
0.2708425521850586,-25,-144
0.2781257629394531,-26,-145
0.2848517894744873,-27,-148
0.2904191017150879,-28,-145
0.29696059226989746,-29,-147
0.30286097526550293,-30,-148
0.30878162384033203,-31,-147
0.3151822090148926,-32,-147
0.32085728645324707,-32,-148
0.32712602615356445,-33,-148
0.33468008041381836,-34,-148
0.3402225971221924,-35,-145
0.34675121307373047,-36,-147
0.3522803783416748,-37,-146
0.3584914207458496,-38,-146
0.3651301860809326,-39,-149
0.3708517551422119,-40,-148
0.37709856033325195,-41,-148
0.38471341133117676,-42,-148
0.39030885696411133,-43,-149
0.3966038227081299,-44,-151
0.40210628509521484,-44,-149
0.4085097312927246,-46,-150
0.41506123542785645,-46,-151
0.4207725524902344,-47,-150
0.4269833564758301,-48,-150
0.43450188636779785,-49,-149
0.4400033950805664,-50,-149
0.44643592834472656,-51,-150
0.45195937156677246,-52,-148
0.45816683769226074,-53,-148
0.4648439884185791,-54,-152
0.4705390930175781,-55,-148
0.4767494201660156,-56,-149
0.4840819835662842,-56,-148
0.49538183212280273,-58,-146
0.5021052360534668,-60,-147
0.5084619522094727,-60,-150
0.5151560306549072,-62,-151
0.520850419998169,-62,-150
0.5273444652557373,-63,-147
0.5348432064056396,-64,-148
0.540410041809082,-65,-146
0.5466930866241455,-66,-147
0.5522055625915527,-67,-149
0.5584478378295898,-68,-149
0.5649559497833252,-69,-151
0.5706536769866943,-70,-150
0.5768284797668457,-70,-150
0.5840849876403809,-72,-151
0.5899598598480225,-73,-148
0.596369743347168,-73,-150
0.6019093990325928,-74,-150
0.6081225872039795,-75,-150
0.6146798133850098,-76,-150
0.6202466487884521,-77,-146
0.6266965866088867,-78,-146
0.6339223384857178,-79,-149
0.6393470764160156,-80,-147
0.6462795734405518,-81,-149
0.6518247127532959,-82,-150
0.658038854598999,-82,-147
0.6645107269287109,-84,-149
0.6700732707977295,-84,-149
0.6764554977416992,-85,-147
0.6819548606872559,-86,-148
0.6892035007476807,-87,-146
0.6958484649658203,-88,-145
0.7012102603912354,-89,-151
0.7078421115875244,-90,-149
0.7143697738647461,-91,-151
0.7198219299316406,-92,-150
0.7263321876525879,-92,-147
0.7318763732910156,-94,-148
0.739065408706665,-95,-146
0.7453665733337402,-96,-151
0.7510383129119873,-96,-150
0.7576897144317627,-98,-150
0.7639980316162109,-98,-152
0.7697908878326416,-99,-151
0.7762398719787598,-100,-148
0.7817745208740234,-101,-149
0.7889063358306885,-102,-148
0.7952861785888672,-103,-148
0.8009538650512695,-104,-149
0.8071880340576172,-105,-148
0.8137111663818359,-106,-148
0.8191399574279785,-107,-149
0.8260054588317871,-108,-147
0.831275224685669,-108,-147
0.8385035991668701,-110,-147
0.8450582027435303,-110,-148
0.8507695198059082,-112,-148
0.8569495677947998,-112,-148
0.8628146648406982,-113,-149
0.8687663078308105,-114,-149
0.8751976490020752,-115,-148
0.8808701038360596,-116,-150
0.8882954120635986,-118,-149
0.9007480144500732,-119,-151
0.9071393013000488,-120,-148
0.9134173393249512,-121,-150
0.919257640838623,-122,-152
0.9261317253112793,-122,-148
0.9313943386077881,-124,-148
0.9385809898376465,-124,-149
0.9452686309814453,-126,-147
0.95090651512146,-126,-148
0.9571442604064941,-127,-147
0.9634239673614502,-128,-148
0.9690845012664795,-129,-149
0.9764652252197266,-130,-147
0.9820330142974854,-131,-147
0.9891822338104248,-132,-148
0.9959731101989746,-133,-146
1.001272201538086,-134,-148
