0.013760089874267578,6,261
0.02737593650817871,9,235
0.04061555862426758,12,223
0.05229759216308594,15,213
0.06637787818908691,17,206
0.07818865776062012,20,198
0.08840465545654297,21,192
0.09718132019042969,23,188
0.10578322410583496,25,185
0.11434125900268555,26,185
0.12072181701660156,27,182
0.128265380859375,28,180
0.133836030960083,30,180
0.14011883735656738,30,179
0.1457059383392334,32,176
0.15193533897399902,32,174
0.15845513343811035,34,171
0.164231538772583,34,170
0.1704237461090088,36,172
0.17810988426208496,36,165
0.1836862564086914,38,167
0.19002985954284668,38,168
0.19557929039001465,40,162
0.2017974853515625,40,167
0.20829129219055176,42,165
0.21384072303771973,43,162
0.22014784812927246,44,162
0.22749710083007812,45,161
0.2333087921142578,46,161
0.2399280071258545,47,160
0.24545049667358398,48,160
0.2516753673553467,48,160
0.25820350646972656,50,161
0.26380419731140137,51,160
0.27008676528930664,52,161
0.2773325443267822,53,160
0.2828066349029541,54,159
0.28951501846313477,55,161
0.29479289054870605,56,160
0.30141234397888184,56,156
0.3079197406768799,58,156
0.31334996223449707,59,159
0.3245213031768799,61,160
0.33255553245544434,62,160
0.3393726348876953,62,154
0.3446946144104004,64,155
0.35131382942199707,64,156
0.358029842376709,66,154
0.36359405517578125,67,159
0.3699781894683838,67,158
0.3754923343658447,68,153
0.38268041610717773,70,157
0.38927650451660156,70,155
0.39467406272888184,72,154
0.400897741317749,72,156
0.4075014591217041,73,158
0.4129021167755127,74,156
0.41979026794433594,75,156
0.4253201484680176,76,158
0.4325723648071289,78,157
0.43889617919921875,78,155
0.4445376396179199,79,157
0.45076990127563477,80,158
0.45729756355285645,81,154
0.4627053737640381,82,159
0.46933460235595703,83,158
0.47467708587646484,84,152
0.48203372955322266,85,156
0.4887080192565918,86,155
0.4943699836730957,87,153
0.5005724430084229,88,158
0.5068831443786621,89,157
0.5124051570892334,90,156
0.5187957286834717,91,153
0.5244166851043701,92,156
0.5316963195800781,93,154
0.5384135246276855,94,153
0.5440537929534912,95,157
0.5502493381500244,96,156
0.5557365417480469,97,153
0.5619306564331055,98,156
0.5684323310852051,98,157
0.5740876197814941,100,156
0.5812230110168457,100,156
0.5875453948974609,102,158
0.5932021141052246,102,155
0.5998153686523438,103,155
0.6053297519683838,104,159
0.6115965843200684,105,155
0.6183149814605713,106,155
0.6238973140716553,107,156
0.6301517486572266,108,155
0.6374518871307373,109,155
0.64284348487854,110,154
0.6495416164398193,111,156
0.6548445224761963,112,154
0.6614623069763184,113,153
0.6679260730743408,114,153
0.6733505725860596,115,155
0.6798303127288818,116,153
0.6868488788604736,117,157
0.6923882961273193,118,157
0.6987581253051758,119,153
0.7043766975402832,120,154
0.7106208801269531,121,156
0.7168970108032227,122,154
0.7296333312988281,124,156
0.7363736629486084,125,156
0.7425761222839355,126,155
0.749542236328125,126,157
0.7548446655273438,128,158
0.7613136768341064,128,157
0.7677760124206543,130,154
0.7732079029083252,130,158
0.779843807220459,132,158
0.786860466003418,132,154
0.7923970222473145,134,156
0.7987661361694336,134,155
0.8044071197509766,136,153
0.8106133937835693,136,154
0.81689453125,137,156
0.8225319385528564,138,155
0.8288264274597168,139,152
0.8354208469390869,140,155
0.8418035507202148,141,155
0.848320484161377,142,155
0.8538680076599121,143,155
0.8601417541503906,144,155
0.8656778335571289,145,155
0.8719127178192139,146,154
0.8786435127258301,147,157
0.8853449821472168,148,157
0.8915929794311523,149,155
0.8982503414154053,150,155
0.9038159847259521,151,157
0.9100902080535889,152,156
0.9155879020690918,153,154
0.921781063079834,153,153
0.9282596111297607,155,156
0.9338433742523193,156,154
0.9411723613739014,156,154
0.9474852085113525,158,157
0.9528803825378418,158,153
0.9597516059875488,159,153
0.9652884006500244,160,155
0.9714853763580322,161,154
0.9779953956604004,162,153
0.9835042953491211,163,154
0.9906144142150879,164,156
0.9971795082092285,165,153
1.0025873184204102,166,152
