0.015322446823120117,-5,-242
0.02747654914855957,-8,-240
0.039466142654418945,-11,-275
0.05704998970031738,-18,-334
0.07480216026306152,-24,-367
0.08542466163635254,-26,-385
0.09109950065612793,-28,-396
0.09749913215637207,-31,-402
0.10403037071228027,-34,-409
0.10948681831359863,-36,-419
0.11633157730102539,-39,-425
0.12186670303344727,-42,-431
0.12808561325073242,-44,-440
0.13538646697998047,-48,-444
0.14104008674621582,-50,-453
0.14743399620056152,-53,-457
0.15392041206359863,-56,-462
0.15938377380371094,-59,-469
0.16605377197265625,-62,-467
0.17140722274780273,-64,-467
0.1780400276184082,-68,-471
0.18531298637390137,-71,-472
0.1910102367401123,-74,-481
0.19727802276611328,-77,-483
0.20355796813964844,-80,-485
0.20920968055725098,-83,-489
0.21556806564331055,-86,-487
0.22124242782592773,-89,-487
0.2274913787841797,-92,-488
0.23493695259094238,-96,-492
0.24056506156921387,-98,-493
0.24686241149902344,-102,-494
0.2524104118347168,-104,-494
0.2586216926574707,-108,-494
0.26511383056640625,-110,-495
0.27082228660583496,-114,-495
0.2772223949432373,-116,-493
0.28354573249816895,-120,-497
0.29020023345947266,-124,-498
0.29674816131591797,-126,-499
0.30224609375,-130,-504
0.30849385261535645,-132,-501
0.3150336742401123,-136,-503
0.3206214904785156,-138,-498
0.3269169330596924,-142,-497
0.3324456214904785,-144,-497
0.3398933410644531,-148,-499
0.34642863273620605,-150,-506
0.351973295211792,-154,-506
0.35834407806396484,-156,-506
0.3648686408996582,-160,-505
0.37047410011291504,-164,-505
0.37676072120666504,-166,-501
0.38228678703308105,-170,-502
0.38944220542907715,-173,-506
0.3961310386657715,-176,-506
0.4014308452606201,-179,-507
0.4080832004547119,-182,-505
0.41469621658325195,-185,-505
0.42023682594299316,-189,-502
0.4266510009765625,-191,-505
0.4321732521057129,-195,-506
0.4394524097442627,-198,-506
0.44612646102905273,-201,-508
0.4514279365539551,-207,-507
0.4653127193450928,-211,-508
0.47100114822387695,-214,-508
0.4775044918060303,-217,-505
0.4841127395629883,-222,-508
0.49094581604003906,-224,-507
0.4971733093261719,-228,-509
0.5034458637237549,-230,-508
0.5090413093566895,-234,-507
0.5154712200164795,-236,-504
0.5211184024810791,-240,-505
0.5273737907409668,-243,-507
0.5339009761810303,-246,-509
0.5408103466033936,-250,-508
0.5470268726348877,-253,-507
0.5525381565093994,-256,-509
0.5587329864501953,-259,-504
0.5652427673339844,-262,-505
0.5709145069122314,-265,-505
0.577124834060669,-268,-508
0.583003044128418,-271,-510
0.5901474952697754,-275,-509
0.5967369079589844,-277,-507
0.6022603511810303,-281,-507
0.6084766387939453,-283,-505
0.6149966716766357,-288,-506
0.6205685138702393,-290,-506
0.6269047260284424,-294,-507
0.6324050426483154,-296,-511
0.6386058330535889,-300,-508
0.6462864875793457,-302,-509
0.6515567302703857,-306,-504
0.6581695079803467,-309,-506
0.6648354530334473,-312,-506
0.6703717708587646,-316,-504
0.6766939163208008,-318,-507
0.6822624206542969,-322,-510
0.6884686946868896,-325,-507
0.6961276531219482,-328,-508
0.7014150619506836,-331,-507
0.7078659534454346,-334,-508
0.7141954898834229,-337,-508
0.7200007438659668,-340,-506
0.726555347442627,-343,-509
0.7320842742919922,-347,-508
0.7382941246032715,-350,-507
0.7459001541137695,-353,-504
0.75130295753479,-356,-506
0.7575109004974365,-360,-503
0.7640469074249268,-362,-509
0.7694797515869141,-366,-510
0.7763495445251465,-369,-511
0.7818918228149414,-372,-509
0.7881176471710205,-375,-507
0.7954614162445068,-379,-506
0.8011898994445801,-382,-509
0.8074431419372559,-385,-507
0.8139581680297852,-388,-509
0.8193838596343994,-391,-511
0.8260385990142822,-394,-508
0.8313672542572021,-397,-508
0.838026762008667,-400,-507
0.845329999923706,-404,-507
0.8510534763336182,-409,-507
0.8641717433929443,-414,-510
0.8699634075164795,-416,-510
0.8765912055969238,-420,-509
0.8821449279785156,-424,-509
0.888505220413208,-426,-508
0.8962841033935547,-430,-502
0.901561975479126,-432,-503
0.9080567359924316,-436,-509
0.9145307540893555,-439,-509
0.9199807643890381,-442,-509
0.9265964031219482,-445,-508
0.9335818290710449,-449,-506
0.9392507076263428,-452,-505
0.9467236995697021,-455,-506
0.9522485733032227,-459,-508
0.9586405754089355,-462,-506
0.9651381969451904,-465,-509
0.9708397388458252,-468,-509
0.977055549621582,-471,-505
0.9825878143310547,-474,-505
0.9890005588531494,-477,-506
0.996563196182251,-480,-503
1.0021460056304932,-484,-507
