0.01473855972290039,-10,-524
0.031955718994140625,-22,-567
0.048636674880981445,-29,-617
0.05975961685180664,-40,-666
0.07376718521118164,-48,-698
0.08494353294372559,-54,-710
0.09116077423095703,-58,-724
0.0976419448852539,-63,-733
0.10334062576293945,-67,-747
0.1095890998840332,-72,-761
0.11591434478759766,-76,-768
0.12172365188598633,-81,-775
0.12840557098388672,-86,-783
0.13475275039672852,-92,-793
0.1410198211669922,-97,-801
0.147536039352417,-102,-804
0.15320444107055664,-107,-809
0.15948009490966797,-112,-817
0.1650092601776123,-117,-821
0.1712017059326172,-122,-824
0.17788362503051758,-127,-831
0.18353843688964844,-134,-830
0.1909172534942627,-137,-836
0.19743132591247559,-144,-843
0.20302486419677734,-149,-845
0.20933318138122559,-154,-846
0.21494340896606445,-159,-850
0.22114968299865723,-164,-853
0.2276604175567627,-169,-857
0.23334908485412598,-174,-857
0.24071455001831055,-180,-860
0.24726438522338867,-185,-862
0.2528421878814697,-192,-865
0.25916075706481934,-195,-868
0.2646939754486084,-202,-866
0.2709197998046875,-206,-866
0.2774643898010254,-212,-869
0.2830467224121094,-218,-868
0.2903299331665039,-223,-868
0.29701948165893555,-228,-868
0.3025975227355957,-235,-870
0.3090095520019531,-238,-874
0.31453800201416016,-246,-873
0.32094597816467285,-249,-873
0.3274848461151123,-256,-872
0.33320093154907227,-261,-875
0.34046268463134766,-266,-877
0.34705305099487305,-272,-876
0.352586030960083,-279,-875
0.35915493965148926,-282,-877
0.3664085865020752,-290,-874
0.37186169624328613,-294,-875
0.3785700798034668,-300,-875
0.3838489055633545,-305,-879
0.39113521575927734,-312,-880
0.3976585865020752,-318,-876
0.40332794189453125,-323,-876
0.40954089164733887,-328,-878
0.41544079780578613,-333,-878
0.42717790603637695,-346,-881
0.43486714363098145,-351,-879
0.44257664680480957,-358,-883
0.44930243492126465,-363,-879
0.4548354148864746,-368,-879
0.46121716499328613,-374,-877
0.4677131175994873,-379,-880
0.4734225273132324,-384,-882
0.47982192039489746,-390,-879
0.4863266944885254,-395,-881
0.4929463863372803,-402,-877
0.49927783012390137,-407,-884
0.5048105716705322,-412,-882
0.511038064956665,-418,-877
0.5175533294677734,-423,-877
0.5232481956481934,-428,-881
0.5294811725616455,-434,-884
0.5349991321563721,-439,-882
0.5425522327423096,-446,-878
0.5489835739135742,-450,-878
0.5545270442962646,-456,-882
0.5607602596282959,-460,-880
0.5673303604125977,-467,-881
0.5729150772094727,-472,-881
0.5793583393096924,-478,-881
0.5848567485809326,-483,-884
0.5922646522521973,-488,-881
0.5989339351654053,-494,-882
0.6044423580169678,-499,-880
0.610684871673584,-504,-882
0.6172714233398438,-510,-883
0.6228387355804443,-516,-880
0.6291627883911133,-520,-882
0.6346907615661621,-527,-882
0.6409311294555664,-532,-885
0.6485741138458252,-538,-883
0.653872013092041,-543,-879
0.660496711730957,-548,-881
0.6669785976409912,-554,-883
0.6724288463592529,-560,-884
0.6789186000823975,-564,-877
0.6844580173492432,-571,-878
0.6907157897949219,-576,-881
0.6979982852935791,-582,-878
0.7036769390106201,-587,-881
0.7102959156036377,-592,-881
0.7166035175323486,-598,-880
0.7224142551422119,-603,-880
0.7289261817932129,-608,-882
0.7345156669616699,-615,-877
0.7407469749450684,-620,-882
0.7479801177978516,-626,-882
0.7536680698394775,-631,-883
0.7599451541900635,-636,-879
0.7665045261383057,-642,-880
0.7719194889068604,-647,-881
0.7788140773773193,-652,-883
0.7843616008758545,-657,-878
0.7906248569488525,-664,-882
0.7979555130004883,-670,-882
0.8036248683929443,-675,-884
0.8098607063293457,-680,-883
0.8163759708404541,-686,-878
0.8218188285827637,-696,-884
0.8339762687683105,-703,-879
0.8407549858093262,-707,-881
0.8485915660858154,-714,-881
0.8539059162139893,-719,-883
0.8605451583862305,-724,-880
0.8670344352722168,-730,-883
0.8724634647369385,-737,-879
0.8789353370666504,-740,-882
0.8845036029815674,-748,-885
0.8907468318939209,-752,-878
0.8991944789886475,-760,-880
0.904796838760376,-765,-885
0.9110281467437744,-768,-884
0.9175221920013428,-776,-884
0.9231956005096436,-781,-881
0.9294776916503906,-786,-878
0.9350037574768066,-792,-881
0.9411978721618652,-797,-886
0.948899507522583,-802,-879
0.9544475078582764,-809,-879
0.9608840942382812,-812,-884
0.967555046081543,-820,-883
0.973273754119873,-825,-881
0.9794740676879883,-830,-882
0.9850201606750488,-836,-882
0.9912340641021729,-841,-888
0.998974084854126,-846,-886
1.0045230388641357,-853,-882
