0.013348579406738281,-8,-388
0.027574777603149414,-13,-391
0.04021430015563965,-19,-435
0.05297565460205078,-26,-482
0.06572628021240234,-31,-511
0.0779578685760498,-38,-521
0.08349466323852539,-41,-544
0.08969283103942871,-44,-556
0.0962526798248291,-48,-564
0.10197281837463379,-51,-577
0.1082303524017334,-54,-585
0.11450004577636719,-58,-588
0.12035799026489258,-62,-596
0.12780356407165527,-66,-603
0.13337421417236328,-70,-615
0.13963603973388672,-74,-620
0.14615678787231445,-78,-622
0.15193724632263184,-82,-626
0.15815114974975586,-86,-632
0.16451168060302734,-90,-635
0.17034530639648438,-94,-641
0.1779334545135498,-98,-648
0.18356060981750488,-102,-647
0.18977856636047363,-106,-650
0.19631409645080566,-110,-652
0.2020282745361328,-114,-659
0.20836853981018066,-118,-662
0.21492433547973633,-122,-664
0.22037148475646973,-126,-663
0.22698211669921875,-132,-663
0.23339557647705078,-138,-671
0.24741864204406738,-144,-674
0.2529764175415039,-149,-672
0.2593696117401123,-152,-673
0.2660868167877197,-157,-675
0.2717742919921875,-161,-677
0.2780294418334961,-166,-678
0.2855679988861084,-170,-677
0.29114532470703125,-175,-679
0.29773688316345215,-178,-675
0.30329084396362305,-183,-676
0.3095057010650635,-186,-679
0.31603384017944336,-191,-683
0.32173800468444824,-195,-685
0.32794737815856934,-200,-684
0.3354799747467041,-204,-683
0.3409607410430908,-208,-680
0.3475193977355957,-212,-684
0.3530702590942383,-217,-688
0.359466552734375,-220,-684
0.36596012115478516,-226,-684
0.37151527404785156,-230,-683
0.3778393268585205,-234,-686
0.3852076530456543,-238,-686
0.3906092643737793,-242,-687
0.39728307723999023,-246,-684
0.40258026123046875,-250,-685
0.409060001373291,-254,-684
0.415722131729126,-258,-689
0.4212760925292969,-264,-692
0.4278275966644287,-268,-691
0.4351937770843506,-272,-685
0.44060540199279785,-276,-685
0.44730305671691895,-280,-690
0.4526057243347168,-284,-688
0.45905065536499023,-289,-693
0.4655630588531494,-293,-683
0.4710421562194824,-297,-686
0.4776597023010254,-301,-684
0.4849686622619629,-306,-691
0.4904451370239258,-311,-689
0.4971635341644287,-315,-687
0.5024642944335938,-319,-686
0.5089514255523682,-323,-687
0.5152771472930908,-327,-684
0.5209341049194336,-331,-689
0.5273747444152832,-336,-692
0.5340125560760498,-341,-689
0.5402235984802246,-345,-685
0.5465419292449951,-349,-684
0.5522449016571045,-353,-686
0.5589039325714111,-358,-690
0.565230131149292,-362,-690
0.5708601474761963,-366,-688
0.5773677825927734,-370,-685
0.5835068225860596,-375,-687
0.5897464752197266,-380,-688
0.5964264869689941,-384,-688
0.6020886898040771,-388,-686
0.6083600521087646,-392,-687
0.6149039268493652,-396,-686
0.6203312873840332,-400,-684
0.6269321441650391,-404,-690
0.6323208808898926,-410,-685
0.6462070941925049,-418,-683
0.6519427299499512,-422,-684
0.6584274768829346,-426,-689
0.664971113204956,-430,-692
0.670569658279419,-434,-688
0.6818954944610596,-442,-688
0.6892764568328857,-447,-684
0.6957964897155762,-451,-688
0.7013919353485107,-456,-685
0.7077486515045166,-459,-686
0.7132952213287354,-465,-685
0.7197232246398926,-469,-683
0.7262496948242188,-473,-688
0.7319784164428711,-477,-689
0.7392237186431885,-481,-689
0.7457528114318848,-485,-687
0.7512903213500977,-491,-683
0.757662296295166,-494,-683
0.7631845474243164,-499,-686
0.7694606781005859,-502,-688
0.7761404514312744,-507,-687
0.7818508148193359,-511,-686
0.7890877723693848,-516,-687
0.7955842018127441,-520,-687
0.8010516166687012,-525,-687
0.8075270652770996,-528,-690
0.81307053565979,-534,-688
0.8194665908813477,-536,-683
0.8259685039520264,-542,-682
0.8315587043762207,-546,-687
0.8390443325042725,-550,-687
0.8455634117126465,-554,-688
0.8510313034057617,-560,-685
0.8575499057769775,-562,-684
0.8631739616394043,-568,-685
0.8694019317626953,-570,-685
0.875920295715332,-576,-685
0.8815243244171143,-580,-686
0.8878178596496582,-584,-686
0.8952324390411377,-588,-683
0.9010369777679443,-592,-689
0.9075145721435547,-596,-690
0.9141025543212891,-602,-687
0.9200847148895264,-606,-683
0.926501989364624,-610,-685
0.9321973323822021,-614,-684
0.9384493827819824,-618,-689
0.9460446834564209,-624,-688
0.9517524242401123,-628,-687
0.9581034183502197,-632,-684
0.963986873626709,-636,-684
0.9700522422790527,-640,-686
0.9764482975006104,-644,-690
0.9821615219116211,-648,-689
0.9884181022644043,-653,-681
0.9960074424743652,-658,-685
1.0016181468963623,-662,-681
