1.4884977340698242,0.9584715710989833,-0.002240725205542721
1.5008790493011475,0.961689250960668,-0.0021150692005037085
1.5129199028015137,0.9641914434652039,-0.0020064840595015124
1.5245161056518555,0.9663347874688234,-0.0018855153606250987
1.5368800163269043,0.9695481086756363,-0.0016761832184856095
1.5476603507995605,0.9727584344486365,-0.0014250626197590773
1.5588734149932861,0.9763185745186697,-0.0010687625379673432
1.5701684951782227,0.9791583061231249,-0.000709715831752589
1.58198881149292,0.9826950916985031,-0.00016870302198867344
1.592803955078125,0.9865687548978214,0.0005274330054920239
1.6043367385864258,0.9897134761616814,0.0012202398303144484
1.6158530712127686,0.9938764670369274,0.0022708276412257413
1.626591682434082,0.997304407092338,0.0032959003425709833
1.6380715370178223,1.0006947263783237,0.004439264766372125
1.6488053798675537,1.0046997991651287,0.005986397517043879
1.6598122119903564,1.0086487946016032,0.00767152742850823
1.6704919338226318,1.011862119596908,0.009245086941551734
1.6821386814117432,1.0172036583126338,0.012154457177652796
1.6981792449951172,1.0208326770673262,0.014448896249386752
1.7089686393737793,1.0246294904818467,0.017135682887315627
1.7206273078918457,1.027448234671932,0.019339368041188725
1.7323362827301025,1.0309849530374802,0.022360334400690584
1.7437188625335693,1.034345821789993,0.02557579327475979
1.7546560764312744,1.037031800926122,0.028452490692075248
1.7653777599334717,1.040040403429895,0.031999732651222974
1.7761104106903076,1.0421972777489865,0.034854455096257425
1.7880070209503174,1.0450407886458013,0.038978224977094966
1.798553705215454,1.0470742525724126,0.04234792769538919
1.8090522289276123,1.0492847932665343,0.046440374931711166
1.8201677799224854,1.0511091816668683,0.05032699746812173
1.8313264846801758,1.0528638999047932,0.054634616119759866
1.8427324295043945,1.0543730976567522,0.059034268002344355
1.854224443435669,1.05553514197162,0.0631675331506383
1.8647656440734863,1.0563230273577457,0.06665763109838435
1.8757455348968506,1.057213190312364,0.07158699638862645
1.8877592086791992,1.057802604012909,0.07656129269463968
1.898329257965088,1.058048168805773,0.08084777443475165
1.9088783264160156,1.058068567927649,0.08478343903254765
1.9203569889068604,1.0578708422057141,0.0894305369528977
1.931302547454834,1.057446897455334,0.093703065317279
1.9427249431610107,1.0565860659083512,0.09936265271726219
1.9547533988952637,1.0556476929353693,0.10355236439462075
1.9658308029174805,1.0543963916409724,0.10803219247313862
1.9769549369812012,1.0531256805720401,0.11175713077193107
1.9887092113494873,1.0512841731997464,0.11641544407700133
2.0003042221069336,1.049163397300908,0.12095343282063263
2.011735677719116,1.0466002951743518,0.12566872585378966
2.0242390632629395,1.0437755608691865,0.1302320970862155
2.0350587368011475,1.0404930114824356,0.13492217491220834
2.0474536418914795,1.0376313226696652,0.13858896529090778
2.0582661628723145,1.034166790321344,0.14268780616451104
2.0706822872161865,1.0297795248900155,0.1474025611454893
2.082435131072998,1.025191975594435,0.15192267220122604
2.1000051498413086,1.0177576551310992,0.15863795389673793
2.1115212440490723,1.0122050996352412,0.16315185639142882
2.1237258911132812,1.0062140175471526,0.16768636385941238
2.1354007720947266,1.0003797702356176,0.1718297618096448
2.1481194496154785,0.9938456860421488,0.17621897945686815
2.1589739322662354,0.986936026829748,0.18068852009886618
2.1704301834106445,0.9814538948220118,0.18406834866631294
2.1816956996917725,0.9744117532461815,0.18832609760301047
2.1946916580200195,0.9666976880191008,0.19285410675032783
2.205772638320923,0.9602014387794433,0.1966294965818131
2.2168309688568115,0.9536566205257392,0.20032004892386118
2.2284414768218994,0.9468169763310043,0.20421604110704952
2.2405054569244385,0.9386941279765018,0.2087501113292169
2.2519116401672363,0.9318544837817678,0.21264610351240468
2.263308525085449,0.9243564699160722,0.21683139910209803
2.2806029319763184,0.9137342836063378,0.22276056785416307
2.297814130783081,0.9025978563383547,0.2292326647081372
2.3280928134918213,0.883944281261805,0.2398580979350141
2.3570141792297363,0.8640425768083724,0.2518908666691584
2.390657424926758,0.8445152790341983,0.26452217717915155
2.4120192527770996,0.8336231075898032,0.2720463901324637
2.4229135513305664,0.8264675227160967,0.27741363097679406
2.4357028007507324,0.8196657787186137,0.28265511833211165
2.4514095783233643,0.8109989558403202,0.289576754591386
2.472398281097412,0.798364231389287,0.3001240041842597
2.4860997200012207,0.7896388289301146,0.3075371812283355
2.5020217895507812,0.781248703203333,0.3147917423865454
2.5148823261260986,0.7736094871465806,0.32181337957938
2.5268101692199707,0.7673635151972457,0.3277061501935641
2.538421154022217,0.7612207028435507,0.3337063808133455
2.549880266189575,0.7543100389456451,0.34045664026059846
2.561908483505249,0.7476835788520292,0.34698568956332887
2.572835922241211,0.7411139987048514,0.35357196885133496
2.5858452320098877,0.7346017927572628,0.36021498261512913
2.5969738960266113,0.7283400562691964,0.36660249584954685
2.6082613468170166,0.7226562012828088,0.372553460181124
2.620372772216797,0.7157053716398472,0.37976803544763665
2.632040500640869,0.7094992737443463,0.38620962050702257
2.6429028511047363,0.7028269222385876,0.393195535157134
2.65502667427063,0.697117312174726,0.3991217934117697
2.6676323413848877,0.6900160637613483,0.40668706153663414
2.6785287857055664,0.684554697613308,0.41235565638889315
2.689675807952881,0.6781003558019866,0.4190549048506549
2.7006425857543945,0.6721425018223045,0.4252388265076665
2.711822271347046,0.6646951843477035,0.43296872857892926
2.7245917320251465,0.6589343867786825,0.4388452407545935
2.736926555633545,0.6525900769994796,0.4451507464909619
2.7479891777038574,0.6463283405114132,0.45153825972537975
2.7587711811065674,0.6402378031233787,0.4575915452322929
2.7709972858428955,0.633948423738653,0.4639518420902101
2.782130718231201,0.6278841959104888,0.47003148450990806
2.7942168712615967,0.6209443220371866,0.47675170985863546
2.805063009262085,0.6142334780992467,0.48319399453182593
2.8174517154693604,0.6082969623079941,0.4888929386658
2.8282952308654785,0.6021281855317238,0.4948664723091152
2.8400914669036865,0.5950727824992289,0.5014653029755367
2.851571798324585,0.5882511962794614,0.5077902076875515
2.8623404502868652,0.5827414535634959,0.5128987845703321
2.874870777130127,0.5753656587500778,0.5196782963427261
2.8860177993774414,0.5687801276666702,0.525731431853791
2.901427745819092,0.5599840085212613,0.5336077974835963
2.9125964641571045,0.5528151995030459,0.5400832476899816
2.925508499145508,0.5453518256826994,0.5467662245879977
2.9363293647766113,0.5391268936918608,0.5521486409311862
2.9481213092803955,0.5323353542745419,0.5579696942301046
2.9589478969573975,0.5250278254157313,0.5642881829808041
2.9716455936431885,0.5179646244217201,0.5703420784116788
2.982593536376953,0.5103018378632378,0.5767954365422042
2.994417667388916,0.5045547479443783,0.5816354551400963
3.0054593086242676,0.49713871402746596,0.5878262320750451
3.0163378715515137,0.49057061126305523,0.5933576819012074
3.028724431991577,0.48279703356885484,0.5996771453937739
3.040736675262451,0.47540791795889026,0.6059000264482087
3.0518734455108643,0.4688638661145112,0.6114599092312654
3.0628280639648438,0.4614478321976007,0.6176506861662128
3.0757641792297363,0.45372935972703465,0.6240373372231255
3.0870537757873535,0.44601088725646854,0.6304239882800381
3.09991717338562,0.4391193939791771,0.6361263552951391
3.110954523086548,0.43197802798511564,0.6420878441954583
3.122913122177124,0.4240706320064903,0.6488060358916523
3.1347625255584717,0.41717913872919876,0.6545084029067532
3.1476433277130127,0.4089990739237256,0.6614582563855734
3.1584858894348145,0.40268171169820943,0.6667318811820099
3.1707606315612793,0.3944715832426936,0.6736461934647149
3.181969404220581,0.38768004382537463,0.6794672467636331
3.19290828704834,0.38031798550044765,0.6857221148945724
3.2047605514526367,0.37352644608312974,0.69154316819349
3.2161178588867188,0.36648956644131175,0.6976276388423122
3.2283003330230713,0.3594001769432353,0.7036508451906228
3.2394838333129883,0.3520381186183082,0.7099057133215619
3.2544994354248047,0.34334494816413924,0.7173566615441781
3.265529155731201,0.3357384240167416,0.7238762412389672
3.28170108795166,0.3259586072558023,0.7322585579894098
3.297713041305542,0.31590712891816974,0.7408737168718095
3.308687925338745,0.30914089849334503,0.7467241694187533
3.320314645767212,0.30213047255678854,0.7528391008458278
3.3343076705932617,0.2937089636793128,0.7600572069364868
3.3453853130340576,0.28613078560350963,0.7666097137890636
3.3562707901000977,0.2801765028296645,0.7717581120303739
3.367560625076294,0.27341027240483995,0.7776085645773179
3.379477024078369,0.26532131940112064,0.784664254685481
3.3922581672668457,0.25798645683041527,0.7909509922483137
3.404578924179077,0.25094957718859817,0.797035462897135
3.4156084060668945,0.2436420483297885,0.8033539516478337
3.4278366565704346,0.23603552418239068,0.8098735313426227
3.440591812133789,0.22788567688160732,0.8168587953013253
3.45241641998291,0.2216841462454233,0.8222681577175829
3.4644083976745605,0.2143220879204962,0.828523025848522
3.4763236045837402,0.20698722534979083,0.8348097634113547
3.4895055294036865,0.19880716054431757,0.8417596168901749
3.5012948513031006,0.19253577752678813,0.8470878378906037
3.5124170780181885,0.1860158996861625,0.8526760490575649
3.5243911743164062,0.1786267840761971,0.8588989301120005
3.536729097366333,0.17171062521139638,0.8645713560236086
3.548431634902954,0.1654624089474623,0.8699267250586142
3.5618176460266113,0.15777170710770358,0.8763467900281888
3.573697090148926,0.15140884095208704,0.8815654218668681
3.5860304832458496,0.1450234021318507,0.8867564097357623
3.5974202156066895,0.13949047504001,0.891294350465049
3.6082589626312256,0.1337224486601893,0.8961093991922316
3.6194822788238525,0.1278922653895387,0.9008489968116566
3.6318199634552,0.12204158195160354,0.9055632651400899
3.642831563949585,0.11645008332044562,0.9100288369202676
3.6554315090179443,0.11085858468928952,0.9144944087004439
3.666555881500244,0.1063853857843641,0.9180668661245853
3.6777424812316895,0.10107346208476356,0.9223091593157544
3.690119743347168,0.09462102756028717,0.9274166315564359
3.706835985183716,0.08920052471868324,0.9315192811703257
3.718111276626587,0.08499241524619885,0.9348502413272919
3.7303552627563477,0.08020689731298447,0.9386046106662306
3.741645097732544,0.07625251074143723,0.9416793235135035
3.7528607845306396,0.07201566798620937,0.9449736587070091
3.765411853790283,0.06807465321767875,0.9480654922802536
3.7762606143951416,0.06495718721883242,0.9504678406514409
3.7884252071380615,0.06128525683096847,0.9533229311524789
3.7996413707733154,0.05788438483222653,0.9559436748301381
3.8109548091888428,0.05476691883337929,0.958346023201326
3.822167158126831,0.051942356996560746,0.9605422466636631
3.8349249362945557,0.0485528827923774,0.9631777148184685
3.8460841178894043,0.04601077713924127,0.9651543159345715
3.8574421405792236,0.04346012314018432,0.9671198736928162
3.8689253330230713,0.040918017487047265,0.9690964748089198
3.8804056644439697,0.03865076948788597,0.9708436372606926
