6.110541343688965,-0.9719101132405706,0.033777386169474025
6.123711109161377,-0.9737652527408569,0.031597604630633484
6.136986494064331,-0.9758309361794075,0.029127340463466073
6.148670434951782,-0.9776575591214296,0.026923607550826473
6.1599366664886475,-0.9796909289246972,0.02442667736216267
6.171791315078735,-0.9816696805140986,0.02188624525888915
6.182363271713257,-0.9836152129221402,0.019320284079693557
6.193720102310181,-0.985924526114696,0.0161332879188527
6.20476222038269,-0.9875328989669888,0.013765561817592996
6.216227769851685,-0.9894656790540833,0.010754597154654783
6.227993965148926,-0.99165828589124,0.00706316070884247
6.238571405410767,-0.9933776513035714,0.003925433881119836
6.249481916427612,-0.9953090380918986,9.085791372885404e-05
6.260370969772339,-0.9966315295641854,-0.0028451716211400015
6.272351980209351,-0.9982407488419186,-0.006825704385981849
6.283736944198608,-0.999795472352523,-0.011209475519153852
6.29486870765686,-1.0008292441181335,-0.014634802219363146
6.305850267410278,-1.0019788263567029,-0.019141805128082227
6.317403316497803,-1.0029121726846588,-0.023698501209074203
6.32901668548584,-1.0035721603911538,-0.0279409820874145
6.340126276016235,-1.003937497302887,-0.031500206161208355
6.351012468338013,-1.0041692481014255,-0.035429094492261504
6.361840009689331,-1.004225410992168,-0.04043787458127622
6.374186754226685,-1.0040647597949148,-0.04437031188444086
6.385447263717651,-1.0035785944571174,-0.04935575825510245
6.396703004837036,-1.0030158934434026,-0.05288915812430836
6.4079976081848145,-1.0020143850280179,-0.057797112193400745
6.419025421142578,-1.0009022655412105,-0.06194408916739894
6.43189263343811,-0.999354873999889,-0.06670818526931219
6.442897796630859,-0.9976522260949946,-0.07103664973773585
6.454904794692993,-0.9958579033516025,-0.07493724375254356
6.466060161590576,-0.9934057201148064,-0.0797111602026815
6.482433080673218,-0.9894203540296639,-0.08649911607830507
6.498152494430542,-0.985327095264976,-0.09236864936055726
6.520641326904297,-0.9778589196992071,-0.10197136969429751
6.538247585296631,-0.9724566077065633,-0.10769627256999363
6.55302357673645,-0.9657847281024242,-0.11417890172163125
6.568739414215088,-0.958838066280435,-0.12036617476399056
6.582854747772217,-0.9521841766373225,-0.12579412683825855
6.594710826873779,-0.9465234571748192,-0.13017161966326285
6.605837345123291,-0.9408249818153563,-0.1344998487287974
6.616985082626343,-0.935015822266389,-0.13867834769383278
6.629976749420166,-0.9277093424423362,-0.1438382916612177
6.642260313034058,-0.920886030349783,-0.14843857383404202
6.654195308685303,-0.9140034448534411,-0.15294969352515106
6.665349960327148,-0.9071013599648244,-0.15743092194739383
6.677611827850342,-0.8998789726989708,-0.16207570754904058
6.6887123584747314,-0.893258451038603,-0.16633342768388457
6.700178146362305,-0.8866751083899287,-0.1706484117362494
6.711535930633545,-0.879452721124074,-0.17529319733789678
6.72239089012146,-0.8734340650691943,-0.17916385200593687
6.735703945159912,-0.8650079465923647,-0.18458276854119174
6.746919870376587,-0.8584246039436875,-0.18889775259355848
6.758079290390015,-0.8516213068226737,-0.19352758328864383
6.768921375274658,-0.8450946604732755,-0.19792785319308417
6.7814109325408936,-0.8380590229436928,-0.2028509330883914
6.792234897613525,-0.8319404351136913,-0.20721186252258006
6.804202079772949,-0.8243885277000339,-0.2126439111771262
6.815457344055176,-0.8174612898663712,-0.21771838524830864
6.826581954956055,-0.810338195667043,-0.22312867158022676
6.839009523391724,-0.803522614678476,-0.22835215383745266
6.850458860397339,-0.7979193266830251,-0.23280292364796634
6.8617541790008545,-0.7909637356783266,-0.2384269278212597
6.873040676116943,-0.7840819031830741,-0.24414095010622955
6.885911703109741,-0.7772749941144219,-0.24994402326593937
6.897059440612793,-0.7710826273795165,-0.2553638736515519
6.91215443611145,-0.7628967485545549,-0.26284814082826713
6.924243688583374,-0.756321471469514,-0.2689124132842819
6.937593460083008,-0.749046149983458,-0.27579963524064294
6.948509454727173,-0.743219211298928,-0.28161057058262495
6.959832191467285,-0.7363493722337867,-0.2884023736815157
6.970783233642578,-0.7303219105136742,-0.294518468539826
6.982852935791016,-0.7234147059248794,-0.3017748211890695
6.994889974594116,-0.7174942448487704,-0.3079945520312772
7.006052017211914,-0.7116825660534923,-0.3143160471616847
7.017510890960693,-0.7055718466714423,-0.32084818140706917
7.02838134765625,-0.6997876380025516,-0.3271948215558377
7.0410685539245605,-0.6927983858609739,-0.33486367840226794
7.052326440811157,-0.6870972382476451,-0.34128503550137457
7.064321994781494,-0.6808608893515004,-0.3481876734475054
7.07554292678833,-0.6743846808824281,-0.355355797468486
7.0877556800842285,-0.6679396205044742,-0.3625519405215091
7.098606586456299,-0.6629025694729723,-0.3681271480933845
7.110156536102295,-0.6562188031550937,-0.37558981496318655
7.121568918228149,-0.6502511546569891,-0.3822529103826514
7.134223461151123,-0.6437749461879162,-0.38942103440363307
7.146850824356079,-0.6370911798700376,-0.39688370127343514
7.159985780715942,-0.6301687076122352,-0.4046128919600156
7.171570777893066,-0.6241722182890195,-0.4112500438312948
7.182390451431274,-0.617664983536517,-0.41839001399866016
7.195043563842773,-0.6111268448918293,-0.4255016960203682
7.206299304962158,-0.6057743919134531,-0.4312732413001254
7.217646360397339,-0.59944876566628,-0.4380941584489306
7.228712320327759,-0.593609726053504,-0.444390389663213
7.2417356967926025,-0.5865542198547344,-0.4519983357138031
7.2527735233306885,-0.5798937011441103,-0.45899553291128814
7.264684438705444,-0.5741941290920393,-0.4649314458490946
7.279642343521118,-0.5660534951123892,-0.4734835757571304
7.307061195373535,-0.5500511474917685,-0.48986271610313886
7.329068899154663,-0.537838100264851,-0.5019370327233889
7.354855298995972,-0.5232077701201439,-0.5166542839332847
7.3759870529174805,-0.5117580383449076,-0.5279739557647701
7.390401124954224,-0.5044827168588525,-0.5348611777211304
7.401724815368652,-0.49752509605067136,-0.5415630275258193
7.412910223007202,-0.49053847565477904,-0.5482346400414518
7.438264846801758,-0.475987832682667,-0.562009083954174
7.452817440032959,-0.4670097720359343,-0.5702176350512169
7.464857816696167,-0.46072281333099785,-0.5760666573067442
7.4761857986450195,-0.45422699057559035,-0.582215962624924
7.488405704498291,-0.4471827657705347,-0.5888267246846948
7.500521183013916,-0.4395860240020706,-0.595894293243456
7.51182746887207,-0.4328026964120174,-0.6022602122639755
7.524992227554321,-0.42438634174316436,-0.6100224810076753
7.5378639698028564,-0.4172850424913183,-0.616571895260173
7.549476146697998,-0.41021221394826407,-0.6231520452976417
7.560508728027344,-0.40389994794662526,-0.6289737468554154
7.571815490722656,-0.39711662035657214,-0.635339665875935
7.584585428237915,-0.38975231002132654,-0.6421316510266714
7.595928430557251,-0.3826510107694805,-0.648681065279169
7.607065439224243,-0.3763640520645431,-0.6545300875346971
7.618159532546997,-0.36960839639892057,-0.660925365065603
7.629064083099365,-0.3625355678558646,-0.6675055151030733
7.641725540161133,-0.355171257520619,-0.6742975002538096
7.654444932937622,-0.3480699582687747,-0.6808469145063057
7.667010545730591,-0.34021125988760376,-0.6881581923257154
7.678165435791016,-0.3337154371321971,-0.6943074976438944
7.690196752548218,-0.3264103151121388,-0.7011631027429163
7.701543092727661,-0.3191051930920822,-0.7080187078419364
7.7177345752716064,-0.30971289335200725,-0.7168330572549645
7.7287445068359375,-0.302929565761955,-0.7231989762754834
7.741518259048462,-0.29516665421096216,-0.730611879070632
7.753003120422363,-0.2881224294059091,-0.7372226411304004
7.764793634414673,-0.2818864395607184,-0.7431259742358527
7.776093244552612,-0.27544419807166104,-0.7493313907216764
7.788147449493408,-0.2681390760516037,-0.7561869958206975
7.79902195930481,-0.26083395403154647,-0.7630426009197186
7.8104023933410645,-0.2548333180864991,-0.7686739908224862
7.821736097335815,-0.24781782951066078,-0.775315240566119
7.8330042362213135,-0.24083120911476846,-0.7819868530817515
7.845760345458984,-0.23355588762871243,-0.7888740750381126
7.857824802398682,-0.2265403990528724,-0.7955153247817469
7.871646165847778,-0.21819168817280674,-0.8033503020377711
7.882675647735596,-0.21114746336775198,-0.8099610640975411
7.895742416381836,-0.20439180770212867,-0.8163563416284478
7.906888484954834,-0.19789598494672211,-0.822505646946627
7.918127059936523,-0.19142689198756183,-0.8286830659425838
7.929044008255005,-0.18493106923215602,-0.834832371260762
7.941684246063232,-0.17814774164210198,-0.8411982902812823
7.952930212020874,-0.17136441405204889,-0.847564209301802
7.965512037277222,-0.16484198367699726,-0.8536852852830711
7.976845979690552,-0.15907893819747151,-0.8590468890173052
7.988002061843872,-0.1525831154420658,-0.8651961943354836
8.000310182571411,-0.14684337671202013,-0.8705827411990008
8.011844158172607,-0.14053111071038055,-0.8764044427567754
8.022876024246216,-0.1347448668755434,-0.8817410025180695
8.03479528427124,-0.12948464520751055,-0.8865924204828816
8.047311544418335,-0.1237449064774666,-0.8919789673463973
8.058193445205688,-0.11822167372603078,-0.8970729562094512
8.070374250411987,-0.11324449808462345,-0.9017034321617429
8.08177900314331,-0.1076772896294659,-0.9067493228244757
8.094600677490234,-0.10262053965347459,-0.9112927647565904
8.105781078338623,-0.09599291054019173,-0.9172997774503201
8.122026681900024,-0.09093616056419955,-0.9218432193824355
8.134226083755493,-0.08666129175066807,-0.9256507720238871
8.14741563796997,-0.08158488503459803,-0.9301722407856123
8.158341646194458,-0.07785885873649907,-0.9335200401040127
8.172104358673096,-0.07303109960076143,-0.9377826395718112
8.184530973434448,-0.06900796698764808,-0.9413348057949752
8.196687936782837,-0.06470023360684408,-0.9451051364980103
8.207892179489136,-0.06146943357124197,-0.9479328845252859
8.218750476837158,-0.05823863353563981,-0.9507606325525615
8.230161905288696,-0.05554630017263643,-0.9531170892419593
8.241735935211182,-0.052019827659927007,-0.9561500096430829
8.254712104797363,-0.04904704721353012,-0.9587292437092426
8.266211032867432,-0.04606310893354611,-0.961295560971731
8.277661085128784,-0.04306806894333901,-0.9638489131620034
8.288479089736938,-0.040881825039153226,-0.96569643250263
8.300715446472168,-0.03842230064694191,-0.967774891760837
8.31444001197815,-0.035971813382227984,-0.9698639980983318
