6.499116659164429,0.9662210021812576,0.02439280311632682
6.511827707290649,0.9679528116396733,0.023124184598531175
6.524638652801514,0.970550525827297,0.02122125682183755
6.5370934009552,0.9731564683265456,0.01932961287687656
6.548964738845825,0.9757868010632047,0.017472033048617976
6.56161093711853,0.978146159042247,0.015851409696536513
6.573992967605591,0.9814284426589194,0.01367966242527583
6.585149526596069,0.9841666446591085,0.011985111472941342
6.599742889404297,0.988173967873459,0.009623761181650318
6.611166477203369,0.9910230709771469,0.008123139767553548
6.623228549957275,0.9955238211669067,0.005924440156466202
6.634997844696045,0.9988037092231867,0.004494796352993611
6.646186590194702,1.0028102530618062,0.0029514771232057825
6.65781831741333,1.006867920478611,0.0015480659538020833
6.670230865478516,1.0109930983126663,0.00035763090171727274
6.681721925735474,1.0155137514197925,-0.0007370425781311472
6.698321342468262,1.0211355511540934,-0.0018174722323657314
6.710371971130371,1.0253979374029893,-0.002333506379521016
6.72289514541626,1.0303953062139473,-0.0026760515848274348
6.734499931335449,1.034688239111166,-0.0027464427475154796
6.746051549911499,1.0393365866510156,-0.0025806727525793643
6.757856369018555,1.0439682073709018,-0.0021532338100753116
6.770278215408325,1.0482145232604818,-0.0015183880479305524
6.782488584518433,1.053824580184392,-0.0003785539368345518
6.798672199249268,1.0600317974796234,0.001338264616583736
6.814772129058838,1.0657498686526565,0.0034119408406892314
6.832141399383545,1.071952575268584,0.006194029183448348
6.846832275390625,1.0773039312373658,0.009085302314385004
6.862631320953369,1.0827291808132704,0.012555702800601205
6.878873586654663,1.08729637166163,0.016007184836624166
6.890120267868042,1.0910736533843723,0.019297044261804713
6.901602745056152,1.0941342499983684,0.022308186261480793
6.913136005401611,1.0980006714448511,0.026529885645438345
6.925847291946411,1.1008967528357203,0.030169573423244115
6.937135934829712,1.1035831378410728,0.03396667101817893
6.949012994766235,1.1058614318400317,0.03760584733022065
6.960261344909668,1.1082949852038664,0.04198407188770757
6.971717834472656,1.1104583880277477,0.046501894424287475
6.9839372634887695,1.1123436674431617,0.05114266524132087
6.9955854415893555,1.1138295749803064,0.05555023751338841
7.006836175918579,1.1151597707882073,0.0603794829371638
7.019131660461426,1.115972757918404,0.06423031711648754
7.031692743301392,1.1167725718831774,0.06917514571535385
7.042711019515991,1.1172708647789416,0.07415939454947498
7.054403781890869,1.1174658002284417,0.07916469498211046
7.065808534622192,1.1173566598288491,0.08417260079428279
7.078669309616089,1.1169438457993188,0.08916465616531281
7.0936503410339355,1.1160246034127779,0.0955389801240059
7.106302499771118,1.1149251820788746,0.10042593264894116
7.1196839809417725,1.113332118216838,0.10592448773385231
7.1326072216033936,1.1116079577831264,0.11062749773269728
7.144425630569458,1.1096016004404776,0.11521722130433117
7.156089782714844,1.1074833803024944,0.11935820645155033
7.168328285217285,1.104773922003723,0.12399095041457346
7.181886672973633,1.1014122214981517,0.12906001746217974
7.193122863769531,1.0979448180185396,0.1336151325649966
7.204990863800049,1.0949388428687277,0.1371646012493436
7.2169578075408936,1.0903464069215616,0.14217689782689788
7.230169773101807,1.0857350155900045,0.14667268279537915
7.242124319076538,1.0806662684573876,0.15120273659371178
7.2537031173706055,1.075700486925495,0.15530371529069234
7.265787601470947,1.0700282112598165,0.15966622340400333
7.278830289840698,1.063626003352389,0.1642456580538382
7.2903149127960205,1.0577344738704921,0.16830719330914407
7.302259922027588,1.0514041596293329,0.17235465475696438
7.314142942428589,1.044376470341694,0.17663621606779287
7.3262574672698975,1.0366777760489532,0.18119031041824094
7.339983701705933,1.02915773164266,0.18533589158746402
7.3523383140563965,1.0216376872363655,0.18948147275668772
7.364035367965698,1.0140819683952058,0.19356167175876784
7.377105474472046,1.0055422904590732,0.19807799535901757
7.390247821807861,0.9979341266249765,0.20205954708878499
7.402203321456909,0.9903259627908819,0.20604109881855132
7.414209842681885,0.9827177989567852,0.21002265054831873
7.426337957382202,0.9751096351226903,0.2140042022780852
7.439709663391113,0.9662740682214513,0.21872616019142807
7.451216459274292,0.959050197063666,0.22266771692420576
7.462672472000122,0.9525018683786617,0.22635203694241457
7.4746339321136475,0.9447253342074386,0.23077189954770613
7.487118244171143,0.9357268746862415,0.23593801385876528
7.502967119216919,0.9267509045298791,0.24114310469194894
7.515068531036377,0.9191527652150773,0.245863056822923
7.526927471160889,0.9113152332974502,0.25087419956784424
7.540650844573975,0.9041209820332934,0.2555624465591437
7.55310320854187,0.8955275045555511,0.26137735461250966
7.5650248527526855,0.8887725658478782,0.2660774596153325
7.576428413391113,0.882410319178574,0.2707122525040121
7.589823961257935,0.873734528265886,0.2770324246249391
7.6017327308654785,0.8665971518211312,0.2824238554787767
7.614649295806885,0.8589651931588494,0.2883463959043279
7.62833309173584,0.8511856028729771,0.29465845610568836
7.640991926193237,0.8434060125871042,0.30097051630704924
7.652714490890503,0.8371527008559192,0.30631993462819507
7.664527893066406,0.8297846912474715,0.3125677912626639
7.67618465423584,0.8227684470874609,0.31867604600988236
7.689208507537842,0.8144664093707512,0.32603125076975925
7.700992107391357,0.8080637814137611,0.33175342398870583
7.712681293487549,0.8017613773311195,0.33758580033821667
7.724501132965088,0.7938833722278162,0.3448762707751064
7.738424062728882,0.7865898633680793,0.35174422953405204
7.749978303909302,0.7798173194268948,0.35812161981021623
7.76179575920105,0.7727842930264339,0.36474429432777133
7.773113965988159,0.7657800544125991,0.3713974078511918
7.786070823669434,0.759063080475937,0.37783330089753675
7.7983362674713135,0.7520877613878656,0.38451672829181727
7.809858798980713,0.7450835227740308,0.39116984181523773
7.822088241577148,0.7383665488373686,0.3976057348615827
7.8345396518707275,0.7308745394464754,0.40478423095173754
7.847124814987183,0.7230282262170363,0.4121087986730669
7.859487533569336,0.7165428200931158,0.4182690889725298
7.871001243591309,0.7100307586112083,0.42440119500730217
7.88257908821106,0.7038562978404473,0.43036885328283997
7.899947643280029,0.6933945468678608,0.44013494357794664
7.912147521972656,0.6865944087356801,0.4464829022697656
7.924058437347412,0.6794758148122564,0.4530135146965185
7.936344385147095,0.6717995691991929,0.4599946510021273
7.949490308761597,0.6643009544873242,0.4666380617529856
7.961174964904785,0.6579232030358392,0.4723879484932885
7.973739147186279,0.6505409574856224,0.4791604354543652
7.985680818557739,0.6433101504420359,0.48556658153554877
7.998759746551514,0.6355139605377617,0.4924135103219507
8.010250568389893,0.6288187688307364,0.4983451270637881
8.022217988967896,0.6215052280970164,0.5046566562011098
8.034433126449585,0.6141643838908425,0.5109364081433245
8.047090291976929,0.6057048173033658,0.5181098731680848
8.059227705001831,0.5985836711118969,0.5240955005445171
8.071171760559082,0.5919626290693726,0.5295634721404918
8.082684755325317,0.5854374342194412,0.535145473866904
8.095612525939941,0.5766093781627432,0.5424361026615359
8.107014894485474,0.5691607058649032,0.5485875707070074
8.119144201278687,0.5616854255287924,0.5547066770152529
8.132214546203613,0.5541836777531289,0.560793306495137
8.145585298538208,0.5458191509545921,0.5675200155742759
8.15699028968811,0.5377901461491402,0.5740923890164652
8.169132947921753,0.5299560999135691,0.580336734344888
8.181943655014038,0.5224018410435554,0.5863580673401516
8.194666147232056,0.5142600356888278,0.5927901755789268
8.20626449584961,0.5073139729335844,0.5984259436158561
8.218642234802246,0.498891415670074,0.6050798486904504
8.23586368560791,0.48786747538011305,0.6136346293051341
8.249581575393677,0.47913442906384707,0.6204725214765119
8.263232231140137,0.4698696160739866,0.6277918170585651
8.275163173675537,0.46315471930063906,0.6331441130543568
8.286730289459229,0.4559308140351867,0.6390053118127625
8.315170288085938,0.4371850605429287,0.6539471381343442
8.33154559135437,0.4269411578601105,0.6623325801123104
8.343994617462158,0.4145267040303777,0.6725850268547624
8.377071619033813,0.39500947483379023,0.6882806813727543
8.403149366378784,0.3796158543510807,0.7011061624335532
8.43116021156311,0.36339757562822683,0.7146187228368941
8.448276996612549,0.3527158563410227,0.7235971639015434
8.459847211837769,0.3449637137702417,0.7299429037767607
8.471559762954712,0.3383190201381429,0.7353821093840903
8.489693641662598,0.3253993743758696,0.7461463524172601
8.511624574661255,0.312808942925845,0.7561819074093675
8.52364993095398,0.3048372466044427,0.7628236743872805
8.536152124404907,0.2970576563185704,0.769135734588641
8.550045728683472,0.2881666959918585,0.7763495176759108
8.562403917312622,0.28038710570598613,0.7826615778772712
8.574139833450317,0.27288535793032354,0.7887482073571546
8.585907936096191,0.26535728381163926,0.7948022455283805
8.599013805389404,0.25724345021051237,0.8012696031899609
8.610751867294312,0.24976816987440162,0.8073887094982064
8.62246823310852,0.24287125108010674,0.8130845132440122
8.634369611740112,0.2350643594014711,0.8193627750512095
8.647050857543945,0.22614219748303072,0.8265379314022917
8.659974575042725,0.21861412336434732,0.832591969573517
8.671857595443726,0.21133965185988848,0.838390290235624
8.683598518371582,0.20406518035542998,0.8441886108977303
8.701949119567871,0.19315347309874265,0.8528860918908896
8.713719367980957,0.18585392347036717,0.8586528096222045
8.725810289382935,0.17883512575077554,0.8641977305176997
8.737740755081177,0.17207405763495726,0.8694915825213465
8.751576900482178,0.1644678560046615,0.8754471660254493
8.76284670829773,0.15772981019385302,0.8807702900851249
8.774752378463745,0.1509917643830446,0.8860934141448006
8.786320209503174,0.14537672620737102,0.8905293508611968
8.799694299697876,0.13774476754508982,0.8964518912867477
8.81166934967041,0.1320724918794114,0.9008143994000587
8.82307505607605,0.12531142376359344,0.9061082514037051
8.834999561309814,0.12020637566448289,0.9100345087056849
8.848330020904541,0.11400872989164997,0.9148872063756941
8.859910488128662,0.10862006800925501,0.9190315890833398
8.875683307647705,0.1015061405947207,0.9244539230740288
8.8924081325531,0.09469940979590698,0.9296889328100018
8.90913701057434,0.08727653829336184,0.9352960208979929
8.924834966659546,0.08156663713755763,0.9396091655810632
8.941829919815063,0.0758567359817534,0.9439223102641335
8.959651470184326,0.06929034965257935,0.9488824266496636
8.97148060798645,0.06585321786135595,0.9514554312795787
8.982953548431396,0.062153975605796434,0.9542750449547381
8.994843482971191,0.058728034912314986,0.9568629317645794
9.008284568786621,0.05501659916104286,0.9596664758085746
9.019866228103638,0.05186589501908772,0.9620250633859969
9.031612634658813,0.0490109444411849,0.9641816357275326
9.043197393417358,0.046155993863283465,0.9663382080690671
9.056143999099731,0.04273005316980016,0.9689260948789098
9.068977117538452,0.04044609270748013,0.9706513527521367
