3.9063913822174072,0.0268221021809336,0.9676649246142265
3.9197816848754883,0.02489963379234368,0.969785562588376
3.930994987487793,0.02323363169005951,0.9716556414791728
3.942676544189453,0.02132037830175286,0.9737845969964971
3.9579737186431885,0.018450498219298752,0.9769780302724762
3.9708592891693115,0.01625686550363312,0.9793354077629665
3.9831252098083496,0.01403274833504536,0.981664045979672
3.993851661682129,0.011758662899489125,0.9839439118870533
4.005390405654907,0.009435678459435139,0.9861739335046942
4.017285108566284,0.006249541118003408,0.9890519113742011
4.029318332672119,0.002965489735798352,0.9918176362872817
4.040901184082031,0.00015047918684866829,0.9940260888395983
4.0523340702056885,-0.0027576323564886063,0.996110419503882
4.064295530319214,-0.0066073975793853575,0.9987207685746046
4.075843572616577,-0.009984177882027512,1.0007424576550938
4.086889743804932,-0.013751194681136319,1.0028025091619912
4.097974538803101,-0.017603983367571168,1.0046973039037712
4.110988140106201,-0.021878965984333233,1.0065300990829522
4.123154878616333,-0.026236486509913136,1.008156945545173
4.133981466293335,-0.0310204684551847,1.0096417179175405
4.145259380340576,-0.034488140835690934,1.0105230778485597
4.156758785247803,-0.0390415511690516,1.0114723243278745
4.169775485992432,-0.04364121621594603,1.012163479881151
4.181065559387207,-0.0482725191721507,1.0125943481559796
4.1927759647369385,-0.053278298350159715,1.0127765762313181
4.20375919342041,-0.05721285111088232,1.0126808342678357
4.217437505722046,-0.0636364141074268,1.0122173141225785
4.229595184326172,-0.06752787986321175,1.0116287852600143
4.240892648696899,-0.0727901156684826,1.0105741027346202
4.252639293670654,-0.0779845594173824,1.0092245713199388
4.264974355697632,-0.08275402789926226,1.0076938190046578
4.27670693397522,-0.08844099269367907,1.0055362967105932
4.289412260055542,-0.09367050172972081,1.0032073064288716
4.300723552703857,-0.09879411974617494,1.000653779669318
4.312588214874268,-0.10440094993832189,0.9974851099654826
4.324909210205078,-0.10986512985993352,0.994076334484479
4.336676597595215,-0.11517638380950095,0.9904338636227178
4.347827196121216,-0.12032472367152179,0.9865645472540757
4.365845203399658,-0.12834120016140152,0.9799768985447946
4.377338647842407,-0.13338157727147715,0.9754152997572594
4.390517950057983,-0.13951867463622156,0.9694092239136858
4.4022908210754395,-0.14445622864214827,0.964229769434224
4.41349458694458,-0.14930319356440439,0.9589654442819866
4.426385879516602,-0.1548969199824911,0.9524502976326172
4.43738317489624,-0.16037678880856449,0.9458390988946893
4.4496564865112305,-0.16540539500782922,0.9393250138726249
4.461150884628296,-0.17018829850414993,0.9330733483387829
4.473512649536133,-0.1754367375781364,0.9258301752459681
4.485848903656006,-0.18079664717681335,0.9182268978431823
4.497107028961182,-0.18527598240794957,0.9117542597651516
4.509278059005737,-0.19023778092655697,0.9043117988397092
4.521707534790039,-0.19549149508445213,0.8962049026604036
4.533015012741089,-0.2001926713210962,0.8890190935135306
4.54465651512146,-0.20495914965173298,0.8814500543744251
4.555941581726074,-0.2093140686468967,0.8744675860051729
4.567100286483765,-0.2140805469775364,0.8668985468660638
4.580465793609619,-0.21904988680625484,0.8586142883125353
4.592501163482666,-0.2236843505174296,0.8509637056369721
4.605018615722656,-0.228796646729145,0.8427668949426314
4.622646331787109,-0.23584103157013048,0.8311380092757741
4.637511730194092,-0.2420458867245161,0.8210926810049983
4.653133153915405,-0.24783371031897292,0.8116309705175199
4.6678080558776855,-0.25460264321466614,0.8006724305857634
4.684709548950195,-0.2604314465415157,0.791235910088969
4.7008020877838135,-0.26695843933583985,0.7809702270063978
4.712891101837158,-0.2718229894820444,0.7734638416551807
4.725388765335083,-0.27691593040507784,0.765679215079399
4.736817121505737,-0.2820762008644243,0.7579390557169449
4.747981071472168,-0.28710236602784245,0.7505399116505039
4.765146970748901,-0.29398152752906137,0.7405068153622583
4.777679443359375,-0.29992305288733395,0.7320003891299033
4.789985418319702,-0.3054891128551919,0.7241046779808549
4.8025102615356445,-0.3101077392403053,0.7177306856591714
4.813802719116211,-0.31569596512788045,0.7102936035970224
4.826667547225952,-0.3215658921460883,0.7026211049873125
4.8395609855651855,-0.3276186596377745,0.6946381146520358
4.851029634475708,-0.3327035775622879,0.6881678910327872
4.862573623657227,-0.3384199710427814,0.6808288649566618
4.875120639801025,-0.34419980562508695,0.6735396969402908
4.886674165725708,-0.3500426464714645,0.6663009353739943
4.89940881729126,-0.3559480540039718,0.6591131248558526
4.9108312129974365,-0.36162633047754156,0.6522017685884033
4.922392845153809,-0.36756285503911706,0.6450396366223194
4.934907674789429,-0.3735612781045098,0.6379292654014651
4.946382761001587,-0.37985422032485894,0.6305997254209244
4.957374811172485,-0.3852419024037388,0.6243793503680127
4.992383003234863,-0.40272229746027194,0.6040195170887238
5.018875360488892,-0.41743576790961817,0.5878993634392718
5.045475006103516,-0.4332794694792246,0.5703890090513258
5.070362567901611,-0.44515453353876244,0.5574914124283346
5.099670648574829,-0.46171168356774595,0.5396643453876052
5.122868537902832,-0.47372253685369836,0.5273888801110364
5.147006988525391,-0.48773041503620385,0.5125665451729888
5.1737401485443115,-0.5026523677177764,0.4966391820982347
5.19989013671875,-0.5175460260187785,0.48167920897663186
5.223049163818359,-0.5302226341743049,0.46905612368282584
5.2483298778533936,-0.5447884184917676,0.4537767329684339
5.273420333862305,-0.5586723372469404,0.439830995312701
5.297511100769043,-0.5732381215644072,0.4245516045983065
5.323504209518433,-0.58712204031958,0.41060586694257356
5.352488040924072,-0.6029222131385301,0.39403161260831193
5.375116348266602,-0.6169968534041667,0.37977114216027164
5.4012134075164795,-0.6327970262231135,0.36319688782601334
5.4272072315216064,-0.6457600547800635,0.34887023423587965
5.454689264297485,-0.6614158739869564,0.332159558223026
5.481754302978516,-0.6765824488436348,0.3159710908355732
5.50572657585144,-0.6913951108613989,0.30043272739720456
5.533034324645996,-0.7057140174785675,0.28541230940678336
5.5624566078186035,-0.7211252145103506,0.2689627377066309
5.583933353424072,-0.7348876505671695,0.2548971004105624
5.611901044845581,-0.7522296180373292,0.23732616360851239
5.639624834060669,-0.7667290007174763,0.22198374674280538
5.662832736968994,-0.7790443109499059,0.2095058351007726
5.6853437423706055,-0.7925606846347835,0.19520358209037184
5.711885452270508,-0.8056474899248893,0.18098990417931698
5.73323392868042,-0.8179628001573181,0.16851199253728352
5.757135391235352,-0.8313547196098351,0.1545854134226024
5.780987501144409,-0.8433965798018159,0.14184340619515542
5.807251453399658,-0.8563505417051389,0.12848868030180263
5.834814548492432,-0.8703009622164023,0.11410666780127814
5.859956741333008,-0.8820093508597923,0.10203605016690231
5.883040904998779,-0.8920243675451933,0.09231951932132607
5.909726142883301,-0.9040428498845022,0.08055762079430911
5.934602499008179,-0.9139638304414952,0.07126092867139477
5.965458154678345,-0.9255196189246557,0.060049546926495015
5.990556955337524,-0.9333837287334316,0.05274409002672479
6.013675928115845,-0.9407824290896937,0.045989583232001155
6.039823770523071,-0.9488339524609237,0.038891210531077317
6.067233324050903,-0.9547833312736673,0.033737146159668815
6.092865467071533,-0.9613220871573788,0.028171035974225135
