1.4832537174224854,0.9575586762010696,0.005396151140819406
1.4955532550811768,0.9600547257058532,0.005190008150852223
1.5067625045776367,0.962547881976358,0.004951408332296623
1.5192742347717285,0.9657546688899934,0.004658541785239178
1.5299677848815918,0.9682498009069643,0.0044415757037754655
1.5424182415008545,0.9718180060830655,0.004178025162492443
1.5596904754638672,0.9761046940902951,0.00393608776474002
1.5708839893341064,0.9796809704446527,0.003827485260960913
1.5823984146118164,0.9832588617635615,0.0038119682828557217
1.5938777923583984,0.9879090707116936,0.003912821052567169
1.6052348613739014,0.9911232695449216,0.004108215485331137
1.616417646408081,0.9950426757727127,0.0044661634872915565
1.6270735263824463,0.9985903604749345,0.004930362065652765
1.6404178142547607,1.0035315869885173,0.005752136238949741
1.6512703895568848,1.0066763082523795,0.006444943063772534
1.6627240180969238,1.011522317074132,0.007712709110753982
1.673461675643921,1.0149412370608726,0.008767476000070338
1.6849136352539062,1.0189852078133597,0.010209879663691412
1.696944236755371,1.023278959518929,0.011998261846941737
1.7077436447143555,1.02780589516506,0.014142529998601109
1.7199938297271729,1.0319002115401612,0.016349606789965974
1.7312569618225098,1.0352538941754736,0.018409384625588363
1.7439475059509277,1.0396879505560765,0.02143306200807813
1.7554681301116943,1.0427885691651708,0.0238571156773389
1.7665934562683105,1.046312152746826,0.02689339189756956
1.7773494720458984,1.0499164981224862,0.030371858034150486
1.7895874977111816,1.0533031320219295,0.03406262260013482
1.8013312816619873,1.0557831932287463,0.03711862789479003
1.812819242477417,1.0585386096067328,0.04086593294327097
1.8240017890930176,1.0612738642472659,0.04506229020902251
1.8353536128997803,1.0633957931255786,0.04879480217970122
1.8487114906311035,1.0659623187705376,0.05391192115467704
1.8598783016204834,1.0676164864647926,0.05787398589608157
1.8709006309509277,1.0693032825742572,0.0625905260618731
1.8824398517608643,1.0705011336667614,0.06671355656576027
1.8938798904418945,1.0718101378780411,0.07228656907832902
1.9054081439971924,1.072499727364422,0.07652433902442929
1.9167861938476562,1.0730459735942488,0.08150356058073539
1.929473876953125,1.0732890790659266,0.08650675275974176
1.9408819675445557,1.0732237956244268,0.09187324313726153
1.9579887390136719,1.0726441866026373,0.09936449643328302
1.9704725742340088,1.0718051693365467,0.10430282431604644
1.9824378490447998,1.0708304915747628,0.10848423927231206
1.9948551654815674,1.0689449451968962,0.11501557143099668
2.0063650608062744,1.0673670583146413,0.11939105855007899
2.0173585414886475,1.0648443769316924,0.12531668857022857
2.030421018600464,1.0622865153776424,0.13043814390643024
2.0417747497558594,1.0596420043926826,0.13510826623352978
2.0553650856018066,1.0558756919857941,0.14119276121010027
2.0672597885131836,1.0519535472178652,0.14674527103265458
2.0796282291412354,1.0477710789530468,0.1521044262015226
2.0910189151763916,1.0436136401350602,0.1570230352498485
2.103353500366211,1.039004264501678,0.16201975829406448
2.1149981021881104,1.033698065152038,0.16733944541129636
2.1297147274017334,1.0266141102315085,0.1739076156891587
2.1409809589385986,1.021221474895693,0.17861140909460346
2.1535208225250244,1.0151136638502518,0.1835767018387613
2.165022373199463,1.0088787318525607,0.188381398581134
2.1767420768737793,1.0022319080384072,0.1932331938329528
2.1879491806030273,0.9951879485693418,0.19814435928542068
2.202562093734741,0.9868718414140184,0.20373063629097685
2.2135987281799316,0.9802257690918093,0.20794836203952474
2.225130796432495,0.9732776025731386,0.21235780259482373
2.237257957458496,0.965929280928793,0.21680067105050801
2.2504396438598633,0.9566489248721339,0.2221940850954906
2.261801242828369,0.9494983877594569,0.22626716783245987
2.2730424404144287,0.9426757042791436,0.23019278599134707
2.284290313720703,0.934533268662739,0.23469158587604771
2.295818567276001,0.9269814375852304,0.23877897605561793
2.3098433017730713,0.9178994901669375,0.24379686823470598
2.321115493774414,0.9106793746353176,0.24774530028958902
2.3334665298461914,0.9027762500640084,0.25193460705517606
2.3450236320495605,0.8945381826088075,0.25625579934126425
2.36234450340271,0.883499348102984,0.2621687583566859
2.3734796047210693,0.8756328573972442,0.2664264564604053
2.385221242904663,0.8680633708789589,0.27048105692812696
2.39676833152771,0.8598630938174923,0.2748735407681527
2.40975284576416,0.8513873060195051,0.2795086566586661
2.4212541580200195,0.8442191717416384,0.2835506901761472
2.432772397994995,0.8360963233871318,0.2880847603983167
2.44785475730896,0.8230388208335501,0.29552256365712887
2.4650676250457764,0.8153051907863326,0.30001707536128136
2.4767754077911377,0.8075911255592528,0.304545084508598
2.487905263900757,0.799588996029525,0.3092889627910965
2.4999475479125977,0.791628314248156,0.31410207028475196
2.5126163959503174,0.7843188049045065,0.3186085083746818
2.5251855850219727,0.776745734985473,0.3233685799253348
2.541323184967041,0.765568249716302,0.3304620277751651
2.5573890209198,0.755142929867924,0.3373997260695669
2.5734667778015137,0.7447477959237668,0.3443825723265141
2.5892770290374756,0.7362106885754647,0.3502799284250519
2.6052162647247314,0.725938247683075,0.3574420447099027
2.616739511489868,0.7186679688247457,0.3626528713706034
2.6287288665771484,0.7114203569904439,0.3678951792464531
2.6408302783966064,0.7039065561570562,0.3733798173572025
2.652604818344116,0.6964406097932084,0.37892942122251905
2.664923667907715,0.6890230795889037,0.3845435733257403
2.676469087600708,0.681937929591527,0.3900034559875285
2.6877331733703613,0.6745940688158012,0.3957136369896035
2.699791431427002,0.6678610936598255,0.4010431732407499
2.7125329971313477,0.6597815784360113,0.40755335331334747
2.7237489223480225,0.653071780078618,0.4129120394495634
2.7353622913360596,0.6467316062635111,0.41815821710345585
2.7473843097686768,0.6384322156257484,0.4249651281973884
2.7643113136291504,0.628332752891787,0.4329594325741072
2.7759974002838135,0.621466054820575,0.43869163343979894
2.787398099899292,0.6144028538265632,0.44474552887067476
2.799694776535034,0.6072357008181845,0.45067599056637686
2.812507390975952,0.5996860113480432,0.45726130133399895
2.8234918117523193,0.5934844807118579,0.46267066375025684
2.835158109664917,0.5853650042020666,0.4696912068065904
2.853537082672119,0.5736402446475528,0.4796526634595695
2.8670740127563477,0.5666298187109956,0.48576759488664495
2.8787856101989746,0.5593497610076534,0.4921177159839876
2.890491485595703,0.5520973113866429,0.4984993499918097
2.902782440185547,0.5448172536832971,0.5048494710891555
2.916430711746216,0.5362217578361701,0.5124128891725024
2.927489757537842,0.5289693082151631,0.5187945231803214
2.9397377967834473,0.5222797664271451,0.5247325110408837
2.9513862133026123,0.5153494907368271,0.5309381324461815
2.97332763671875,0.5022885865512212,0.542633342017709
2.9850845336914062,0.4950638814201521,0.5490463689071249
2.996664047241211,0.4878114317991447,0.5554280029149435
3.0078020095825195,0.480531374095799,0.5617781240122892
3.040729522705078,0.46065428994933016,0.5792685283300179
3.063084125518799,0.4466866091977533,0.5915590827154539
3.0896811485290527,0.4293650593102076,0.6065362412356244
3.1050264835357666,0.42136858735983135,0.6136965736263611
3.116694211959839,0.41411613773882394,0.6200782076341798
3.127830982208252,0.4068360800354782,0.6264283287315254
3.1577842235565186,0.38749621437945375,0.6434460194190459
3.175116539001465,0.3782254742665796,0.6513225200283796
3.1867618560791016,0.37091794540777207,0.6576410087790773
3.1999316215515137,0.36282899240405736,0.6646966988872368
3.2112247943878174,0.35613945061603597,0.6706346867478022
3.2229816913604736,0.34883192175722455,0.6769531754985025
3.234292507171631,0.3412822322870826,0.6835384862661238
3.245772361755371,0.3340021745837369,0.6898886073634695
3.2596943378448486,0.32588269807394993,0.6969091504198008
3.271005153656006,0.3191674669433833,0.7028180707974143
3.282731771469116,0.3118326043726805,0.7091048083602446
3.2937421798706055,0.30479572473085953,0.7151892790090686
3.3064072132110596,0.29700605661940815,0.7220436266470959
3.3176403045654297,0.28972599891606243,0.7283937477444415
3.332674026489258,0.2810652239722869,0.7358823270045308
3.3438518047332764,0.2740283443304659,0.7419667976533548
3.3567605018615723,0.26623867621901104,0.7488211452913852
3.3694722652435303,0.25890381364831216,0.7551078828542129
3.3809752464294434,0.2513256355725068,0.7616603897067926
3.3926279544830322,0.24428875593068936,0.7677448603556136
3.4049606323242188,0.23671057785488323,0.7742973672081924
3.416594982147217,0.22940304899607922,0.780615855958887
3.427722215652466,0.22179652484867912,0.7871354356536787
3.4399802684783936,0.21446166227797314,0.7934221732165124
3.4527058601379395,0.2071541334191649,0.7997406619672093
3.46498441696167,0.19987407571581495,0.8060907830645573
3.4766690731048584,0.19283719607399785,0.8121752537133786
3.4879441261291504,0.18552966721518643,0.8184937424640789
3.500516176223755,0.17851924127863628,0.8246086738911482
3.513720750808716,0.17096955180849155,0.8311939846587734
3.5255961418151855,0.16401242834894733,0.8373694920337617
3.537355422973633,0.15817117655632826,0.8426457847945192
3.5496532917022705,0.14987614473918812,0.8500088897416146
3.567244291305542,0.1415492581372889,0.8573359510098532
3.579683303833008,0.13464596056419145,0.8635715697271141
3.591273784637451,0.1285872719674533,0.8691404543972971
3.60575532913208,0.12176568574769295,0.875465359109306
3.6172213554382324,0.11651831173248507,0.8803306704262429
3.629800319671631,0.11017105977991379,0.8861142077308559
3.6424691677093506,0.10466131706394774,0.8912227846136377
3.6535840034484863,0.09917378137200714,0.8963552084652998
3.6663427352905273,0.09445114475831902,0.900733988650544
3.6776397228240967,0.08898591930265812,0.9058901629379482
3.6897542476654053,0.08428231728098792,0.9102893833822354
3.7010304927825928,0.08013541257488185,0.9142359188057131
3.7135112285614014,0.07598850786877262,0.9181824542291942
3.7251927852630615,0.07158242161853368,0.922375648116641
3.7368905544281006,0.06719456212065518,0.9265879111721832
3.7480008602142334,0.06333907663548076,0.9303213696992605
3.7626171112060547,0.059243868399684214,0.9343215234457816
3.774327039718628,0.055660561193368076,0.9378216579739819
3.785715341567993,0.05261529249934551,0.9408483007274439
3.797111988067627,0.04959639039467824,0.9439012432192431
3.8100054264068604,0.046074337939230554,0.9474630094596784
3.82132887840271,0.043307011009953586,0.9502615400771597
3.832972288131714,0.04082457185175032,0.9528381741009171
3.8452093601226807,0.038093888777732066,0.9556724715270444
3.8568613529205322,0.03537552334945921,0.9585185849030168
3.8705191612243652,0.03291552639111013,0.9611166538073144
3.8826820850372314,0.030965630643859435,0.9632121004655202
