0.005386829376220703,0.0,0.0
0.031952619552612305,0.00035779249666063607,0.0
0.04541373252868652,0.0010733707604507648,-3.1033956211150884e-06
0.057120561599731445,0.0025045272880170385,-9.310186863365478e-06
0.07036328315734863,0.0050090512112521916,-2.0172071537136894e-05
0.08271479606628418,0.007871283512452053,-4.4999003024857865e-05
0.0937504768371582,0.010375736776013583,-6.67225680767148e-05
0.10555696487426758,0.014668883345536397,-0.00012258228837787316
0.11776852607727051,0.019319792129193103,-0.00018309698537088569
0.12994384765625,0.024686477693954496,-0.00022964748191046358
0.14162230491638184,0.029695148691735767,-0.000294817155595775
0.1529066562652588,0.03470306602049066,-0.00040342783066929635
0.1651628017425537,0.041142785874779535,-0.0004872174111218222
0.17740297317504883,0.04829856851260158,-0.0005182513673326294
0.18997979164123535,0.05545435115041897,-0.0005492853235430122
0.20162463188171387,0.062252344656352945,-0.0005787675819429081
0.21288514137268066,0.06905014637171426,-0.0006377315442263465
0.22548174858093262,0.07692150727331246,-0.0006035941923944848
0.236846923828125,0.08443507904302258,-0.0006361798464153948
0.2480001449584961,0.0926639969089885,-0.0005648024183880554
0.2604963779449463,0.10053476561978963,-0.00046239293116869906
0.2728273868560791,0.10876329654472468,-0.0003553284672579332
0.28398585319519043,0.117349024424036,-0.0002063724817895502
0.2964446544647217,0.12629249096498724,-5.120999692661754e-05
0.30763769149780273,0.13487749209999694,0.00013497973177087656
0.3209567070007324,0.1434624932350113,0.00032116946046847173
0.33254051208496094,0.1524052027506484,0.0005151170945278983
0.34878015518188477,0.16420835801540315,0.0008223195532489512
0.36054325103759766,0.17314904890128574,0.0010938258126963658
0.3732638359069824,0.1828061759360927,0.0013451732789234259
0.384937047958374,0.1913892391865428,0.0016058192879925437
0.3968467712402344,0.2010451853432951,0.001899046048194632
0.4087355136871338,0.20998696963477995,0.002131775183589472
0.4210658073425293,0.21964291579153222,0.002425001943792651
0.4327678680419922,0.22858234511094655,0.0027352802206697473
0.44579601287841797,0.24002642944487534,0.00308280823276241
0.4623899459838867,0.252543396685111,0.003462916995988083
0.47974348068237305,0.2668464835961758,0.003959362238991502
0.49623560905456543,0.2793616846433447,0.004393751826619049
0.5124883651733398,0.29187865188358497,0.00477386058984557
0.5305511951446533,0.30653931596741874,0.005282716963923808
0.5439612865447998,0.317625772665915,0.005619384725638032
0.5557265281677246,0.32656755695739514,0.005852113861033762
0.5669612884521484,0.33551026647303683,0.0060460614950943
0.5798041820526123,0.3458827362511566,0.006316027292152832
0.5913176536560059,0.35590007824671915,0.006446366639522889
0.6031777858734131,0.3641286091716542,0.00655343110343412
0.614814043045044,0.3737857362064565,0.006804778569660513
0.6269314289093018,0.38380157086396627,0.007021999919808122
0.6379656791687012,0.39345969714085804,0.007231463364593475
0.6504185199737549,0.40311682417566036,0.007482810830819868
0.6613869667053223,0.41170182531067473,0.007669000559516978
0.6738197803497314,0.42171916730623726,0.007799339906886469
0.6854031085968018,0.43066322265943074,0.007915714324180822
0.6972441673278809,0.4406799051852924,0.008089496307228375
0.7095415592193604,0.450696587711168,0.008263278290276168
0.7207660675048828,0.4596410636524246,0.008340862451175357
0.7331793308258057,0.46929918992931635,0.008550325895960165
0.7479524612426758,0.482177781748288,0.00877375987416282
0.7604150772094727,0.49219446427415897,0.0089475418572094
0.7724418640136719,0.5018534081383808,0.00911511734086127
0.7845320701599121,0.5118707501339527,0.009245456688230883
0.7959625720977783,0.5218880921295153,0.009375796035601505
0.8077714443206787,0.531189909696838,0.009496825429588702
0.8197925090789795,0.5401339650500222,0.009613199846882933
0.8325026035308838,0.5497943624598081,0.009613199846882933
0.8439986705780029,0.5605280364165295,0.009659750781198486
0.8557419776916504,0.5694720917697137,0.009776125198492717
0.8669695854187012,0.5780591116895317,0.009776125198492717
0.879793643951416,0.5887924828190545,0.00986922619157248
0.8912067413330078,0.5977372952355191,0.00986922619157248
0.903221607208252,0.6073968750169617,0.009994910562250844
0.9148597717285156,0.6174146880711705,0.010081804822457949
0.9262595176696777,0.6270747220877456,0.01016559571622923
0.9387497901916504,0.6367350286487935,0.010207491557113223
0.9504923820495605,0.6467528417030116,0.010294385817320407
0.9618353843688965,0.6553395386066159,0.01036886661178361
0.9732818603515625,0.6642843510230898,0.01036886661178361
0.9855740070343018,0.6750180249798159,0.010415417546099185
0.996856689453125,0.6839627532770923,0.010376625100835176
1.0097565650939941,0.6946961244066104,0.010469726093914897
1.0210070610046387,0.7029250422725717,0.010398348665887598
1.03434157371521,0.7143742944930739,0.010448002995824834
1.0470404624938965,0.7243923901860332,0.01049145053452
1.0587918758392334,0.733694907615193,0.010531794677594011
1.0713012218475342,0.7429974250443574,0.010491450534520505
1.083594560623169,0.7533733098691907,0.010536449771025552
1.095221757888794,0.7619600067728043,0.010461968976562269
1.107255458831787,0.7709048191892736,0.010461968976562269
1.1194345951080322,0.7794917583546526,0.010424728229109333
1.131697177886963,0.7887942757838217,0.010384384086035281
1.143519401550293,0.799884904421772,0.010240079808589783
1.1611199378967285,0.8106182755512854,0.010333180801668857
1.1730060577392578,0.8181307874456863,0.010202844314384386
1.1854777336120605,0.82671772661107,0.010165603566931915
1.1968278884887695,0.8345873109848297,0.009994929648959195
1.2079756259918213,0.8417425552673817,0.009901830115123345
1.2208271026611328,0.8492555617640583,0.009804075604596167
1.2330968379974365,0.8564103349968193,0.00967994561670582
1.2446906566619873,0.8635651082295803,0.009555815628815474
1.2562296390533447,0.8696466654774309,0.009450305139107927
1.2671468257904053,0.8753687076443929,0.009276541133061667
1.2795627117156982,0.8828805836375345,0.009113625120451607
1.2919552326202393,0.888601818401954,0.008915047023250789
1.3033206462860107,0.8943230531663781,0.008716468926049487
1.3153800964355469,0.9000442879308068,0.008517890828848022
1.326786756515503,0.905407945522448,0.00833172386272172
1.3409438133239746,0.9111282652765551,0.00810833540931891
1.3524737358093262,0.9161335450614001,0.007912870512591406
1.3636794090270996,0.9207795557334689,0.007691061185857326
1.3753929138183594,0.9247099445988547,0.007486328879069699
1.387685775756836,0.9300707261435398,0.007230395040530838
1.3998527526855469,0.9336438069302581,0.0070442747616329985
1.4111456871032715,0.9375722721708648,0.006805459343811129
1.4228160381317139,0.9411426290673337,0.006572868074766696
1.4337875843048096,0.944712985963784,0.0063402768057234755
1.4465694427490234,0.9482833428602435,0.006107685536679649
1.4579079151153564,0.9514947275187378,0.005870490049524508
