8.332986116409302,-0.0321458865499013,-0.9730971569444297
8.345932006835938,-0.030232923133739313,-0.9747137363674775
8.357442140579224,-0.028312966820583364,-0.9763220043234432
8.370144128799438,-0.025835507122293364,-0.9783790523460316
8.38106369972229,-0.023609718000789714,-0.9801787336814857
8.392021894454956,-0.020527909603292628,-0.9826266570772675
8.404606819152832,-0.018233588587443967,-0.9843381129483961
8.415404558181763,-0.015619466790408234,-0.9862184374826625
8.426088333129883,-0.012652809358864186,-0.9882185601664987
8.4394850730896,-0.009031577782075044,-0.9905252698671487
8.451024055480957,-0.005623562863528663,-0.9924938496256229
8.46190094947815,-0.002157365004447717,-0.9943580771740224
8.473678350448608,0.0013789387160773052,-0.9960856268684479
8.484751462936401,0.004652595755098009,-0.9975294816594161
8.496950626373291,0.009319044246602307,-0.9993502756418743
8.512224197387695,0.014398688824736605,-1.001082526160579
8.523726463317871,0.018543896020677634,-1.002201224099491
8.534883737564087,0.023082857842762147,-1.0032173147057342
8.546067476272583,0.02767186397275449,-1.003976022344644
8.562374353408813,0.03371335816384335,-1.0046808762027728
8.578352928161621,0.03871794765077363,-1.0048932822236982
8.592772960662842,0.04515713428798581,-1.0047754350907765
8.610064029693604,0.0508552554177574,-1.00422463922953
8.625408411026001,0.057207252207272935,-1.003162024867878
8.640896320343018,0.06276261638674352,-1.0017800374136039
8.652913331985474,0.06786840620465062,-1.0001264379351698
8.664823055267334,0.07185840135629745,-0.9985408256037209
8.677009105682373,0.07675527500045037,-0.9963444400699639
8.68814468383789,0.08056753711958647,-0.994369374169588
8.700305700302124,0.08550668325943454,-0.9914751046763388
8.711725234985352,0.09028858508507447,-0.9883278240373949
8.722769260406494,0.09490029408984775,-0.9849360545072476
8.734832286834717,0.0988030757427901,-0.9817960978801804
8.74598217010498,0.10367787929888159,-0.9775873804050964
8.758423328399658,0.10810519885840814,-0.9734166115862661
8.769675016403198,0.11286771177105728,-0.9685656265659772
8.781700849533081,0.11772357930437566,-0.963309512148938
8.793016195297241,0.12239420005403011,-0.9578881202539501
8.805935382843018,0.12714858324200806,-0.952069987987897
8.817392349243164,0.13177569590367352,-0.9461501357110517
8.828246355056763,0.13610874558414188,-0.94045532502651
8.84044075012207,0.1407657186214162,-0.9341092955645472
8.852915287017822,0.14607241714421387,-0.9264687845241817
8.864799976348877,0.15030490882306918,-0.920260657854094
8.875945329666138,0.15491096337291868,-0.9134412410560255
8.887868881225586,0.15942790563132575,-0.9065624754243018
8.898735523223877,0.16371988324099898,-0.8999641107784129
8.915896892547607,0.17024345532556376,-0.8901227767828607
8.927621841430664,0.17508813831326137,-0.882603553690373
8.940031051635742,0.1797702957056308,-0.8754053377130415
8.951511859893799,0.1844524530980015,-0.868207121735708
8.964344501495361,0.1891968691595037,-0.8610497879207606
8.97566556930542,0.1942034501919488,-0.8536373783576424
8.987526893615723,0.1986374890936084,-0.8471336266080244
8.998366832733154,0.20318367910266477,-0.8407077691396754
9.011750936508179,0.20917638411460604,-0.8322373206586654
9.02301025390625,0.21422664669780975,-0.8252924118080063
9.03498125076294,0.2191240274099852,-0.8186791035479929
9.046169519424438,0.22432368702654631,-0.811845330726544
9.058943033218384,0.22986266648870834,-0.8048218432962433
9.071523904800415,0.23594294565923762,-0.7973149475780739
9.082420587539673,0.24069732884721723,-0.7914968153120191
9.095646381378174,0.24736688177425925,-0.7835483516502194
9.107829093933105,0.25320515771132723,-0.7767716117814848
9.118754386901855,0.25865703080234514,-0.7706074197191443
9.130173206329346,0.26496965859565846,-0.7637744709769938
9.143012285232544,0.27158637925340184,-0.7567358428540937
9.15498399734497,0.2777411792659142,-0.7502452260905017
9.167471408843994,0.2837303540746613,-0.7440916339514759
9.178335905075073,0.28982537190384594,-0.7380428597975491
9.19032621383667,0.29642830788546015,-0.7314900211307978
9.201630353927612,0.30308783250657295,-0.7249947005081817
9.214659214019775,0.31057832308264477,-0.7178146196061762
9.225819110870361,0.31711562600305865,-0.7117094300356083
9.23699164390564,0.32336595949886143,-0.7058212858207884
9.248105525970459,0.3297174920891349,-0.7000424498776313
9.260372400283813,0.33680630842113046,-0.6934795266626075
9.271848678588867,0.3433963196989327,-0.6874312690189299
9.283717632293701,0.350806441054253,-0.6806892937519123
9.295549869537354,0.3576872680270503,-0.6744288881468246
9.306651592254639,0.3643554110051944,-0.6684668802309567
9.322626113891602,0.3742624373118258,-0.6596859913750036
9.334802627563477,0.3806638545708436,-0.6539624637757708
9.346073389053345,0.3873834590772129,-0.6480585172614597
9.357651472091675,0.39429137187594426,-0.64182801174947
9.369751930236816,0.40119928467467314,-0.6355975062374828
9.380719900131226,0.40757581956581074,-0.6298462703802609
9.392614841461182,0.4153407861304667,-0.6229639520877582
9.40458345413208,0.421163024338219,-0.6176666858065295
9.416892051696777,0.42857314569353827,-0.6109247105395126
9.428043603897095,0.43492467828381254,-0.6051458745963546
9.438894510269165,0.441225848356697,-0.5993121650718894
9.452259302139282,0.4491652640945394,-0.5920886201429428
9.465522289276123,0.456655754670612,-0.5849085392409364
9.476678133010864,0.4631398574088242,-0.5787468770588501
9.487905979156494,0.46912976034230064,-0.5731040721863156
9.499802589416504,0.4760746082546279,-0.5663889872583544
9.514574766159058,0.4840148106874929,-0.5586445665160047
9.52665662765503,0.49115620278681543,-0.551618568516762
9.538743257522583,0.498101050699141,-0.5449034835888025
9.550153493881226,0.5042483041955528,-0.53890780301408
9.561553716659546,0.5110459182588689,-0.5320437137692311
9.574465274810791,0.517563041191968,-0.525405523741467
9.585612297058105,0.5240801641250646,-0.5187673337137054
9.59669828414917,0.5300425953108415,-0.5125878252010415
9.607881307601929,0.5363090596695894,-0.5062049501743465
9.61994457244873,0.5429865820153958,-0.49922397793286605
9.63162112236023,0.5493875740284092,-0.4924737364987299
9.642465114593506,0.5550499900399203,-0.4865023690762252
9.6544771194458,0.5614216469695985,-0.4797244308838031
9.666324615478516,0.5685284950834694,-0.47216442289994914
9.677918434143066,0.5746832950959816,-0.46567380613635695
9.689014196395874,0.5814815096426267,-0.45831524595250234
9.701305150985718,0.5873085506826089,-0.45200790865205503
9.717723846435547,0.5968660360771262,-0.44184100136342264
9.72942042350769,0.6031489709276596,-0.43498073986449287
9.740675687789917,0.6091902544377897,-0.4283843345770583
9.752055406570435,0.6153168476394032,-0.42186708631511455
9.763320207595825,0.6220830851707478,-0.4144791123931891
9.776028156280518,0.6286076713616893,-0.4073549946827589
9.787441730499268,0.6343797855788454,-0.4009973529370049
9.798977136611938,0.6417316974207805,-0.3931766550226737
9.810660362243652,0.6480443252140946,-0.3863437062805224
9.822685956954956,0.6551511733279655,-0.3787836982966684
9.834695816040039,0.6614341081784998,-0.37192343679773787
9.845868587493896,0.6672884484909101,-0.36564142990425563
9.857316970825195,0.6733297320010402,-0.3590450246168211
9.869587421417236,0.6806816438429751,-0.35122432670248976
9.880651473999023,0.68699427163629,-0.34439137796033753
9.891875267028809,0.6931208648379018,-0.3378741296983955
9.904314756393433,0.6996454510288426,-0.33075001198796633
9.915432929992676,0.7064436655754885,-0.32339145180411094
9.9277822971344,0.7127562933688028,-0.31655850306195965
9.938610553741455,0.7190689211621167,-0.3097255543198082
9.94999623298645,0.7254405780917935,-0.3029476161273879
9.962316513061523,0.7319959992617732,-0.295851861664385
9.975406169891357,0.739801786344986,-0.28747585247307605
9.986271858215332,0.7459000575037462,-0.2809320952923658
9.997856378555298,0.7520829485646782,-0.27446823210580984
10.009521722793579,0.7589130122624894,-0.2671392240634147
10.021737337112427,0.7654991451139489,-0.26007196630824925
10.032819747924805,0.7720545662839284,-0.2529762118452462
10.044737577438354,0.7781528374426879,-0.2464324546645368
10.058748960494995,0.7860669380006814,-0.23815870978574477
10.070289850234985,0.7929917759889257,-0.23091918301680173
10.082305908203125,0.7991746670498553,-0.22445531983024838
10.094500064849854,0.8060047307476655,-0.21712631178785394
10.106133460998535,0.8123469327527767,-0.21032080431991484
10.122792482376099,0.8223480974531421,-0.19958904254355134
10.134864807128906,0.8279323451164594,-0.19354451096395472
10.147675037384033,0.835071913130974,-0.1860153955181878
10.158603191375732,0.8401705740409577,-0.18049647538029684
10.170380592346191,0.8467567068924188,-0.17342921762512964
10.184311628341675,0.8535549214390649,-0.16607065744127436
10.195664405822754,0.8598675492323781,-0.15923770869912385
10.206979751586914,0.8654517968956945,-0.15319317711952798
10.218657732009888,0.8710097777250143,-0.1471244842550883
10.23137092590332,0.87659402538833,-0.1410799526754933
10.242283582687378,0.8817165731616876,-0.13558319664369747
10.25431513786316,0.8870580274483386,-0.12980147078495327
10.265535116195679,0.892589636906447,-0.12370873077860528
10.280362129211426,0.8986309204165757,-0.11711232549117254
10.29258680343628,0.9034410155975406,-0.11181429070304268
10.304591178894043,0.9082511107785024,-0.1065162559149162
10.316300392150879,0.9130612059594674,-0.10121822112678634
10.330697298049927,0.9185928154175742,-0.09512548112044007
10.342751502990723,0.9231405348466207,-0.0900725777070673
10.356242895126343,0.9271899016522885,-0.08553395462341634
10.368860960006714,0.9316936229013901,-0.08044179596322201
10.381465435028076,0.9357429897070564,-0.07590317287957274
10.39461612701416,0.9394982606443261,-0.07158230483274844
10.405701398849487,0.9425797541305518,-0.0680981962757753
10.417869329452515,0.9458819819439158,-0.06433172263069777
10.429958820343018,0.9491514164686737,-0.060536748304206536
10.441306352615356,0.9517202578809829,-0.05755498276196398
10.452362060546875,0.9543020066503551,-0.05458438597977308
10.46445631980896,0.9573379101376307,-0.051060481248030844
10.47579026222229,0.9596614426278367,-0.04833968286639773
10.488008975982666,0.9622173283670629,-0.04534680464660179
10.498920917510986,0.9642978681801692,-0.04288903996910045
10.510396003723145,0.9663890474213542,-0.04044032142563115
10.527608156204224,0.9693633661892265,-0.036864284176172
