3.902282476425171,0.0346830854893537,0.973901171551295
3.9142277240753174,0.03269924349008893,0.9754299386965951
3.9249303340911865,0.030140089119058557,0.9773844161278104
3.937464714050293,0.02814306175636141,0.9788959186171389
3.9482178688049316,0.025853274596777054,0.9806134356873233
3.9588139057159424,0.023534038809800914,0.9822909742075948
3.9704301357269287,0.020892554008902255,0.9841326612522695
3.9813694953918457,0.01791389119508011,0.9861148607649557
3.993635654449463,0.014884663227467312,0.9880188893852165
4.004735708236694,0.011791211208584574,0.9898166940668751
4.015525579452515,0.00833811247607042,0.9917050746148627
4.026160955429077,0.005454711237630326,0.9931386890756099
4.038006544113159,0.001553927445617085,0.9949325992137619
4.0487754344940186,-0.001758481963154532,0.9962851859855518
4.0610032081604,-0.0057872834648042635,0.9977694320015891
4.072296142578125,-0.009876646544668966,0.9990776129435299
4.084195137023926,-0.014018880922606426,1.000207268702618
4.100043296813965,-0.019962349807835768,1.001500191218705
4.11136794090271,-0.02385437407828367,1.0020850151484002
4.122114658355713,-0.02812188053168353,1.00255683762139
4.133039712905884,-0.03276534230212784,1.0028267956345303
4.146153926849365,-0.037416638097205294,1.002834667683366
4.157055377960205,-0.040989214207530926,1.002639099274715
4.168555736541748,-0.04561817359151194,1.0021837427507676
4.179807424545288,-0.05021411888780922,1.0014682699169861
4.191957235336304,-0.05476244511282158,1.0004949544011728
4.202946662902832,-0.05924869860670799,0.999266889202969
4.214886426925659,-0.06298017306304926,0.9980155018400104
4.226048469543457,-0.0673145545113061,0.9963279734688518
4.238178491592407,-0.07219809651915406,0.9941021032216691
4.249048948287964,-0.07663176188077918,0.9917710854800977
4.260460138320923,-0.0806305667521222,0.9893953384095175
4.2722296714782715,-0.08543432403155997,0.9862815181689463
4.284319877624512,-0.08977989476278306,0.9831319950431944
4.29627799987793,-0.09452905291385758,0.979331736120654
4.307703733444214,-0.0993967264879172,0.9751147743622323
4.318543910980225,-0.10303693603018411,0.9716738578071837
4.329809904098511,-0.10810757929239471,0.9666246236896607
4.34203839302063,-0.11300002279454767,0.9614025374356445
4.3537561893463135,-0.11747296011856893,0.956283317123374
4.364944934844971,-0.12183384737773113,0.9510683149926877
4.376856565475464,-0.12675117937981134,0.9449218254430853
4.390003204345703,-0.1319984206312175,0.9381245193331053
4.4048686027526855,-0.1385453755841102,0.9291712937604859
4.421835899353027,-0.1448966613119217,0.9200782174431368
4.437906265258789,-0.1512477634157333,0.910551867458578
4.455502510070801,-0.15790776308431145,0.9003719711671753
4.470769643783569,-0.16417599806650135,0.8907908923046807
4.486126184463501,-0.16966070367591865,0.8824074482999964
4.502263307571411,-0.17592893865811046,0.8728263694374989
4.514344692230225,-0.1806922652359676,0.8656816069490819
4.5261452198028564,-0.1859194770059222,0.857986497119984
4.538020372390747,-0.19039881223705682,0.851513859041955
4.55016303062439,-0.19528535976193034,0.8444527993204696
4.561524391174316,-0.20043911899142952,0.8371419556639416
4.575036287307739,-0.20652730831725574,0.8287398748762744
4.587399244308472,-0.21122847115091592,0.8224265116035451
4.599752187728882,-0.21691298250660676,0.8150627633177323
4.610685586929321,-0.2219415887058713,0.8085486782956677
4.621877431869507,-0.22711025560843615,0.8021451584485587
4.632861375808716,-0.23253257508381459,0.7954866779454572
4.645814657211304,-0.23853099814920653,0.7883763067246038
4.657421827316284,-0.24389165263320928,0.7821326245189555
4.668261289596558,-0.2491475234751515,0.7762729906144462
4.679070711135864,-0.25535900719744603,0.7693479687272996
4.690461874008179,-0.26042430030295816,0.7637984076348647
4.7023866176605225,-0.2665398546806491,0.7572707998173447
4.714571475982666,-0.2729878158985279,0.7505654098732385
4.725695848464966,-0.27974392087187644,0.7436604606551676
4.737004280090332,-0.2858286927865284,0.7376013797141409
4.7488486766815186,-0.29253340064370886,0.7311527092527471
4.760291576385498,-0.29851374489171745,0.7254997749123113
4.771755695343018,-0.30524635671039296,0.7190802425096499
4.7842302322387695,-0.31229547447457773,0.7124746981065216
4.795912027359009,-0.31937317330247567,0.7058997868967287
4.807403564453125,-0.32542655758870886,0.7003251368929031
4.818283796310425,-0.3323509224017056,0.6941129206936469
4.829801082611084,-0.3392211441610879,0.6878408786699773
4.840722560882568,-0.3458791872505099,0.6818675938629984
4.852760076522827,-0.35309778392129626,0.6754476919774899
4.864793539047241,-0.36002214873429395,0.6692354757782331
4.875885009765625,-0.3664633674312821,0.6635567776174905
4.887860536575317,-0.37338773224427885,0.6573445614182344
4.904131889343262,-0.38297531429304493,0.6487430312961859
4.915078163146973,-0.3898996791060434,0.6425308150969282
4.926772832870483,-0.39629140047188716,0.6367964616822295
4.937944650650024,-0.40273261916887454,0.6311177635214879
4.950333118438721,-0.409867080226695,0.6246044891122919
4.961620807647705,-0.4167644383773237,0.6183623012977717
4.972649097442627,-0.4236073945269792,0.612060523032577
4.984540700912476,-0.43018716005549457,0.6060011208545047
4.9963366985321045,-0.4366875342381127,0.5998566270062048
5.0086750984191895,-0.4436790926651985,0.5931901895111338
5.0201191902160645,-0.45002083582770597,0.587400612258515
5.0315163135528564,-0.4570412399449345,0.5807645589023502
5.042354345321655,-0.4627380653299667,0.57533264686933
5.055380582809448,-0.4705064635822847,0.5679254940970283
5.066245079040527,-0.4766695507733027,0.5619460904997486
5.078411102294922,-0.48314321598356724,0.5557734631894978
5.0905985832214355,-0.49055887529930753,0.5485161215451722
5.102654218673706,-0.49800593898845485,0.5412910088651254
5.11476469039917,-0.5038371787399958,0.5354843896299751
5.126082420349121,-0.509948170848956,0.5294517545053007
5.137603044509888,-0.5162590430103977,0.5231127828436047
5.151495456695557,-0.524625604393045,0.5147815465496923
5.162370204925537,-0.5303808049258981,0.508899552771335
5.174338102340698,-0.5371069005295451,0.5019653681728661
5.185383319854736,-0.5435548617474248,0.4952599782287591
5.197409391403198,-0.549506825948542,0.48907038751112436
5.208966970443726,-0.5567633831421397,0.48165396057319554
5.2204742431640625,-0.5624415702489485,0.4756975879218214
5.231767177581787,-0.5690768809669794,0.4686764818985335
5.242756605148315,-0.5754370575197778,0.46188776976831314
5.255937099456787,-0.5817972340725761,0.45509905763809266
5.2670371532440186,-0.5913374989017764,0.4449159894427591
5.286056280136108,-0.5985736319096511,0.43698804502499494
5.3020241260528564,-0.6085566194271238,0.426239372250441
5.316737651824951,-0.6155847185644029,0.41860610077968935
5.3290627002716064,-0.6227115337800642,0.4110649128287521
5.342129468917847,-0.6295609546830787,0.40375399207312923
5.355480432510376,-0.6373888642865247,0.39539865406670194
5.367804765701294,-0.6439936630144303,0.38834883762378103
5.378859281539917,-0.6500808505250845,0.3817947688588092
5.391494035720825,-0.6572403038336706,0.3742845598635971
5.403055429458618,-0.6643014413460295,0.36668184009622945
5.415925741195679,-0.6707202615537278,0.3599485492729354
5.427526950836182,-0.6770804381065261,0.3531598371427149
5.438433647155762,-0.6830055029136305,0.34694449176736825
5.449762344360352,-0.689854923816645,0.33963357101174535
5.461743593215942,-0.6962151003694441,0.33284485888152404
5.4727537631988525,-0.7030645212724593,0.3255339381259002
5.487903833389282,-0.7108924308759029,0.31717860011947546
5.499581575393677,-0.7177418517789167,0.3098676793638534
5.514777183532715,-0.7260590057325782,0.3009901327320246
5.525850534439087,-0.73223094823998,0.2945158146327039
5.5369884967803955,-0.7381290022115617,0.2882748315008936
5.54828143119812,-0.7445769634294406,0.28156944155678754
5.5624659061431885,-0.7526867876403674,0.2729880897505467
5.5747456550598145,-0.7594725385315315,0.26561803453740934
5.585883617401123,-0.765891358739229,0.2588847437141162
5.597440004348755,-0.7720069131169199,0.25235713589659614
5.610334873199463,-0.7789508713515587,0.24513594672602018
5.622665166854858,-0.786814943313669,0.23681463588360507
5.651485204696655,-0.8022973349890733,0.220432055162601
5.664334535598755,-0.809146755892087,0.21312113440697886
5.6756627559661865,-0.8159961767951022,0.205810213651355
5.686951160430908,-0.8216224868225762,0.19980481445923837
5.698152303695679,-0.829806437599117,0.19129412722248598
5.7154717445373535,-0.8373897250274533,0.1831998935287617
5.728065013885498,-0.8434769125381091,0.17664582476378815
5.738999366760254,-0.8495924669157993,0.17011821694626897
5.750462055206299,-0.8549491919251752,0.1643506364330934
5.762683391571045,-0.8617668419371075,0.1570100794163251
5.774689435958862,-0.8668800794460567,0.1515046616537489
5.785825729370117,-0.8722617672984267,0.14576036677432938
5.7974936962127686,-0.8775934287129123,0.13996960910686457
5.808389902114868,-0.8827304943901726,0.13448641854014795
5.820573329925537,-0.8885194007964727,0.1281440630059361
5.831855773925781,-0.8931456633045703,0.12316297074455687
5.842844009399414,-0.8984268971611066,0.1173261859485745
5.854910373687744,-0.902987962764479,0.11228532635204395
5.867429256439209,-0.9075708470028002,0.10726429488745938
5.878387928009033,-0.9118918565217835,0.10248874369074755
5.889738082885742,-0.9164090279070074,0.09740851263431757
5.901011228561401,-0.92023147942842,0.0931469607037654
5.914692163467407,-0.9252484470502729,0.08755367379491696
5.925856828689575,-0.9288146349859767,0.08354296506615567
5.937309980392456,-0.9323633954814559,0.07951682797889416
5.948237895965576,-0.9359295834171589,0.07550611925013374
5.959772825241089,-0.9394783439126381,0.07147998216287217
5.972043037414551,-0.9427741924671809,0.06770792509067186
5.9830002784729,-0.946070041021723,0.06393586801847247
5.99484920501709,-0.948866904230768,0.060678294693786154
6.006025314331055,-0.9516919172775198,0.05744510291761354
6.018648386001587,-0.9547218524206508,0.05391606514920465
6.030158042907715,-0.9572985699366369,0.05094110316737709
6.041544437408447,-0.9598623612115944,0.047954994286415045
6.052395343780518,-0.9617175007118784,0.04577521274757719
6.064416408538818,-0.9640364250872361,0.04305048582402677
6.076287269592285,-0.9661234570250576,0.04059823159283175
6.087839126586914,-0.9681998342400003,0.03813694924715239
