3.8870351314544678,0.03260050417032829,0.9748668074866891
3.8995206356048584,0.03090576706823709,0.9761845415640914
3.911083459854126,0.029211029966145424,0.9775022756414941
3.9230775833129883,0.02666892431300884,0.9794788767575974
3.9348013401031494,0.024101317703826928,0.9814222371010197
3.946141481399536,0.02179671953894143,0.9831198287542112
3.957223415374756,0.019171308248750723,0.9849843578318158
3.9690847396850586,0.016192645434928602,0.986966557344502
3.9840145111083984,0.01255757187379426,0.9892513916888145
3.9957973957061768,0.009154774653021027,0.9912289768386403
4.006939172744751,0.005361274858791936,0.9932398440861224
4.019013166427612,0.002465547416422633,0.994648395009379
4.031563997268677,-0.0017933773675909066,0.9965182009422371
4.043065547943115,-0.005789049256297243,0.9980894532878565
4.054791450500488,-0.00952171333952633,0.9993372877289104
4.066094875335693,-0.013987230003293752,1.0006387390219147
4.07884407043457,-0.01816184474321606,1.0016421430028895
4.090153932571411,-0.02238300356821458,1.0024270289499861
4.101674556732178,-0.026284586960753812,1.0029442513214817
4.112832069396973,-0.03055963584340852,1.0033419758828623
4.124383926391602,-0.03520708180412509,1.0035313447944108
4.136533975601196,-0.04021556295198974,1.003452930242809
4.14918851852417,-0.04521318402810778,1.0031140853963856
4.160679340362549,-0.04947134232739107,1.0025642529909586
4.172138452529907,-0.05369513371105508,1.0017936596331503
4.185218095779419,-0.058569452135961084,1.000639513999777
4.196502685546875,-0.06302223466654895,0.999295139692624
4.208635330200195,-0.06739218727558775,0.9977019891230913
4.219832181930542,-0.07199413358946677,0.9957238277609703
4.232230186462402,-0.07614803620879836,0.9936310526723482
4.2435996532440186,-0.08017741174164818,0.9913075322059614
4.255638599395752,-0.08436884364123326,0.9885647360265938
4.26668381690979,-0.08781222507396914,0.9860001011433205
4.283695220947266,-0.09332107428559135,0.9814329610502477
4.295461416244507,-0.0961219456688652,0.9786680032847715
4.306680679321289,-0.0995148211144476,0.9749829756782024
4.318871021270752,-0.10245191083027765,0.9713762987390224
4.331124305725098,-0.10539103671171078,0.9673201218070454
4.3423779010772705,-0.10807862197996353,0.9630930758318663
4.354559898376465,-0.11050476197755503,0.9587107389024987
4.365960597991943,-0.11266051556093791,0.9541892614074596
4.377079010009766,-0.1144038364451489,0.9498770175788809
4.390115022659302,-0.11601659108601069,0.9451346495291834
4.401818752288818,-0.11733861178226167,0.9403031597455765
4.412919044494629,-0.11814508044355512,0.9364509551496523
4.424537181854248,-0.11893652443872753,0.9315047799957664
4.436738967895508,-0.11942638108035214,0.9265196949693031
4.4487974643707275,-0.11963948279607933,0.9207989827628481
4.461240291595459,-0.11947843624705919,0.915792477368917
4.473157167434692,-0.1190138966899131,0.9108049694490978
4.486795425415039,-0.11813810174083303,0.905147678251228
4.498799562454224,-0.1171886526279483,0.9009604626898011
4.5102925300598145,-0.11592550909379265,0.8964839592602734
4.5220513343811035,-0.11429570929631283,0.8917474220366741
4.53496241569519,-0.1123815043158996,0.8871185073103723
4.54638671875,-0.1103464883339492,0.882936005129183
4.559189081192017,-0.10790460326614348,0.8785624219796316
4.570955514907837,-0.10481572308914114,0.8737425900590707
4.582437515258789,-0.10127183803782931,0.8687991752711559
4.595784425735474,-0.09741409096905627,0.8640965952797398
4.607212543487549,-0.09357633780219876,0.8598488180821217
4.619621992111206,-0.08901612491865299,0.8553011295536134
4.631150960922241,-0.08531927641705726,0.8519211379254192
4.643877983093262,-0.07937371552426575,0.8467626697931018
4.656205415725708,-0.07377042752881448,0.8423118999825877
4.668813467025757,-0.06744069259855626,0.837632803540463
4.680368900299072,-0.05981875194150873,0.8322994669872138
4.698284864425659,-0.0518872344415611,0.8274384497770186
4.714525938034058,-0.04268717840606934,0.8219091738259867
4.731233358383179,-0.03215331411238136,0.8158244727543401
4.749539852142334,-0.020889731024992277,0.8095762933382384
4.766362428665161,-0.01046698052818749,0.8040287605861102
4.783084869384766,2.7062711274609963e-05,0.7986173001508031
4.800700426101685,0.010497538488008926,0.7931603793557577
4.812252998352051,0.018095146764511776,0.7891587222514987
4.823937654495239,0.02569275504101411,0.78515706514724
4.835837125778198,0.03294025965545662,0.7812591348187681
4.848895311355591,0.04174264602285374,0.7764756085837912
4.861180782318115,0.04859256900138726,0.772597717018753
4.872674465179443,0.056028237914579546,0.7683026339093549
4.884445667266846,0.0631540872897216,0.7641865125961821
4.897217750549316,0.07207057155516146,0.7588801655312285
4.909546375274658,0.07939197232434382,0.7543930727218177
4.921555519104004,0.0860673277277771,0.75022184771711
4.932833194732666,0.09382545263991224,0.7450886268941299
4.945728302001953,0.10153876196192793,0.7398883079161552
4.957793712615967,0.10891175564643613,0.7348238599408999
4.970200777053833,0.11621823547048953,0.7296639159735148
4.982022762298584,0.12345696463506795,0.7244093494597349
4.996687412261963,0.13292103882544226,0.7173495939913301
5.00921106338501,0.1397366198140085,0.7121261117341051
5.021153450012207,0.14646056540854968,0.7067851879614885
5.032678604125977,0.15309085218066076,0.7013284299108856
5.045558929443359,0.16054992479928584,0.6951895771039572
5.057187557220459,0.16841667117379092,0.6884238315937592
5.070089101791382,0.17544324313799972,0.6823274601646562
5.0820794105529785,0.18322129952335509,0.6754599387998698
5.100070476531982,0.193182932966464,0.6667410490491015
5.112217664718628,0.2000485087551413,0.6604639217395987
5.123971223831177,0.20738329391090127,0.6536400624414828
5.135914325714111,0.21419416584124976,0.647303621664661
5.149029016494751,0.22172932023752245,0.6401704274955723
5.160780429840088,0.22840119984166146,0.6336877983439346
5.172738552093506,0.23481646869179465,0.6274545010827449
5.186410903930664,0.2428712889084992,0.6198293624882026
5.201050043106079,0.2514104916145902,0.6116751694135405
5.212574243545532,0.25754314014230645,0.6056645510477856
5.224402904510498,0.26455862871814617,0.5990233013041517
5.2360899448394775,0.27128648539567224,0.5925987855483577
5.249122142791748,0.27930816066503084,0.5849387859933717
5.261077880859375,0.2858039834204379,0.5787894806751922
5.273067951202393,0.29304936753469674,0.5718707713997215
5.2850141525268555,0.29931090069474575,0.5659945384577035
5.297871112823486,0.3068150485273715,0.5588287324223942
5.309697151184082,0.31362592045772036,0.552492291645572
5.321795463562012,0.3207555568536545,0.5459737363626267
5.332998514175415,0.3271180808024058,0.5402070041766468
5.344844579696655,0.3344823911376518,0.5334150190259102
5.358956813812256,0.34249777016302413,0.5262758578231878
5.371716022491455,0.3499207147699007,0.519548003606211
5.382978916168213,0.3563823148411059,0.5138925075516592
5.394838809967041,0.36413051456563156,0.5069913183890282
5.407841205596924,0.3711570865298404,0.5008949469599252
5.419756174087524,0.37905310104947765,0.49416338209466126
5.440293312072754,0.390339306341692,0.48479238554731036
5.4529640674591064,0.3985676905409253,0.4778998085931775
5.46484375,0.4056468759723241,0.47186461250707884
5.477007865905762,0.4138752601715569,0.46497203555294636
5.493146181106567,0.4235444283808855,0.4570142633958172
5.507214784622192,0.43213903583657126,0.4500031586332222
5.519798040390015,0.4396510741216453,0.44392923412606566
5.531586170196533,0.4466309902619854,0.4383354483025214
5.542837142944336,0.4544212521872474,0.4320365636284332
5.5560572147369385,0.4624897377526964,0.4255127187874139
5.568312883377075,0.4697990367487294,0.41975836336248845
5.580684661865234,0.47738946262922566,0.41378268657506534
5.593034744262695,0.4863547234219471,0.40666145487824334
5.60606575012207,0.4941993266155781,0.40043037714352414
5.618512392044067,0.5020439298092096,0.39419929940880466
5.63003396987915,0.509608368603069,0.3881907601646105
5.6418867111206055,0.5174799213680277,0.38199376201469054
5.654270172119141,0.525070347248524,0.37601808522726743
5.666111946105957,0.5326347860423825,0.370009545983074
5.6790688037872314,0.540787465691804,0.363591226470657
5.693699359893799,0.5505252930983817,0.35571762062804646
5.706341981887817,0.5583427991755623,0.34945258050567723
5.718731164932251,0.5661603052527424,0.3431875403833084
5.730294227600098,0.5739778113299225,0.3369225002609396
5.742238283157349,0.5817953174071031,0.3306574601385704
5.75568699836731,0.5907296100667376,0.3234974142844344
5.7670981884002686,0.5982679194983046,0.317456125595007
5.77922511100769,0.6060581814235666,0.3111572409209188
5.7920026779174805,0.6135702197086407,0.3050833164137623
5.8046510219573975,0.6218875817625306,0.2982983763209281
5.816270589828491,0.6290446875575927,0.29235579314455984
5.828611135482788,0.6368075588078898,0.28602318239124785
5.840257167816162,0.6445704300581864,0.27969057163793626
5.852213621139526,0.6517788105048907,0.27381029022414666
5.864811897277832,0.6603734179605769,0.26679918546155124
5.876372814178467,0.6669561253199624,0.2612851238982458
5.892861366271973,0.6785591271711575,0.2517357973096902
5.9069664478302,0.6873995095339717,0.24446011990888686
5.919683456420898,0.6951348441014348,0.23809390218318338
5.931236982345581,0.7017651308735463,0.23263714413258013
5.942784309387207,0.709444956126164,0.22620407230872283
5.954578399658203,0.7176733403253969,0.21931149535459035
5.967767953872681,0.72540867489286,0.21294527762888688
5.979884386062622,0.7328677475114846,0.2068064248219589
5.991708040237427,0.740353373359985,0.20069997873840859
6.002925395965576,0.7469836601320965,0.19524322068780534
6.018828868865967,0.7571320006444835,0.18674237577770872
6.030365943908691,0.7645643797393563,0.18057123170994127
6.042328119277954,0.7714213665720505,0.17482741758149728
6.054081439971924,0.7789069924205513,0.16872097149794654
6.066477537155151,0.7866972543458133,0.16242208682385825
6.0789055824279785,0.7942092926308868,0.15634816231670207
6.091739654541016,0.8022494092829803,0.14978938689362906
6.1030189990997314,0.80892677664749,0.14439034288726818
6.116082191467285,0.8161605912923761,0.13854137854704338
6.128439903259277,0.8234448656864624,0.13275537779337535
6.140043258666992,0.8304969677260003,0.1272528759996638
6.152101993560791,0.8369628860686452,0.12216248466222944
6.164694786071777,0.8442970721897648,0.11643988279676941
6.17699408531189,0.8513011821840786,0.11087642053362709
6.189213752746582,0.8578110095659583,0.10584230378487113
6.201710939407349,0.8634906603897634,0.10148940190385036
6.214521646499634,0.8702606783477198,0.09620700018188731
6.226320743560791,0.8762243117127152,0.09163645320681547
6.238765716552734,0.8827775583760981,0.08665898978145029
6.25030517578125,0.887889244117523,0.08274137808853135
6.262856721878052,0.8933205771971682,0.07865307698805718
6.275007009506226,0.8987341287886578,0.07454125937579936
6.2919018268585205,0.9058336923184143,0.06910013202452318
6.304436445236206,0.9118562849850165,0.06460756036281068
6.322905540466309,0.9182263666498454,0.05998354183068455
6.335033178329468,0.9225142611864074,0.05675593569873112
6.346469879150391,0.9262425328371605,0.053974819908147696
6.359035968780518,0.9311336916469057,0.05035915447559654
6.372804164886475,0.9354355435516215,0.04715017471723056
6.3846259117126465,0.939175841464956,0.044385254092338636
6.397020101547241,0.9429041131157095,0.041604138301754835
6.409237623214722,0.9460689805808382,0.03926459008069283
6.4227516651153564,0.9498212344074061,0.036515916625468554
6.436145067214966,0.9526983866484325,0.034389054606320975
6.448459625244141,0.955575538889459,0.032262192587173416
6.460156440734863,0.9584526911304859,0.03013533056802549
6.4727606773376465,0.960754412923307,0.028433840952707495
