6.143600940704346,-0.9718264356613523,0.019538944562069387
6.170941591262817,-0.9754956463458847,0.01668035968579338
6.19385027885437,-0.9791772198214108,0.013837714564292445
6.218787431716919,-0.984860092162449,0.009489019332203828
6.246642112731934,-0.9903886966382277,0.004945813325803417
6.270669221878052,-0.9959377219054185,-0.00012006677023522136
6.297313690185547,-1.0026336816316757,-0.007083356327573729
6.322728395462036,-1.0077745287247613,-0.013509231765796777
6.346978664398193,-1.0125068246356803,-0.02067458496817629
6.37991738319397,-1.0183812149040425,-0.031733992300397314
6.405138254165649,-1.0218524092917582,-0.04113159510773128
6.427186727523804,-1.0238300607778477,-0.04948777878826627
6.453455686569214,-1.0251577339079803,-0.05977846850708575
6.479509353637695,-1.0251840749787506,-0.07015441747465398
6.505197763442993,-1.023864688321781,-0.08080679478905176
6.532670021057129,-1.0207260393151412,-0.0929298238650713
6.555436611175537,-1.0162239061441556,-0.10423100437862326
6.577725172042847,-1.010729372914544,-0.11427580136761528
6.605239629745483,-1.0029975660634962,-0.12589176855506837
6.632527589797974,-0.9936935878388061,-0.1372332850049564
6.655240058898926,-0.9839855353810271,-0.1472565204286495
6.685623407363892,-0.9679547773302754,-0.16153484283410047
6.72313928604126,-0.9495574390771391,-0.17576169451536336
6.7599263191223145,-0.9243408509090114,-0.19276273732797464
6.796910524368286,-0.9031165782361615,-0.20465701266803704
6.853827238082886,-0.8612922762043682,-0.2280957317205135
6.89495849609375,-0.8393383810059303,-0.2401498717510712
6.906586170196533,-0.8311840770750861,-0.2446271237624195
6.919759273529053,-0.8227161460699727,-0.24927657777420695
6.931103467941284,-0.8149321426852769,-0.2536832727344768
6.944572448730469,-0.8062355454722265,-0.2586565338291395
6.955795049667358,-0.7987813192896177,-0.2629193290531328
6.9682936668396,-0.7907059075917922,-0.2675373572124585
6.980659246444702,-0.7826708548191923,-0.27222525494081157
6.992006301879883,-0.7755991604017795,-0.2764337370957723
7.004668951034546,-0.7676257785043542,-0.2812257762533335
7.0170910358428955,-0.7599993193697907,-0.2858998312631356
7.0292863845825195,-0.7524343164307049,-0.29067271296054303
7.040834188461304,-0.744588314680986,-0.2956705839786236
7.052902460098267,-0.7373861391450416,-0.30034664841922265
7.065965414047241,-0.7290312353935078,-0.3058747323824351
7.0775229930877686,-0.7210684022142452,-0.31134433619570556
7.08977198600769,-0.7140114801158647,-0.3162368571819477
7.101261138916016,-0.7076214046120034,-0.32083320604348453
7.113497972488403,-0.7003599551757931,-0.3260563297497801
7.1252501010894775,-0.6931212260112161,-0.3313108962635589
7.136814832687378,-0.6856646827097124,-0.33687312784472334
7.149825811386108,-0.6776868172064608,-0.34293264853647365
7.166560649871826,-0.6675662493658073,-0.35090021758636514
7.177958011627197,-0.6605380772542383,-0.35643325164879297
7.190547466278076,-0.6530260389691592,-0.3625071761559534
7.202306747436523,-0.6469266401296387,-0.3674827988907001
7.214687347412109,-0.6392747864649909,-0.3739491165828917
7.226020097732544,-0.6326682272695479,-0.37943457797646446
7.2372727394104,-0.6261578164768562,-0.385033815640075
7.250305891036987,-0.6180198029859792,-0.3920328627195988
7.26161527633667,-0.6110197362421771,-0.39815965011202703
7.273942470550537,-0.6040730744201879,-0.40434692315438636
7.285566329956055,-0.5976607711998894,-0.4100582521165649
7.299524545669556,-0.5897076162639516,-0.41726666734903833
7.310981750488281,-0.5831323391789083,-0.42333093980505565
7.323300838470459,-0.5760027027829797,-0.4298494950879967
7.335084676742554,-0.5691644146145372,-0.43615633844225304
7.3466808795928955,-0.5623810870244806,-0.44252225746277585
7.359412431716919,-0.5555977594344271,-0.44888817648329504
7.371860027313232,-0.547770842984367,-0.45623346766081574
7.38314962387085,-0.5415605137435726,-0.4621637898969345
7.394912958145142,-0.5343151296293146,-0.46908249917240524
7.406688690185547,-0.5275872729517915,-0.4755070149281966
7.419741868972778,-0.5200831251191591,-0.4826728209635132
7.4312520027160645,-0.5136949495694556,-0.48893388176117314
7.443457126617432,-0.5067083291735649,-0.49560549427680395
7.457089900970459,-0.49846226006757394,-0.5035484273786552
7.470351696014404,-0.4902161909615801,-0.5114913604805102
7.481764078140259,-0.4837739494725211,-0.5176967769663356
7.493157148361206,-0.47766742585906125,-0.5237339352764621
7.504638433456421,-0.47068080546317387,-0.5304055477920896
7.516292572021484,-0.46346549499543094,-0.5373556142562111
7.529300928115845,-0.4565078741872478,-0.5440574640609013
7.540794610977173,-0.4495793838290995,-0.5507894251029918
7.552556753158569,-0.4423640733613599,-0.55773949156711
7.569764137268066,-0.43179879731930404,-0.5679163746038629
7.581362724304199,-0.4253835284691716,-0.5741496718650517
7.5932230949401855,-0.4189953529194685,-0.580410732662712
7.604997158050537,-0.4117499688052104,-0.5873294419381827
7.616663217544556,-0.40476334840931966,-0.5940010544538135
7.629612684249878,-0.3970326586224458,-0.6014475542368061
7.641382932662964,-0.3901334290287671,-0.6082094998982785
7.652947187423706,-0.38371816017863164,-0.6144427971594709
7.665168046951294,-0.3767026716027943,-0.621084046903103
7.6773645877838135,-0.36893976005180384,-0.6284969496982491
7.689656734466553,-0.3616346380317436,-0.6353525547972723
7.701127767562866,-0.3552193691816082,-0.6415858520584646
7.712685585021973,-0.34820388060577423,-0.6482271018020935
7.724995136260986,-0.3408987585857178,-0.6550827069011139
7.736565113067627,-0.3335936365656583,-0.6619383120001379
7.747687101364136,-0.3265494117605981,-0.6685490740599123
7.7598717212677,-0.31953392318476415,-0.6751903238035412
7.7729480266571045,-0.3124896983797111,-0.6818010858633096
7.7844626903533936,-0.3054168698366589,-0.6883812359007772
7.796965837478638,-0.29811174781659566,-0.6952368409998039
7.808379650115967,-0.2908066257965389,-0.7020924460988238
7.820553541183472,-0.2835015037764825,-0.7089480511978442
7.83284854888916,-0.27671817618643313,-0.715313970218361
7.84521484375,-0.26967395138138006,-0.7219247322781294
7.85679030418396,-0.26260112283832104,-0.7285048823156033
7.869453430175781,-0.25529600081826387,-0.7353604874146228
7.882351875305176,-0.24746908436820372,-0.7427057785921435
7.893379211425781,-0.24125875512740932,-0.7486361008282623
7.9051220417022705,-0.2339536331073563,-0.7554917059272794
7.916673421859741,-0.2271703055172998,-0.7618576249478022
7.929843187332153,-0.21882159463722953,-0.76969260220383
7.941337823867798,-0.21203826704717982,-0.7760585212243464
7.9535298347473145,-0.2055691740880211,-0.7822359402203014
7.982806444168091,-0.18790053619331298,-0.7989620506857498
8.006835699081421,-0.17375487910720516,-0.8121223507606881
8.034598112106323,-0.15777552573215753,-0.8269886156601536
8.060004472732544,-0.14342617890704465,-0.8404549828189455
8.073946952819824,-0.13641069033120018,-0.8470962325625836
8.08699917793274,-0.13025203223507437,-0.8530801979333236
8.09883427619934,-0.1243499848929485,-0.8588148314136211
8.123673439025879,-0.11157363379354562,-0.8713369530089384
8.139339208602905,-0.10473331446822923,-0.8781584858016985
8.150880098342896,-0.09943612596755896,-0.8834871457225228
8.162536382675171,-0.0941620969624575,-0.8888387287235471
8.175419569015503,-0.08916136333101468,-0.8939572100816731
8.187028646469116,-0.08416062969957186,-0.899075691439799
8.199302911758423,-0.07945228756960185,-0.9039792716927676
8.21092677116394,-0.07501194176251336,-0.9086440698244306
8.223343133926392,-0.07085665258271846,-0.913085921111293
8.234922647476196,-0.06672066619034081,-0.9175457515547377
8.246708869934082,-0.06260406037702045,-0.9220234772721083
8.257921934127808,-0.05898892995896088,-0.9259901273650919
8.271323919296265,-0.05491131721917576,-0.9305033906375598
8.283371448516846,-0.05207469449992,-0.9337264015473148
8.294939517974854,-0.04876530132745217,-0.9374865809420316
8.306776762008667,-0.04572269384818359,-0.9410046989431211
8.319896697998047,-0.04246250171936488,-0.9448076161830146
8.331688404083252,-0.0396964294429063,-0.9480913749953035
8.343001365661621,-0.03764331490150927,-0.9505720954156155
8.354271173477173,-0.03535014403110607,-0.9533185320935249
8.386006116867065,-0.029450060278867957,-0.9605107132568632
