0.0067942142486572266,0.0,0.0
0.029897689819335938,0.00035779249665830547,0.0
0.04134559631347656,0.0010733707604391118,-3.1033956210544434e-06
0.05430293083190918,0.002146738156112652,-7.758489052646217e-06
0.06613731384277344,0.004651191419666027,-2.9482054104432387e-05
0.07825827598571777,0.007513289132685895,-6.672186763871988e-05
0.09585905075073242,0.012522336979158532,-8.844563698606055e-05
0.10828924179077148,0.01645772133456027,-0.00013965038059569827
0.11952924728393555,0.021108323935855846,-0.0002203348727245708
0.13425087928771973,0.02719028157602365,-0.00029946947648485343
0.14629173278808594,0.03327183882387073,-0.00040497996619173754
0.15845990180969238,0.03863746453325413,-0.0005213485466277219
0.16962265968322754,0.04543449910437754,-0.0006392720351236547
0.18161249160766602,0.05223198117279914,-0.0007277165922675799
0.1924283504486084,0.05831353842064738,-0.0008332270819743984
0.2043154239654541,0.0654687827031959,-0.0009263266158100009
0.21625685691833496,0.0726240269857444,-0.0010194261496457044
0.22824358940124512,0.08085255791067711,-0.0011264906135566722
0.2426140308380127,0.09122815000254059,-0.001216488240199782
0.25876593589782715,0.10196101642636393,-0.0013561375409534967
0.27471137046813965,0.11341026864687315,-0.0014057918708904385
0.2888908386230469,0.12342836433982075,-0.0014492394095852715
0.3044605255126953,0.134162038296548,-0.0014957903439011537
0.3205251693725586,0.14596907964894879,-0.001444584316153513
0.3362276554107666,0.15741800885376572,-0.0015438920421045484
0.34758853912353516,0.16528944378025892,-0.0015438920421044372
0.3584725856781006,0.17459169875917363,-0.0016245795694396618
0.3705868721008301,0.183893953738086,-0.0015438920421043262
0.38224005699157715,0.19319620871699955,-0.0016245795694395406
0.39541006088256836,0.2032140217712142,-0.0015376853092321028
0.40627455711364746,0.21072766420105027,-0.0015376853092319968
0.4183797836303711,0.22038797076210515,-0.001579581150116156
0.43071627616882324,0.23147953815852892,-0.0015795811501159995
0.4426863193511963,0.24078205558769222,-0.0016199252931898944
0.45470690727233887,0.2500845730168579,-0.0016602694362636678
0.46677231788635254,0.2593863905841713,-0.001781298830250087
0.47791337966918945,0.26797268372322974,-0.0018930182708529343
0.49478983879089355,0.28156867073508485,-0.0019519827876530547
0.5060691833496094,0.29087048830239826,-0.002073012181639474
0.5198297500610352,0.30196195139101706,-0.0021211148137657318
0.5318465232849121,0.3112642063699306,-0.0022018023411010776
0.5427680015563965,0.3212820194241441,-0.002288696601308364
0.5545854568481445,0.3295109372901065,-0.002360074029335789
0.5667705535888672,0.33988682211494453,-0.0024050732658411496
0.5779232978820801,0.34883028865589694,-0.002560235750704355
0.5896313190460205,0.35848986843733727,-0.002685920121382553
0.6007208824157715,0.3674343443785997,-0.0027635042822819187
0.6127283573150635,0.378167210802423,-0.00290315358303533
0.6254563331604004,0.38782751736347787,-0.0029450494239196255
0.6368532180786133,0.39677199330474144,-0.003022633584818875
0.6479668617248535,0.4057147028203797,-0.003216581218878832
0.6587734222412109,0.41465917876164327,-0.003294165379778208
0.6709675788879395,0.4243187585430836,-0.0034198497504564053
0.6820089817047119,0.4336199637456736,-0.0035812187347139986
0.6936721801757812,0.4429222187245871,-0.003661906262049213
0.7049555778503418,0.45186669466585183,-0.0037394904229484725
0.7170007228851318,0.46188403666141903,-0.0038698297703184483
0.7284045219421387,0.47118585422873127,-0.003990859164304852
0.7396225929260254,0.48048837165789576,-0.0040312033073786205
0.7510054111480713,0.48907531082327826,-0.00406844405483133
0.7620131969451904,0.49837712839059284,-0.004189473448817764
0.7747588157653809,0.5091108023473201,-0.004236024383133647
0.7857928276062012,0.5180548577005066,-0.004352398800428287
0.7970011234283447,0.5273574626136366,-0.004352398800428156
0.8081648349761963,0.5359441595172478,-0.004426879594891541
0.8203403949737549,0.5456045569270372,-0.004426879594891405
0.8317503929138184,0.5556226526199826,-0.004470327133586228
0.8426613807678223,0.5652829591810385,-0.004512222974470528
0.854440450668335,0.5735121866041923,-0.004512222974470412
0.8654158115386963,0.5831724931652472,-0.004470327133585843
0.8776910305023193,0.5931906830716949,-0.004470327133585843
0.8930730819702148,0.6064290054480708,-0.004470327133585656
0.9048852920532227,0.6150159446134532,-0.0044330863861328255
0.916193962097168,0.6239599999666398,-0.00454946080342734
0.9284722805023193,0.6339781898730874,-0.00454946080342734
0.9406721591949463,0.6443541722761934,-0.004549460803427194
0.9518461227416992,0.6536566897053578,-0.004589804946500962
0.9630224704742432,0.6633169962664138,-0.004547909105616388
0.9760475158691406,0.6733351861728604,-0.004547909105616247
0.9875612258911133,0.6819222060926725,-0.004547909105616125
0.9988100528717041,0.6919400191468872,-0.00463480336582328
1.010181188583374,0.7008844950881484,-0.004712387526722636
1.0221853256225586,0.7109025907810961,-0.004668939988027662
1.0337021350860596,0.7202051082102605,-0.0046285958449537624
1.0450663566589355,0.729507625639425,-0.004588251701879863
1.0566132068634033,0.7388101430685883,-0.004547907558805968
1.0677490234375,0.7466815039701888,-0.004582044910637618
1.0796465873718262,0.7563418105312448,-0.004540149069753044
1.090968370437622,0.7645707283972073,-0.004468771641725619
1.1026268005371094,0.7742310349582622,-0.004510667482609914
1.1146738529205322,0.7828177318618745,-0.0044361866881463975
1.1268551349639893,0.7914047517816867,-0.004436186688146276
1.1379060745239258,0.7992761867081799,-0.004436186688146276
1.1499929428100586,0.8078628836117923,-0.004361705893682881
1.1610615253448486,0.8153762434024535,-0.0042965351985273
1.1741290092468262,0.823963182567836,-0.004259294451074349
1.184924602508545,0.8311189652056545,-0.004228260494863658
1.196054458618164,0.8379169587115827,-0.0041987782364635955
1.2079169750213623,0.8457880975398939,-0.004130504174872151
1.2189011573791504,0.8525858992552541,-0.004071540212588627
1.231586217880249,0.860099471024963,-0.004038954558567297
1.2423903942108154,0.8658239356273708,-0.0039893006955917035
1.2543327808380127,0.8719061792674299,-0.003936543466180044
1.2653822898864746,0.8790614235499795,-0.003843443932344224
1.277534008026123,0.8844278567618912,-0.0037736192819673667
1.2929894924163818,0.8926567746278536,-0.0037022418539399415
1.3055710792541504,0.8987387322680191,-0.0036231072501795173
1.3169143199920654,0.9033893348693136,-0.0035424227580505992
1.3287031650543213,0.9087557680812253,-0.003472598107673742
1.3400475978851318,0.913049116533032,-0.003435357710442039
1.3515362739562988,0.9180574577959651,-0.003348466718918576
1.362285852432251,0.9216348444123468,-0.003286401724973231
1.3742084503173828,0.9262854470136423,-0.0032057172328443587
1.3859403133392334,0.9302202392005222,-0.0031203802738578876
1.397066354751587,0.9341546242887754,-0.003017979454283941
1.4087703227996826,0.9380894164756564,-0.0029326424952975556
1.4201197624206543,0.9413084588205897,-0.0028488600065553083
1.4322457313537598,0.9448847351749439,-0.0027402575027764588
1.445601463317871,0.948461011529297,-0.002631654998997594
1.4577288627624512,0.9513211714063505,-0.0025199607722961887
