8.410025119781494,-0.02567446764887914,-0.965279504646155
8.422826290130615,-0.023907467405012744,-0.9675313261889987
8.433793783187866,-0.022160065139123466,-0.9697983893649433
8.44543194770813,-0.020412662873234188,-0.9720654525408879
8.456670761108398,-0.01864566262937054,-0.9743172740837279
8.46750283241272,-0.016412581024315684,-0.9771127872050882
8.480986595153809,-0.014359466482912985,-0.9795935076254075
8.492538213729858,-0.011784952461998337,-0.9825703767032468
8.503557920455933,-0.009386356732715723,-0.9852252374517542
8.514891386032104,-0.006919497951000602,-0.9878167919693439
8.52690839767456,-0.004108700709126566,-0.990571658720319
8.537804365158081,-0.0009525677083046537,-0.9934825094992084
8.549813032150269,0.001780237171924163,-0.9957919086749889
8.56092357635498,0.00487263290101966,-0.9982264436624612
8.573208332061768,0.008636772066596689,-1.0009588182496238
8.585103034973145,0.012227686238600027,-1.0033124459145495
8.5982506275177,0.017172334098657156,-1.006197306055072
8.610527992248535,0.020988349822096287,-1.0081651098497282
8.621340990066528,0.024901562308385736,-1.0099317438845372
8.63346266746521,0.028234739802316285,-1.011232311014864
8.644626140594482,0.033314384380452804,-1.0129645615335692
8.655635595321655,0.03676050777508084,-1.013926736473759
8.666881322860718,0.04163894547893929,-1.0150633445064403
8.679874420166016,0.04693010612641138,-1.0159617318963725
8.692386627197266,0.051200802499184135,-1.0164037502980068
8.703608512878418,0.056200954441913774,-1.0167029371961944
8.71525764465332,0.06085225479073708,-1.016698509167279
8.72782278060913,0.06656752911193088,-1.016370484894023
8.739911794662476,0.0715364589974634,-1.0157374224618
8.75137186050415,0.07540324200916111,-1.0150040323262215
8.763604164123535,0.08410190150633635,-1.012920047653027
8.787748575210571,0.09187396179151433,-1.0102153733832764
8.80392074584961,0.09909734609711819,-1.0070877213924647
8.81993579864502,0.10640418182545892,-1.0033021784167462
8.839431524276733,0.11528737641954256,-0.9979402883923864
8.855135202407837,0.12166868891827562,-0.9933317811942322
8.866888999938965,0.12700208354319256,-0.9891165129127047
8.879888772964478,0.13271059562099138,-0.9842310536281628
8.892256498336792,0.13826818663748158,-0.9791745721778992
8.903477430343628,0.14336918099413673,-0.9741560021784439
8.915027856826782,0.14829302100415548,-0.9689635087675607
8.927518844604492,0.15469304593708405,-0.9617272833030799
8.939862728118896,0.15904012721320426,-0.9565007673231025
8.951189279556274,0.16421962428439565,-0.9501060043039212
8.962897539138794,0.1694192839009596,-0.9432722314824685
8.974016666412354,0.1742879375308379,-0.9366377461358693
8.986944913864136,0.17983309834050704,-0.9287273435095861
8.999734878540039,0.18440953468282542,-0.9218880150055094
9.012339115142822,0.18921585247397366,-0.9147721018249146
9.023516178131104,0.19376258453291614,-0.9079129902522524
9.036006212234497,0.19911537997684906,-0.8994447135717797
9.047363996505737,0.20351231909150794,-0.8924886291556767
9.059664726257324,0.20856726665109557,-0.8842563279412643
9.070989847183228,0.2130922465638844,-0.8769582824568865
9.08348035812378,0.2174899490248213,-0.8695828418484658
9.095726728439331,0.22243736429337754,-0.8612854711639878
9.108711004257202,0.2276052862544728,-0.8527031223243308
9.120467185974121,0.2323347673013573,-0.8446924752095926
9.132684230804443,0.237064248348247,-0.8366818280948467
9.14398717880249,0.24161182627794825,-0.828979282792208
9.155693531036377,0.2456430535338073,-0.8222184622344879
9.167150259017944,0.2515917322198748,-0.8124357701790619
9.184532880783081,0.25735451469699827,-0.8029587872503727
9.196628332138062,0.26184780141663566,-0.7956411861708876
9.208712577819824,0.26671552869623716,-0.7877137850014547
9.220454931259155,0.2714619745274,-0.7801321676847036
9.232949256896973,0.27624125617376827,-0.7725712063628537
9.243995189666748,0.28124576484710295,-0.7647294367214841
9.255672454833984,0.28553774245677654,-0.7581310720755939
9.267208814620972,0.29014379700662296,-0.751311655277529
9.27947211265564,0.29531715982837636,-0.7435802404468285
9.291960954666138,0.3009604820668468,-0.7353027382200502
9.303788900375366,0.3061266070771422,-0.7280006274605569
9.31553030014038,0.3113243517736265,-0.7207209901594277
9.327066898345947,0.3163444477297457,-0.7137542443125817
9.340280294418335,0.3226195676749015,-0.7050458120040147
9.35202407836914,0.32748822130477784,-0.6984113266574198
9.363352537155151,0.33228169851793915,-0.6921677648527305
9.375006914138794,0.33788250321496427,-0.684740151177022
9.38768744468689,0.34441906305109593,-0.6762262032615333
9.400493860244751,0.35014786920363433,-0.6688968623473428
9.41226863861084,0.3554944810021598,-0.6621774387575504
9.423293352127075,0.3607292491654262,-0.6558278414270973
9.435730457305908,0.3670684267493936,-0.6480703317390298
9.44724154472351,0.37261653291767766,-0.6415162925990247
9.459534883499146,0.37856517045342314,-0.6343642181001041
9.471112966537476,0.38457561880239716,-0.6272640090317665
9.482854843139648,0.3904138947394615,-0.6204872691630364
9.4951171875,0.39675091444610183,-0.613195804334023
9.507276773452759,0.4028836232423485,-0.6062009247074513
9.519464254379272,0.4090163320385952,-0.5992060450808797
9.530930519104004,0.41544767931818355,-0.5919976437127309
9.543252944946289,0.42191022798051714,-0.584817202020039
9.554696321487427,0.42792284695672345,-0.5781946585348763
9.566510915756226,0.43517238716887113,-0.5702789721899635
9.582687377929688,0.44275760190420077,-0.5617027049727933
9.59539270401001,0.44934373475566586,-0.5546354472176218
9.607435941696167,0.45662753605564466,-0.5467512755920602
9.62245798110962,0.4639794478975758,-0.5389305776777332
9.633509397506714,0.4701623389585062,-0.5324667144911791
9.64638376235962,0.47730190697302455,-0.5249375990454078
9.657402992248535,0.48379017968250276,-0.5182712075614617
9.669695854187012,0.49058839422914735,-0.5109126473776067
9.681031465530396,0.49657756903789685,-0.5047590552385783
9.69339632987976,0.5035024070261364,-0.49751952846964037
9.705113649368286,0.5106745606568208,-0.49002144717323215
9.716995000839233,0.5166903664412131,-0.48389388714761167
9.728822708129883,0.5233981015252216,-0.47694194007085466
9.74125361442566,0.5308175707983377,-0.46918530424698923
9.752994298934937,0.5373058435078123,-0.4625189127630461
9.764632225036621,0.5439833658536165,-0.45553794052156826
9.775967836380005,0.5499457970393957,-0.44935843200890174
9.787227392196655,0.5562122613981418,-0.4429755569822082
9.800434589385986,0.5641263619561385,-0.4347018121034128
9.812641143798828,0.5710511999443808,-0.42746228533447106
9.82507061958313,0.5779760379326203,-0.4202227585655331
9.837283372879028,0.584653560278431,-0.41324178632404857
9.850619316101074,0.5925317042944445,-0.40493379686665193
9.862346172332764,0.5986865043069591,-0.39844318010305724
9.873600482940674,0.6054243259667962,-0.39152038894665664
9.885438203811646,0.6116351917853174,-0.38508340091262777
9.897711992263794,0.6197966079857494,-0.3765511015063722
9.90984582901001,0.6264437919992644,-0.3695412354016909
9.922357559204102,0.6326266830601915,-0.36307737221514014
9.933498620986938,0.6388375488787096,-0.3566403841811146
9.946492195129395,0.6466795881767786,-0.34829830640582277
9.957689046859741,0.6535413725625843,-0.3409989883524467
9.977446794509888,0.6648143040535516,-0.3290072515504721
9.989903450012207,0.6711859609832292,-0.3222293133580511
10.002971649169922,0.6780477453690352,-0.3149299953046754
10.01500678062439,0.6849095297548409,-0.30763067725129933
10.027664184570312,0.6927515690529067,-0.2992885994760109
10.04032850265503,0.6996133534387159,-0.2919892814226318
10.05292558670044,0.7064751378245188,-0.28468996336925956
10.064315795898438,0.7128467947541997,-0.27791202517683516
10.075709581375122,0.7189733879558112,-0.27139477691489283
10.089928150177002,0.7269232962035174,-0.2631554322313379
10.102771520614624,0.7341279005529942,-0.25568852611187337
10.11380386352539,0.7409896849388066,-0.2483892080584909
10.126446962356567,0.7478514693246122,-0.24108989000511485
10.137780666351318,0.7544681899823557,-0.2340512618822148
10.150967836380005,0.7613615659963663,-0.22678177110699566
10.162782192230225,0.7677625580093799,-0.22003152967285972
10.176708459854126,0.7756407020254007,-0.2117235402154572
10.1888267993927,0.7822878860389124,-0.20471367411077926
10.202305316925049,0.7901299253369719,-0.1963715963354976
10.214569330215454,0.7967466459947153,-0.18933296821259757
10.226896524429321,0.8033938300082338,-0.18232310210791325
10.23877215385437,0.810071352354038,-0.17534212986643544
10.252726793289185,0.8172759567035208,-0.1678752237469638
10.26392388343811,0.823953479049325,-0.16089425150548597
10.275643348693848,0.8296674756023622,-0.1549722225141818
10.287203788757324,0.8357097992141997,-0.14887080985209272
10.300504684448242,0.8426971698244091,-0.1416916190232247
10.312408447265625,0.8484367956827896,-0.1357944265566605
10.32402515411377,0.8547583871331144,-0.12946614474394302
10.335790872573853,0.8600454202934682,-0.12412740866461852
10.347350835800171,0.8661666135214641,-0.11810512466526343
10.360600233078003,0.8719317607315078,-0.11223287964070801
10.376957893371582,0.8795505330179854,-0.10467191194830334
10.389458894729614,0.8846732442649973,-0.0996755114693654
10.402517318725586,0.8903082266367024,-0.09417947094254084
10.413673639297485,0.895732374984893,-0.08898010201350207
10.426349401473999,0.9001415648468792,-0.08479017172968119
10.437427520751953,0.9056106066557096,-0.07963804554171099
10.449767112731934,0.9102791606272226,-0.07520164877060886
10.46262812614441,0.9144630344962855,-0.0712943274454474
10.473784685134888,0.9189084004821666,-0.06714279853746222
10.485721111297607,0.9228781083510906,-0.06353102607298595
10.497113466262817,0.9263320647504557,-0.060415773316991266
10.510382175445557,0.9310957141931651,-0.0560816463596203
10.521952152252197,0.9345631485417932,-0.05298140224337495
10.533835411071777,0.938043995622505,-0.04989622507776663
10.545739650726318,0.9415381899658167,-0.04682617289032499
10.558002233505249,0.9450456658512202,-0.043771303424085806
10.570338010787964,0.9482955348886211,-0.04096549177402434
10.581862211227417,0.9510037590864426,-0.03862731539898362
10.593894958496094,0.9542778424988357,-0.03584979751704476
10.607203483581543,0.9567334050581369,-0.033766659105585475
10.619463682174683,0.959197978815102,-0.0316941897281695
10.630809545516968,0.9616715174148475,-0.029632428364793958
