0.017798900604248047,0,0
0.031836748123168945,0,0
0.039296627044677734,0,0
0.04440164566040039,0,0
0.050717830657958984,0,0
0.05692124366760254,1,3
0.06218123435974121,1,3
0.06897759437561035,1,3
0.07412314414978027,1,3
0.08028268814086914,1,7
0.08762717247009277,1,7
0.0931084156036377,2,15
0.09932374954223633,2,39
0.10471343994140625,2,39
0.11084318161010742,3,37
0.12311053276062012,3,44
0.1295919418334961,3,44
0.13675189018249512,4,48
0.14227032661437988,4,48
0.14901494979858398,5,49
0.1541752815246582,5,49
0.1602926254272461,5,49
0.16664862632751465,5,51
0.17194318771362305,6,52
0.1781458854675293,6,52
0.18372249603271484,6,53
0.19091129302978516,7,53
0.19731664657592773,7,53
0.20241618156433105,7,53
0.20902752876281738,8,54
0.21421265602111816,8,54
0.2203383445739746,8,55
0.2267472743988037,9,55
0.23204302787780762,9,55
0.23937702178955078,9,56
0.24477171897888184,10,57
0.2510964870452881,10,57
0.2576138973236084,11,57
0.2630157470703125,11,57
0.2693328857421875,11,57
0.2747213840484619,11,57
0.28087806701660156,12,58
0.287994384765625,12,58
0.29360342025756836,13,57
0.29971885681152344,13,57
0.30513858795166016,13,57
0.3114469051361084,13,57
0.31784892082214355,14,57
0.32341527938842773,14,57
0.32955241203308105,15,58
0.3349616527557373,15,58
0.3420126438140869,15,58
0.3482499122619629,16,58
0.35381197929382324,16,57
0.3599226474761963,17,58
0.36531686782836914,17,58
0.37158823013305664,17,59
0.37796497344970703,17,59
0.3835268020629883,18,59
0.3908729553222656,18,59
0.3972182273864746,19,59
0.4023292064666748,19,59
0.40892982482910156,19,58
0.4141101837158203,20,58
0.4202232360839844,20,58
0.42636585235595703,21,59
0.43204689025878906,21,59
0.4382607936859131,21,59
0.4462573528289795,21,59
0.4516136646270752,22,59
0.4579803943634033,22,59
0.46353650093078613,23,59
0.4696536064147949,23,59
0.47509121894836426,23,59
0.48117518424987793,23,59
0.4877433776855469,24,60
0.49409937858581543,25,60
0.5002346038818359,25,60
0.5063917636871338,25,60
0.5118365287780762,26,60
0.5241861343383789,26,60
0.5307011604309082,27,60
0.5369088649749756,27,60
0.5436356067657471,27,60
0.55007004737854,28,60
0.5558295249938965,28,60
0.5615344047546387,29,60
0.5679287910461426,29,60
0.5734505653381348,29,60
0.5796148777008057,29,60
0.5850236415863037,30,59
0.5920674800872803,30,59
0.5983173847198486,31,59
0.6038496494293213,31,59
0.6101648807525635,31,60
0.6163389682769775,32,61
0.621671199798584,32,61
0.6280107498168945,33,61
0.6335422992706299,33,61
0.6396870613098145,33,60
0.6467874050140381,33,60
0.6522488594055176,34,60
0.6584341526031494,34,59
0.6639728546142578,35,59
0.6702780723571777,35,59
0.676689863204956,35,60
0.6819868087768555,36,59
0.6882607936859131,36,60
0.6946921348571777,37,60
0.7008538246154785,37,60
0.7072892189025879,37,59
0.7124040126800537,37,59
0.7189540863037109,38,59
0.7241401672363281,38,59
0.7306766510009766,39,59
0.7369582653045654,39,59
0.7422487735748291,39,61
0.7495782375335693,40,60
0.7550246715545654,41,60
0.7682878971099854,41,60
0.7738349437713623,41,59
0.7801463603973389,42,59
0.7863051891326904,42,59
0.7919998168945312,43,59
0.8038301467895508,43,59
0.8194267749786377,44,60
0.8300347328186035,45,60
0.8414194583892822,45,60
0.8507773876190186,46,60
0.8571574687957764,46,61
0.862262487411499,47,61
0.8687798976898193,47,61
0.8739974498748779,47,61
0.8801639080047607,48,61
0.8862655162811279,49,60
0.9003515243530273,49,60
0.9118409156799316,50,60
0.924950122833252,51,61
0.9316487312316895,51,61
0.938169002532959,51,60
0.9437508583068848,51,60
0.9509623050689697,52,60
0.957324743270874,52,59
0.9624204635620117,53,59
0.968996524810791,53,59
0.9741899967193604,53,59
0.9808351993560791,54,60
0.9872195720672607,54,60
0.9923372268676758,55,61
0.9997353553771973,55,61
1.0051531791687012,55,60
