0.01267552375793457,4,257
0.018151521682739258,6,260
0.02547168731689453,8,269
0.03217339515686035,10,273
0.03735685348510742,11,283
0.04392743110656738,13,297
0.05035805702209473,15,300
0.0554966926574707,17,310
0.062264442443847656,19,318
0.06748151779174805,21,324
0.07463669776916504,23,331
0.081146240234375,26,339
0.08669281005859375,28,345
0.09282207489013672,29,344
0.09820294380187988,32,348
0.1045217514038086,33,353
0.11094951629638672,36,352
0.11654233932495117,38,358
0.12266039848327637,40,363
0.1298227310180664,43,365
0.13512754440307617,45,366
0.14138484001159668,47,370
0.14690423011779785,50,372
0.1530611515045166,52,371
0.15848612785339355,54,374
0.1647787094116211,56,374
0.17119359970092773,58,376
0.17752742767333984,61,374
0.18412446975708008,63,378
0.19063758850097656,65,377
0.19610023498535156,68,378
0.20244598388671875,70,380
0.20784211158752441,72,384
0.21399188041687012,74,384
0.22053265571594238,77,381
0.22686982154846191,80,383
0.23309874534606934,82,381
0.23848247528076172,84,382
0.24460196495056152,86,384
0.25101757049560547,89,384
0.25658345222473145,91,385
0.2627379894256592,93,390
0.26813817024230957,96,388
0.27428603172302246,98,389
0.2815835475921631,101,388
0.2871439456939697,103,388
0.293316125869751,105,387
0.2995033264160156,108,389
0.30498218536376953,110,386
0.31229424476623535,112,389
0.3174717426300049,115,391
0.3240084648132324,117,389
0.3311443328857422,120,391
0.3366861343383789,122,389
0.3430492877960205,125,389
0.348461389541626,127,387
0.3545949459075928,129,386
0.3610727787017822,132,386
0.3665900230407715,134,388
0.37276649475097656,136,389
0.3795492649078369,139,390
0.3850390911102295,141,389
0.3912959098815918,144,390
0.3968648910522461,146,389
0.40743112564086914,150,389
0.41539716720581055,153,386
0.42217421531677246,155,386
0.4273543357849121,158,386
0.4346306324005127,160,388
0.441021203994751,163,391
0.4465470314025879,165,388
0.45287203788757324,167,390
0.4583089351654053,170,390
0.46462154388427734,172,389
0.47099971771240234,174,389
0.47655415534973145,177,388
0.48348498344421387,179,386
0.489926815032959,182,386
0.4952683448791504,184,390
0.5014932155609131,186,388
0.5070145130157471,188,391
0.5131871700286865,191,389
0.5189802646636963,193,391
0.5249955654144287,196,390
0.5324380397796631,198,389
0.5378856658935547,200,388
0.5440387725830078,202,389
0.5504498481750488,205,388
0.5555558204650879,207,391
0.5621438026428223,210,391
0.5673656463623047,212,388
0.5734946727752686,214,390
0.5799391269683838,218,391
0.58669114112854,220,392
0.5928013324737549,222,389
0.598224401473999,224,389
0.6043360233306885,226,387
0.6107645034790039,228,388
0.6161553859710693,232,391
0.6224715709686279,233,390
0.6279201507568359,236,391
0.635094165802002,238,392
0.6414895057678223,241,392
0.647036075592041,243,390
0.6532268524169922,246,390
0.6593701839447021,248,390
0.6651570796966553,250,390
0.6714284420013428,252,389
0.6769781112670898,255,388
0.6840965747833252,257,390
0.6905114650726318,260,389
0.6958482265472412,262,390
0.702383279800415,264,392
0.7075879573822021,267,390
0.7141833305358887,269,390
0.7206072807312012,271,390
0.7259254455566406,274,387
0.7323124408721924,277,387
0.7388677597045898,279,389
0.7446343898773193,281,390
0.7510478496551514,284,391
0.7565832138061523,286,394
0.7629241943359375,288,392
0.7683742046356201,291,393
0.7744784355163574,292,389
0.7809054851531982,295,387
0.7872321605682373,298,387
0.7934153079986572,300,389
0.7998793125152588,302,389
0.8115873336791992,307,391
0.8171541690826416,310,394
0.82387375831604,312,393
0.8300848007202148,314,390
0.8367218971252441,318,389
0.843132495880127,320,391
0.8489499092102051,322,389
0.8547379970550537,324,389
0.8611218929290771,327,392
0.866675615310669,329,390
0.8727872371673584,330,391
0.8782665729522705,334,391
0.8846004009246826,336,391
0.8920745849609375,338,392
0.8972690105438232,341,390
0.9034008979797363,343,388
0.909804105758667,346,390
0.9151792526245117,348,390
0.9214255809783936,350,388
0.9269859790802002,352,389
0.9331624507904053,355,394
0.9407014846801758,357,391
0.9461119174957275,360,391
0.9524617195129395,362,393
0.9578592777252197,364,392
0.964017391204834,367,391
0.9706172943115234,369,388
0.9760391712188721,371,389
0.9823358058929443,374,389
0.9888756275177002,377,392
0.9946603775024414,379,393
1.0012729167938232,382,392
