0.005992412567138672,1,219
0.011876583099365234,3,194
0.01925492286682129,5,189
0.03255820274353027,7,197
0.03902387619018555,8,200
0.04448056221008301,10,214
0.05079293251037598,11,225
0.057363271713256836,13,231
0.06294560432434082,14,241
0.06981110572814941,16,250
0.07598447799682617,17,255
0.08151674270629883,19,260
0.08790731430053711,21,264
0.09343695640563965,22,270
0.09959793090820312,24,275
0.10538959503173828,25,276
0.11114740371704102,27,278
0.11758208274841309,29,279
0.12391805648803711,31,284
0.13028717041015625,32,285
0.13653039932250977,34,288
0.14200568199157715,36,289
0.14873933792114258,37,290
0.15390229225158691,39,292
0.16000604629516602,41,292
0.1667158603668213,43,297
0.17313694953918457,45,297
0.17924737930297852,47,299
0.18467926979064941,49,298
0.19080066680908203,50,299
0.19722795486450195,52,301
0.2026064395904541,54,300
0.20905137062072754,55,299
0.21445679664611816,57,299
0.22060489654541016,60,299
0.2278614044189453,61,299
0.2334299087524414,63,302
0.23959136009216309,65,301
0.24539828300476074,67,303
0.25113701820373535,69,305
0.25753307342529297,71,304
0.2630951404571533,73,304
0.26938438415527344,74,305
0.2767941951751709,76,304
0.2819404602050781,78,304
0.28853487968444824,80,304
0.29369330406188965,81,304
0.29985976219177246,83,302
0.3062574863433838,85,304
0.31154727935791016,87,305
0.317781925201416,89,306
0.3242650032043457,91,304
0.3306236267089844,93,305
0.3377065658569336,95,305
0.34326720237731934,97,304
0.34938740730285645,99,304
0.3547816276550293,101,306
0.3608701229095459,102,305
0.3672981262207031,103,307
0.3727855682373047,106,304
0.37978148460388184,108,305
0.3859713077545166,109,304
0.39168620109558105,111,305
0.3984980583190918,113,307
0.4036734104156494,115,306
0.40981101989746094,117,308
0.4159722328186035,119,308
0.4214315414428711,123,309
0.43460726737976074,125,306
0.4408996105194092,126,305
0.4475376605987549,129,306
0.45310330390930176,131,304
0.45935940742492676,132,305
0.46478700637817383,134,306
0.47087645530700684,135,306
0.47836923599243164,138,307
0.48357462882995605,140,309
0.4897458553314209,141,309
0.49590516090393066,143,306
0.5012412071228027,145,308
0.5078301429748535,147,308
0.5133957862854004,149,306
0.5195245742797852,151,306
0.5249066352844238,153,304
0.5323634147644043,155,306
0.5387699604034424,156,306
0.5439419746398926,158,305
0.5502839088439941,160,306
0.5565023422241211,162,307
0.5618515014648438,164,306
0.5686779022216797,165,308
0.5738606452941895,168,308
0.5810153484344482,169,307
0.5874292850494385,172,308
0.5929977893829346,173,304
0.5991272926330566,175,304
0.6045353412628174,177,304
0.610651969909668,179,304
0.617034912109375,180,304
0.6223537921905518,182,304
0.6296494007110596,185,305
0.6357889175415039,187,307
0.6411361694335938,188,305
0.6475000381469727,190,305
0.653090238571167,192,308
0.6594464778900146,194,306
0.6648685932159424,195,306
0.6710247993469238,197,305
0.6774625778198242,199,305
0.683842658996582,201,304
0.6903748512268066,203,304
0.6967716217041016,205,303
0.7018752098083496,207,306
0.7085034847259521,209,305
0.713688850402832,210,307
0.7198498249053955,212,307
0.7262582778930664,214,307
0.732696533203125,217,308
0.7389309406280518,217,308
0.7443830966949463,220,309
0.7506909370422363,221,306
0.7570996284484863,223,306
0.7625019550323486,225,305
0.7688212394714355,227,304
0.7742340564727783,229,306
0.7810940742492676,231,306
0.787682056427002,233,307
0.7932994365692139,235,306
0.7994434833526611,237,309
0.8048384189605713,239,309
0.8111188411712646,240,307
0.8175435066223145,242,307
0.8231215476989746,246,305
0.8370296955108643,248,305
0.8424463272094727,249,306
0.8488926887512207,251,304
0.854295015335083,253,306
0.8605756759643555,255,308
0.8670933246612549,257,308
0.8724913597106934,259,309
0.8787636756896973,261,308
0.8848581314086914,263,306
0.890998125076294,264,307
0.8973734378814697,267,307
0.9029417037963867,269,308
0.9091074466705322,270,307
0.9145348072052002,272,306
0.9208090305328369,273,306
0.9274322986602783,276,306
0.9336612224578857,278,306
0.9398660659790039,279,305
0.9462926387786865,281,307
0.951573371887207,283,307
0.9578049182891846,285,307
0.9633910655975342,287,308
0.9695379734039307,289,309
0.9752871990203857,291,308
0.9810636043548584,293,307
0.9887380599975586,295,305
0.9939486980438232,296,305
1.0003199577331543,298,306
