0.006007671356201172,1,174
0.01264190673828125,2,169
0.018002748489379883,2,157
0.024542808532714844,4,155
0.030538320541381836,5,158
0.036875247955322266,6,168
0.043291568756103516,7,173
0.048888444900512695,8,181
0.05502676963806152,9,187
0.06545591354370117,12,191
0.07350564002990723,13,194
0.07907891273498535,14,197
0.08636021614074707,15,198
0.09297299385070801,16,200
0.0984346866607666,18,200
0.10480785369873047,19,204
0.11026263236999512,21,205
0.11643433570861816,22,206
0.1228482723236084,23,211
0.12839078903198242,24,212
0.1353919506072998,26,213
0.1415705680847168,27,214
0.1468982696533203,28,214
0.15347862243652344,30,215
0.15903496742248535,31,217
0.16519904136657715,32,217
0.1710350513458252,34,218
0.17675542831420898,34,218
0.18428874015808105,36,219
0.18948936462402344,38,220
0.19564604759216309,39,221
0.20212054252624512,40,221
0.20744061470031738,42,219
0.21420836448669434,43,219
0.21938133239746094,44,219
0.22553753852844238,46,219
0.23199868202209473,47,220
0.2387220859527588,49,224
0.24485135078430176,50,223
0.25028276443481445,52,224
0.25644397735595703,52,224
0.26284313201904297,54,225
0.2682490348815918,55,222
0.274700403213501,56,223
0.28011488914489746,58,221
0.28720927238464355,60,223
0.29346299171447754,61,223
0.2990305423736572,62,223
0.30516743659973145,64,223
0.31093549728393555,65,223
0.316709041595459,66,221
0.3231205940246582,68,224
0.32865309715270996,69,224
0.335918664932251,70,221
0.34236860275268555,72,223
0.34747934341430664,73,222
0.35396265983581543,74,222
0.35922670364379883,76,224
0.3655662536621094,77,225
0.37204551696777344,78,225
0.37735533714294434,80,225
0.38460612297058105,81,224
0.3915750980377197,83,224
0.39727067947387695,84,224
0.403505802154541,86,223
0.40904784202575684,87,224
0.4151880741119385,88,224
0.42055678367614746,90,224
0.4266846179962158,90,223
0.4330329895019531,92,221
0.43940186500549316,94,221
0.44554996490478516,95,223
0.45200443267822266,96,223
0.4575083255767822,98,226
0.46930360794067383,100,224
0.47561168670654297,102,225
0.48204660415649414,103,224
0.48865461349487305,105,224
0.49506235122680664,106,225
0.5004875659942627,108,224
0.5066442489624023,108,223
0.5131621360778809,110,224
0.5186896324157715,111,222
0.5248117446899414,112,224
0.530224084854126,114,223
0.536367654800415,116,224
0.5434322357177734,117,221
0.548978328704834,118,223
0.5551300048828125,120,225
0.5605504512786865,121,222
0.5666983127593994,122,225
0.5732264518737793,124,226
0.5787947177886963,125,223
0.5849144458770752,126,227
0.5920398235321045,128,224
0.597337007522583,129,224
0.6035661697387695,130,225
0.6091043949127197,132,224
0.6152486801147461,133,223
0.6210522651672363,134,224
0.6270861625671387,136,223
0.6335058212280273,137,223
0.6390414237976074,138,221
0.6461231708526611,140,223
0.6525335311889648,141,222
0.6576461791992188,142,224
0.664219856262207,144,223
0.6694178581237793,145,224
0.6755795478820801,146,225
0.6820240020751953,148,225
0.6873023509979248,150,226
0.6946938037872314,150,227
0.7001512050628662,152,223
0.7063610553741455,153,225
0.7128086090087891,154,224
0.7181951999664307,156,222
0.7245173454284668,157,223
0.7298948764801025,158,224
0.7360477447509766,160,223
0.7432053089141846,162,223
0.74880051612854,163,222
0.755103588104248,164,223
0.7605197429656982,166,225
0.7666807174682617,166,225
0.7730817794799805,168,226
0.7786195278167725,170,223
0.7847676277160645,170,222
0.7902238368988037,172,223
0.7973268032073975,174,222
0.803537130355835,175,226
0.8090729713439941,176,224
0.8153657913208008,178,225
0.8215494155883789,179,223
0.8270645141601562,180,224
0.8333606719970703,182,223
0.8389308452606201,183,222
0.8460183143615723,184,221
0.8524420261383057,186,223
0.8575561046600342,187,223
0.8693742752075195,190,222
0.8760638236999512,191,222
0.8827476501464844,192,223
0.8881921768188477,194,224
0.895418643951416,196,223
0.9015963077545166,197,223
0.9070982933044434,198,222
0.9133660793304443,200,223
0.9189307689666748,201,220
0.9250223636627197,202,221
0.9304442405700684,204,222
0.9367289543151855,204,223
0.94315505027771,206,222
0.9495010375976562,208,222
0.9556384086608887,209,222
0.9620649814605713,210,221
0.9673919677734375,212,222
0.9736318588256836,213,222
0.9791882038116455,214,220
0.9853529930114746,216,220
0.9914815425872803,217,222
0.9983875751495361,219,220
1.004605770111084,220,221
