0.00627899169921875,0,97
0.011729717254638672,1,91
0.018183231353759766,1,89
0.023590803146362305,2,87
0.030008792877197266,2,85
0.03749871253967285,3,93
0.04271745681762695,4,96
0.04890179634094238,4,94
0.055074453353881836,5,100
0.060840606689453125,6,103
0.06708669662475586,6,111
0.0726625919342041,7,113
0.07884573936462402,8,115
0.08625340461730957,10,121
0.09831619262695312,10,123
0.10375452041625977,11,126
0.11008501052856445,12,129
0.11668801307678223,13,129
0.12225914001464844,14,131
0.1283862590789795,14,134
0.13379883766174316,15,135
0.1408555507659912,16,135
0.1476001739501953,17,134
0.15283632278442383,18,135
0.15898656845092773,18,136
0.16513967514038086,19,136
0.1707308292388916,20,136
0.17696666717529297,21,138
0.1825413703918457,22,137
0.1896979808807373,22,136
0.1961064338684082,24,136
0.2014455795288086,24,138
0.20799040794372559,25,139
0.2133941650390625,26,138
0.21956443786621094,27,140
0.2259998321533203,28,140
0.23114681243896484,28,140
0.2385416030883789,30,139
0.2439556121826172,30,141
0.2500596046447754,31,140
0.25644540786743164,32,140
0.26190900802612305,33,141
0.26825451850891113,34,142
0.27367472648620605,34,143
0.27980613708496094,35,142
0.2862215042114258,36,141
0.29256367683410645,37,140
0.29881834983825684,38,141
0.3049905300140381,39,140
0.31034421920776367,40,141
0.3168954849243164,41,143
0.3224446773529053,42,144
0.32877373695373535,42,141
0.33457350730895996,43,141
0.3414888381958008,44,143
0.3478355407714844,45,141
0.3530399799346924,46,140
0.3594090938568115,46,140
0.36565256118774414,48,141
0.37104225158691406,48,139
0.3776261806488037,49,142
0.38283801078796387,50,141
0.390139102935791,51,141
0.396517276763916,52,141
0.40200281143188477,53,140
0.40819621086120605,54,141
0.4149601459503174,54,142
0.4203476905822754,55,140
0.426738977432251,56,140
0.43230509757995605,57,141
0.43848586082458496,58,141
0.44606637954711914,59,143
0.451446533203125,60,142
0.457827091217041,60,142
0.4629955291748047,61,142
0.46912503242492676,62,141
0.47555088996887207,63,140
0.48087286949157715,64,141
0.48710179328918457,66,141
0.499922513961792,66,142
0.5066165924072266,68,141
0.512178897857666,68,140
0.5184769630432129,69,140
0.5238943099975586,70,142
0.5302495956420898,71,141
0.5366635322570801,72,141
0.5429806709289551,73,142
0.549107551574707,74,141
0.5555055141448975,74,140
0.5608096122741699,75,141
0.5676002502441406,76,140
0.5728468894958496,77,139
0.5791642665863037,78,139
0.5855996608734131,78,142
0.5909197330474854,80,142
0.5981833934783936,80,142
0.6035871505737305,81,142
0.6097686290740967,82,142
0.6161417961120605,83,143
0.6214687824249268,84,142
0.6280195713043213,84,141
0.6334102153778076,86,143
0.6395635604858398,86,142
0.6467030048370361,88,143
0.6522622108459473,88,143
0.6584534645080566,89,142
0.6638822555541992,90,141
0.6700310707092285,90,141
0.6764283180236816,92,141
0.6818833351135254,92,142
0.6882972717285156,93,142
0.6954464912414551,94,142
0.7007148265838623,95,142
0.7071356773376465,96,140
0.7127244472503662,97,141
0.7188980579376221,98,142
0.7250716686248779,98,140
0.7304062843322754,99,140
0.7368559837341309,100,140
0.7424733638763428,101,139
0.7496275901794434,102,143
0.756037712097168,103,142
0.7611644268035889,104,142
0.7677273750305176,104,141
0.772930383682251,105,141
0.7790758609771729,106,139
0.7854931354522705,107,141
0.7908360958099365,108,141
0.7981481552124023,109,143
0.8035705089569092,110,142
0.8099091053009033,110,143
0.8163485527038574,111,144
0.82173752784729,112,143
0.828080415725708,113,142
0.8334829807281494,114,143
0.8398072719573975,115,140
0.8468339443206787,116,140
0.8524301052093506,117,142
0.8585648536682129,118,140
0.8639824390411377,118,141
0.8702733516693115,119,142
0.876680850982666,120,142
0.8821961879730225,121,141
0.8883228302001953,122,140
0.9010441303253174,124,140
0.9078207015991211,124,140
0.9130327701568604,125,143
0.919602632522583,126,143
0.9262852668762207,127,141
0.9317317008972168,128,142
0.9380416870117188,128,140
0.9434785842895508,130,140
0.9504032135009766,130,141
0.9567797183990479,132,141
0.9623980522155762,132,140
0.9687008857727051,133,142
0.9744608402252197,134,142
0.9802060127258301,134,142
0.9867434501647949,136,142
0.9923274517059326,136,143
0.9994306564331055,138,142
1.0056660175323486,138,140
