0.018103361129760742,0.0,0.0
0.054160118103027344,0.0,0.0
0.06564784049987793,0.0003787364476834398,0.0
0.07766103744506836,0.0011362093430503195,1.1827145250062701e-17
0.09131407737731934,0.0018936822384147322,3.8518598887744717e-29
0.1040506362915039,0.0028405233576239484,-1.478393156254949e-17
0.11587953567504883,0.004166097116179421,3.1774940381642992e-06
0.12792491912841797,0.005491659449755091,9.532463856817573e-06
0.14120841026306152,0.007006566069206318,2.0426645667100755e-05
0.1541454792022705,0.008710757674466323,4.08529235759071e-05
0.16591572761535645,0.01041475832705211,7.353374760607839e-05
0.17798447608947754,0.012307782305645039,0.00012346005885537707
0.19106721878051758,0.014200545177506248,0.00018246116889973374
0.20343565940856934,0.01628224926627076,0.0002573431769557015
0.21582794189453125,0.01836336104260193,0.00034719306685451935
0.2278585433959961,0.020254644536361787,0.00044247772624029835
0.24558210372924805,0.02346901295806423,0.0006198737340819136
0.2576882839202881,0.02573631516267219,0.0007722791077011567
0.2698349952697754,0.028002860663108423,0.000935552434883518
0.28181958198547363,0.03007978597396935,0.0010951785023333184
0.29547739028930664,0.0325329140018542,0.0013014736034580978
0.3074963092803955,0.034984495104088256,0.0015254041487419714
0.3221890926361084,0.036869039256160134,0.0017112152328169073
0.3360114097595215,0.040071213138880415,0.0020424494685049714
0.34922099113464355,0.042706267720613846,0.0023341871840118203
0.36134934425354004,0.04496366115744303,0.002595073282295021
0.3741493225097656,0.04740778766649065,0.0028894206921919337
0.38591909408569336,0.049663246667384954,0.0031665332689577493
0.39930176734924316,0.05248087738275176,0.003526436168392764
0.41133785247802734,0.054734285310910284,0.003819760893287999
0.42408180236816406,0.05698626111115164,0.004123885341581551
0.4358539581298828,0.05905057226137073,0.004402666085850384
0.4487762451171875,0.06186462266722828,0.004789568216213068
0.46132946014404297,0.06411511458090512,0.005104485398011919
0.47403430938720703,0.0663656064945844,0.0054194025798110414
0.48577022552490234,0.06880197582237113,0.005772247146945427
0.4986531734466553,0.0712374923596168,0.006130930833161198
0.511223316192627,0.07348486136183684,0.00646741152023229
0.5234403610229492,0.07573223036405932,0.006803892207303712
0.5356369018554688,0.07816688011646548,0.007168412951630896
0.54831862449646,0.08041343609640014,0.007510279758952105
0.5603640079498291,0.0824727790780061,0.007823657665663088
0.5724155902862549,0.08490565329786956,0.00819984620916222
0.5847983360290527,0.08677639597660877,0.008493707145713923
0.5979819297790527,0.08920836145896745,0.008875726363230734
0.6099143028259277,0.09145240093986134,0.009233739621521502
0.6218042373657227,0.09332243384060808,0.009532084003430797
0.6345653533935547,0.09575158928841786,0.009931581938735
0.6475620269775391,0.09817978013530919,0.01033690156695636
0.6594305038452148,0.10023357515311354,0.010684788406512012
0.6714370250701904,0.10228653036348757,0.0110375973243521
0.6841819286346436,0.10433863397030213,0.01139532629326265
0.6972935199737549,0.10676282694815378,0.011823909069488037
0.7087745666503906,0.1088131919791233,0.012191471945831912
0.725614070892334,0.1114216186119868,0.012665533170089902
0.7379946708679199,0.11383939703293904,0.013128936123388708
0.7513790130615234,0.11625827931416305,0.013586542176148955
0.7640650272369385,0.11811810886873919,0.013943005986378295
0.7759854793548584,0.12016201804773223,0.014344919529727017
0.7879734039306641,0.12239067975082768,0.014788714187286361
0.8018660545349121,0.12480506326251412,0.01526949173297563
0.8145713806152344,0.1270304759521822,0.015729301525816503
0.8264541625976562,0.1288849865269052,0.016112476353183816
0.8381609916687012,0.13110816926199317,0.01658294974384266
0.8513956069946289,0.13296082154123698,0.01697501090272581
0.8640849590301514,0.13499664808456954,0.01741604323006312
0.8759157657623291,0.1370314115964125,0.017861954296500875
0.8878560066223145,0.13924998118414852,0.018353722198356293
0.9012587070465088,0.14128366997290445,0.01880450944172332
0.9134306907653809,0.1433162723531585,0.01926017027183167
0.9256546497344971,0.1451630944373134,0.019678835543337617
0.9378135204315186,0.14737684691546823,0.020191852746143324
0.9505531787872314,0.14940612002044723,0.020662118515382716
0.9626007080078125,0.1514342600383358,0.021137247230725447
0.9754440784454346,0.15309271071973057,0.021529965447319506
0.9878580570220947,0.1551185496094088,0.022014811836783988
1.0010645389556885,0.1569612725887374,0.022451165410777612
1.0127520561218262,0.1589859434505118,0.022940866472422005
1.025573968887329,0.16100943465078504,0.023435419392463006
1.037621259689331,0.16266404366964937,0.02384402097709641
1.050630807876587,0.1648688767645231,0.024394109795985122
1.062558650970459,0.1665225015856778,0.02480667641015156
1.0753939151763916,0.16835875838773015,0.025269486713622887
1.0874152183532715,0.17019277532253205,0.025741094922787994
1.1001863479614258,0.17184339056385303,0.026165542311036457
1.1121327877044678,0.17404284799276404,0.026736746042926456
1.1285314559936523,0.17642259954159134,0.027366966128131942
1.1411693096160889,0.17806906925752058,0.0278072202988011
1.1546332836151123,0.18008012551882088,0.028350130919602368
1.1672067642211914,0.18190953631430123,0.028839302220346853
1.1786820888519287,0.18373658094357884,0.029337238303313296
1.1911566257476807,0.18556121741447637,0.02984392772410675
1.20451021194458,0.18738340379017907,0.030359358837152475
1.2164664268493652,0.18939050390816753,0.030916717200025604
1.2284436225891113,0.1910293549655828,0.031384534976379296
1.240790605545044,0.19266707992557397,0.03185627983930204
1.254408836364746,0.19430366937789675,0.032331949078183334
1.2660274505615234,0.19630254603903877,0.03291811571134808
1.277918815612793,0.19793683627144876,0.033401625480135595
1.2901625633239746,0.199753996872493,0.0339345042375598
1.3033504486083984,0.2012056649021623,0.03436777168439037
1.3156147003173828,0.2032017084429588,0.03496351442378263
1.3276541233062744,0.20519631821582912,0.035564040095402434
1.3395869731903076,0.20646469565296405,0.03594923428384875
1.3517837524414062,0.20845640351565756,0.03655931544073619
1.3655798435211182,0.21008478148238982,0.0370623775221184
1.3777828216552734,0.21207354165817013,0.03768200014237572
1.3898122310638428,0.21352098873971123,0.03812916643693809
1.4017891883850098,0.21514936670644583,0.03863222851832107
1.415635108947754,0.21695460923360807,0.03920418292053132
1.427692174911499,0.21875985176076795,0.03977613732274082
1.4397282600402832,0.2205650942879302,0.04034809172495102
1.4516386985778809,0.22200928830966282,0.040805655246720064
1.4654555320739746,0.22399201605345048,0.041444317851159
1.4776866436004639,0.22561299061637397,0.04197074707396786
1.4896535873413086,0.22723522240674823,0.04249328920487327
1.5018434524536133,0.22867382878302564,0.042968128591390875
1.5155060291290283,0.2308317383474406,0.04368038767116684
1.5316624641418457,0.23280982211482235,0.04433329182762865
1.5443885326385498,0.23460665214344487,0.044931149894667274
1.5575742721557617,0.23640348217206505,0.04552900796170512
1.5698189735412598,0.23819742535216443,0.04613547336604989
1.5817255973815918,0.2394531855782319,0.046559999149090474
1.5945050716400146,0.24160416672609084,0.04729291577905076
1.607370138168335,0.2432174025869868,0.04784260325152162
1.619236946105957,0.24482931617715817,0.04839615617409045
1.631415843963623,0.24643989823468018,0.04895357136608711
1.6441524028778076,0.24804913950526258,0.04951484562464346
1.6564242839813232,0.25001433990612876,0.05020556019140719
1.6767313480377197,0.252513389629057,0.05109064438270719
1.6884217262268066,0.25411717536397094,0.05166732243566104
1.7005512714385986,0.2557223388253694,0.05224015445506551
1.721745252609253,0.2583953150502259,0.053201284543322
1.7473301887512207,0.26142729047731317,0.05428330057997527
1.771643877029419,0.2648071849484433,0.05551694980099941
1.7999165058135986,0.26836807115554306,0.05680699596311878
1.829404592514038,0.2715672657475504,0.05798338833114157
1.8439691066741943,0.27422853080457266,0.05897648512475565
1.8557536602020264,0.2756465984818522,0.05950953747819016
1.8704569339752197,0.27741918307845387,0.06017585291998417
1.894322156906128,0.2800780599733587,0.06117532608267604
1.911642074584961,0.28255290605118266,0.06212598923776119
1.927830696105957,0.28432065324962896,0.06280503434853656
1.9412310123443604,0.28626517516792316,0.06355198397039069
1.9539823532104492,0.2878546781326928,0.06416693647688516
1.965996503829956,0.2892662553040549,0.06471694614783984
1.977884292602539,0.29085427962183824,0.06533570702766413
1.990797758102417,0.2924408161679625,0.06595827272546297
2.0026814937591553,0.2940258558263128,0.06658463966402259
2.015533208847046,0.2954334413045919,0.06714478595759206
2.0278983116149902,0.2968410267828688,0.06770493225116062
2.040698528289795,0.29860050863071425,0.06840511511812114
2.0525763034820557,0.30000539252813235,0.06897200309966807
2.06540846824646,0.301410276425555,0.06953889108121684
2.0775973796844482,0.3028151603229754,0.07010577906276469
2.0904734134674072,0.3045678478569624,0.0708227998632226
2.102390766143799,0.30596999788415247,0.07139641650358912
2.1150782108306885,0.30754741666473756,0.07204173522399998
2.127105474472046,0.3089481876679063,0.07261871125950188
2.1398768424987793,0.31052405504646946,0.07326780929944082
2.1518046855926514,0.31192343897688973,0.07384814141481617
2.1645445823669434,0.3133228229073077,0.07442847353019062
2.176596164703369,0.3150720528203347,0.07515388867441057
2.189603567123413,0.31646863849102064,0.07574092292663877
2.201807737350464,0.31769065095287,0.07625457789733806
2.2144477367401123,0.3192602222651172,0.07691875570187119
2.226367950439453,0.32065680793580315,0.07750578995409939
2.2393388748168945,0.32222796681532345,0.07816620348785547
2.251376152038574,0.3236231413151022,0.07875658375855304
2.264193296432495,0.32501546943151755,0.07935364587014092
2.2758660316467285,0.32640779754793064,0.07995070798172778
2.288038969039917,0.327800125664346,0.08054777009331561
2.3013548851013184,0.3293664947953141,0.08121946496885234
2.314039468765259,0.33075738771563284,0.08181986286446963
2.3298871517181396,0.3324960038660307,0.08257036023399106
2.3438620567321777,0.33440450188675425,0.08340506648962738
2.3558766841888428,0.3357939516190101,0.08400879671943297
2.367896318435669,0.3371834013512705,0.08461252694924043
2.379981279373169,0.3385728510835287,0.0852162571790469
2.3927109241485596,0.3401359820323177,0.08589545368757863
2.4055745601654053,0.34135048077277713,0.08642663039571043
2.4178667068481445,0.3429103376129213,0.0871133129268175
2.429853677749634,0.3442983361734473,0.08772037202182568
2.443380832672119,0.34568340847289364,0.08833407836378489
2.45563006401062,0.3472416148097716,0.08902449799848931
2.467686176300049,0.3486252120366822,0.08964152268400233
2.4797379970550537,0.35000880926359496,0.09025854736951634
2.4925076961517334,0.3513924064905055,0.09087557205502932
2.505610942840576,0.3527730297307444,0.0914992227724779
2.5176732540130615,0.35449880878103746,0.0922787861692861
2.5296878814697266,0.355706854116246,0.09282448054705332
2.5415890216827393,0.35708597845942835,0.09345143891480695
2.5553243160247803,0.3586374933455093,0.09415676707853021
2.5675570964813232,0.3600151108672947,0.09478702949413528
2.5794482231140137,0.3613927283890801,0.09541729190974031
2.5914196968078613,0.3629425481010873,0.09612633712729537
2.6047158241271973,0.36431865088579113,0.09675989996931242
2.6172327995300293,0.36586676651858385,0.09747265816658193
2.628782272338867,0.3672413466592252,0.09810951779460747
2.641256809234619,0.3686159267998643,0.09874637742263193
2.6544318199157715,0.36999050694050795,0.09938323705065846
2.6661064624786377,0.37136508708114707,0.10002009667868292
2.678331136703491,0.37291148973936944,0.10073656376021199
2.6904757022857666,0.3744561705375083,0.10145673560923468
2.7039923667907715,0.3756562428082976,0.10201974753693101
2.7157816886901855,0.37702620766258016,0.10266647549123456
2.731663227081299,0.3787386637304378,0.1034748854341161
2.744513511657715,0.38010862858472033,0.10412161338841962
2.7581708431243896,0.3816498390457915,0.10484918233701275
2.7703680992126465,0.38301824971603327,0.105499192326492
2.7821719646453857,0.3843866603862729,0.10614920231597016
2.7946441173553467,0.38558401972273587,0.10671796105676513
2.8086776733398438,0.387125230183807,0.10744553000535827
2.821059226989746,0.3884936408540488,0.10809553999483752
2.832744836807251,0.38969100019050734,0.10866429873563038
2.8455660343170166,0.39105784881392575,0.10931758702537779
2.8584752082824707,0.3925955535152698,0.11005253635134284
2.870680809020996,0.3939608322380531,0.1107090991876119
2.8824996948242188,0.3949847912801389,0.11120152131481292
2.8954007625579834,0.3963500700029222,0.11185808415108199
2.9082114696502686,0.397886008566052,0.11259671734188406
2.9205424785614014,0.3992497095434156,0.11325655095211626
2.932434558868408,0.4004429478986079,0.113833905361069
2.945478677749634,0.4016347988703042,0.11441411837980642
2.958336353302002,0.4029953208587756,0.11508048214513301
2.9704127311706543,0.404185777598685,0.11566355043979233
2.9825034141540527,0.4057181574194387,0.11640953860674101
2.995344400405884,0.4069086141593503,0.11699260690140141
3.008138418197632,0.4084374000180222,0.11774593289895399
3.020263195037842,0.4096250477816024,0.11833470167827968
3.0320122241973877,0.4108141034494608,0.11892062189859956
3.04478120803833,0.412171415179263,0.11959350050354134
3.0577428340911865,0.41369839087529375,0.12035048893410248
3.0698533058166504,0.41488462391046077,0.12094210288941264
3.0818369388580322,0.4162386941856069,0.12162148086875861
3.094397783279419,0.4174235056763589,0.12221593660068597
3.1075479984283447,0.41894499828300286,0.1229838861486326
3.1194539070129395,0.42012694626962654,0.1235840151703954
3.1357600688934326,0.42181338347442643,0.12444538731665364
3.1480154991149902,0.42316253323826897,0.1251344850336616
3.161407232284546,0.4245116830021071,0.1258235827506673
3.1740872859954834,0.4256892848179754,0.1264321958043417
3.185837745666504,0.42686834213497576,0.1270379843227763
3.1980018615722656,0.42821417278168333,0.12773354209840468
3.2111687660217285,0.42972823225923024,0.12851604459598698
3.2240424156188965,0.4309043718075569,0.12912747868785718
3.2358243465423584,0.43208197362342743,0.1297360917415327
3.2478647232055664,0.43342613310723027,0.13043487356081346
3.260798931121826,0.43460227265555695,0.13104630765268366
3.272775411605835,0.4359447532530178,0.13174830950047012
3.285722494125366,0.43711942377579305,0.13236256111728167
3.297741174697876,0.4384602177731236,0.13306777895992622
3.3105533123016357,0.43980101177044983,0.13377299680256846
3.322554588317871,0.44097420651811137,0.134390062414881
3.3356010913848877,0.44231330621121007,0.13509849220025488
3.347841739654541,0.4434850184426687,0.1357183682624556
3.360673666000366,0.4448258124399971,0.136423586105099
3.372520685195923,0.4458288607108731,0.1369573143482385
3.3853089809417725,0.4471662584053758,0.13766895200575857
3.39741849899292,0.44816930667624744,0.13820268024889573
3.410334587097168,0.4495067043707502,0.1389143179064158
3.422092914581299,0.4506769273534352,0.13953700085674328
3.434666156768799,0.4518456543633416,0.14016248711731255
3.4467062950134277,0.4531830520578422,0.14087412477483147
3.4597649574279785,0.4541835300478747,0.14141265561209795
3.4716899394989014,0.4555175007012535,0.1421306967284545
3.484286308288574,0.4565179786912882,0.14266922756572215
3.4959754943847656,0.45768520301299603,0.1432975135425348
3.508690357208252,0.45901744864353844,0.14401875020878774
3.521334409713745,0.4601831635702663,0.14464983229176082
3.53792667388916,0.4618463047611772,0.14555536738173702
3.5502982139587402,0.46301050359481444,0.14618924194472013
3.564164400100708,0.464173179645966,0.1468259053455198
3.5758819580078125,0.46533432623398674,0.14746535392591822
3.588231325149536,0.46666309886387514,0.1481929692411184
3.6003549098968506,0.46765705068075397,0.14874345217177992
3.614144802093506,0.46898231976992794,0.1494774294126631
3.6258251667022705,0.4701419302229543,0.15011965949843545
3.6380369663238525,0.47146543611438557,0.15085681138522755
3.650113105773926,0.47262350376938717,0.15150181928617015
3.6627328395843506,0.47378002197219815,0.1521496012961184
3.6794042587280273,0.4752649732505088,0.1529860258063497
3.6945934295654297,0.4767519252255485,0.15381888839056712
3.7073965072631836,0.4779068873309019,0.15446944078741406
3.720226764678955,0.479060286702472,0.15512275983313434
3.7320263385772705,0.4802152488078233,0.1557733122299801
3.7446017265319824,0.48153341951819006,0.15651996256794665
3.7570748329162598,0.4826868188897602,0.1571732816136669
3.7697949409484863,0.4838386489002049,0.15782936355434066
3.781812906265259,0.48515322493562785,0.15858232477243464
3.79514479637146,0.48630347896661813,0.15924116583826411
3.80794095993042,0.487452150408889,0.15990276224360284
3.8214011192321777,0.4886024044398793,0.1605616033094323
3.834071397781372,0.4895869799618294,0.1611286859425819
3.8457963466644287,0.49073565140409603,0.16179028234791815
3.8579535484313965,0.49204660255080224,0.1625495371403325
3.87125301361084,0.49319368480417153,0.16321388508369578
3.8841724395751953,0.49417553035281325,0.16378568136720348
3.895932912826538,0.4953210168262364,0.16445277703130035
3.9079160690307617,0.4966319679729426,0.1652120318237147
3.9207801818847656,0.49761518133297067,0.1657814729180245
3.937464475631714,0.4992493014923904,0.16673838656337653
3.9495553970336914,0.5002297735880431,0.16731253475058824
3.961620569229126,0.5013736576996364,0.16798237430233448
3.9753317832946777,0.5025159328767339,0.1686549538928858
3.987530469894409,0.5034936411731717,0.16923379597697147
3.999671697616577,0.50463430085235,0.16990911174173853
4.0116541385650635,0.5057765760294453,0.17058169133228862
4.025284767150879,0.5069172357086235,0.17125700709705569
4.037327289581299,0.5078935536747204,0.17183819114734294
4.049072504043579,0.5088698716408174,0.17241937519763026
4.061433792114258,0.5100089092679291,0.17309742325629796
4.074738264083862,0.5111463182981536,0.1737781997128554
4.086766958236694,0.5122853559252653,0.1744562477715231
4.098468065261841,0.5132602779511732,0.17503977044857308
4.110812425613403,0.5143976869813999,0.1757205469051318
4.124413251876831,0.5153712074652895,0.1763064048560667
4.136098146438599,0.5161824745351987,0.1767946198151797
4.148085594177246,0.5174786256659981,0.17757887295988126
4.160247325897217,0.5184507390140998,0.17816706281840872
4.173989534378052,0.5195848712535525,0.1788532843200245
4.185909748077393,0.5205555718801753,0.17944380270644952
4.197869062423706,0.5216880559445672,0.1801327408239445
4.209848165512085,0.5228188853267361,0.18082439159873567
4.222785711288452,0.5239480535290169,0.18151875105664692
4.2355780601501465,0.5249144825584052,0.18211623461490398
4.247787952423096,0.5258809115877936,0.18271371817316104
4.259770154953003,0.5270084121220786,0.18341078232446006
4.272641897201538,0.5281342385098343,0.18411054716386846
4.285532712936401,0.5289371997757734,0.1846123053829563
4.2976744174957275,0.5300596584733931,0.18531745952070472
4.30967378616333,0.5311838042457073,0.18601992102742745
4.3224382400512695,0.5321459117008072,0.18662433885978158
4.339101076126099,0.5335847098270138,0.18753787386857784
4.351428508758545,0.5345453656898944,0.18814459619744428
4.364267110824585,0.5356627245050132,0.18885780385592513
4.377411127090454,0.5367817897142857,0.18956833108498933
4.38911509513855,0.5377395258415294,0.1901796519351152
4.401335000991821,0.5386972619687752,0.1907909727852424
4.414078235626221,0.539492923951549,0.1913042272194065
4.427311897277832,0.540608569952258,0.19202011120926885
4.438796043395996,0.5418816291246966,0.19284131830393159
4.451277256011963,0.5426772911074725,0.193354572738097
4.4639763832092285,0.5436306063793452,0.19397276499269156
4.477264165878296,0.5447428075298644,0.19469398928971923
4.488729238510132,0.5456946382166081,0.19531446492582835
4.5012733936309814,0.5466464689033519,0.19593494056193747
4.513859987258911,0.5477569380378827,0.19665882880406255
4.526660203933716,0.5488656687757631,0.19738537683188417
4.538525819778442,0.5496563730404334,0.19790623657390022
4.550683498382568,0.5506037171911837,0.19853354091093733
4.562559604644775,0.5515510613419341,0.19916084524797442
4.576049327850342,0.5523405148008957,0.19968359886217407
4.58795428276062,0.5534439921648494,0.2004181011379235
4.600298881530762,0.554233445623811,0.20094085475212314
4.612086772918701,0.5553369229877627,0.2016753570278712
4.625623941421509,0.5561238612340994,0.2022018893644641
4.6378254890441895,0.557066669858745,0.20283598996257157
4.6497862339019775,0.5581666132541679,0.20357577399369908
4.661899089813232,0.5589510182011543,0.20410607295104227
4.674513578414917,0.5598907760407259,0.20474468619409428
4.687548398971558,0.5608305338802934,0.20538329943714348
4.699450254440308,0.56176721933571,0.20602641064746624
4.711514949798584,0.5627039047911248,0.20666952185778753
4.724288702011108,0.5634844760039713,0.20720544786638934
4.741403818130493,0.564887187782574,0.2081734798526592
4.7542712688446045,0.5656651807349099,0.2087131418497799
4.766433000564575,0.5664418778478487,0.2092546671952377
4.779364824295044,0.567527433382828,0.2100154070103619
4.791467905044556,0.5684563438465369,0.21066969824646714
4.80477499961853,0.569230435899627,0.21121494094322105
4.817043781280518,0.5703123318862783,0.21198087629291687
4.831450700759888,0.571083801088049,0.21252982380929272
4.844244480133057,0.5720079824358129,0.21319077804952236
4.856111288070679,0.5727781335589487,0.21374157324971324
4.868224859237671,0.5738544936259278,0.21451526885656297
4.881429195404053,0.5747786749736896,0.21517622309679116
4.89426589012146,0.5753926763319094,0.21561980794698307
4.906789779663086,0.5764671787087914,0.21639608143481714
4.918579816818237,0.5773865831483173,0.21706366449917103
4.931660413742065,0.5781527535145862,0.217619983719464
4.944275379180908,0.5789175881469987,0.2181781379007465
4.955909490585327,0.5796810826508736,0.21873812383590746
4.968016624450684,0.5807480926345668,0.2195246640958676
4.981226921081543,0.5815115871384418,0.22008465003102856
4.9934401512146,0.5824261671244637,0.220758827396708
5.005646228790283,0.5830337253863022,0.22121119687588106
5.017866134643555,0.584096952344517,0.2220028434644321
5.029817581176758,0.5848550425418042,0.22257012413376398
5.0427868366241455,0.5857663799345608,0.2232486783525229
5.055621385574341,0.58637176250364,0.2237039553366402
5.067679166793823,0.5874311819995294,0.22450069005884618
5.07979679107666,0.5883376162523024,0.2251857802840222
5.092697858810425,0.5890929781296146,0.22575668880500321
5.105537414550781,0.5898469693326318,0.2263294063364169
5.1175525188446045,0.5905995855289845,0.22690392958747674
5.129437208175659,0.5913508223941957,0.22748025525701474
5.147359848022461,0.5927005581857333,0.2285208798547032
5.159374713897705,0.5932993303947187,0.22898481630397416
5.171552658081055,0.5940477956559491,0.2295647368655617
5.1852638721466064,0.5949442832611258,0.23026279248296289
5.197402000427246,0.5958407708663084,0.23096084810036863
5.209126710891724,0.5965850464869473,0.2315461359829859
5.221353530883789,0.5973307229417277,0.23212963810792756
5.234005928039551,0.5980749985623686,0.23271492599054636
5.2467570304870605,0.5988178690723212,0.23330199626782458
5.2586352825164795,0.5995593302031085,0.2338908455665015
5.271145820617676,0.6001513681961024,0.23436334551577506
5.283942222595215,0.6010394251855952,0.23507209543968693
5.297070264816284,0.6017794726768405,0.23566272037628114
5.308619022369385,0.6025181022762819,0.23625511755710252
5.321208238601685,0.6032553097398161,0.23684928357828694
5.333400249481201,0.6038439346131654,0.23732602873629716
5.3467323780059814,0.6048740281415297,0.2381603327628174
5.358484983444214,0.6054615085352084,0.23863848752254985
5.370661020278931,0.606048988928889,0.23911664228228385
5.382768869400024,0.6067833394209884,0.23971433573195022
5.396358013153076,0.607516255093978,0.24031378774946863
5.408228635787964,0.6082477317365805,0.24091499489043386
5.4203667640686035,0.6089777651457893,0.24151795370035736
5.4321510791778564,0.6094149167344449,0.24188077790895024
5.445773124694824,0.6101420511010295,0.2424872296530754
5.457790374755859,0.6108677296750469,0.24309542264237852
5.469792127609253,0.6114471045644486,0.24358336723425603
5.481690883636475,0.6121713231762017,0.2441932979741037
5.495455503463745,0.6128940776643896,0.24480496295988388
5.507669687271118,0.6136153638761132,0.24541835867701012
5.541631698608398,0.6151989542159032,0.24677162910971306
5.554380893707275,0.6160574003111813,0.24751596906748732
5.5667901039123535,0.6167727720572442,0.24813625236563067
5.578595876693726,0.617486654889412,0.24875824867345908
5.591749906539917,0.6180565667425014,0.24925721326831898
5.6043665409088135,0.6186240799531667,0.24975890435148887
5.616096496582031,0.6193334714664992,0.25038601820545203
5.6281821727752686,0.620041357709841,0.2510148307144784
5.64139986038208,0.6206064592345552,0.2515192367552643
5.654143810272217,0.6213098052978804,0.25215312351189384
5.665907859802246,0.6218712649583765,0.25266158023261576
5.678318738937378,0.6227134544491207,0.25342426531369866
5.690371036529541,0.6232724700579934,0.25393540789287644
5.70415997505188,0.6239712395690868,0.2545743361168512
5.715897560119629,0.6245290283305428,0.2550868172236336
5.727903604507446,0.6252231851538556,0.2557307538739839
5.740118980407715,0.6259157964256314,0.25637635261254343
5.753966331481934,0.6264686458180694,0.25689415830630946
5.765761375427246,0.6271565965927188,0.25754472101403253
5.77775502204895,0.6277057080790064,0.25806648893451306
5.789727449417114,0.6283920974368644,0.25871869883511245
5.804401874542236,0.6290769214339905,0.25937255218104016
5.816071033477783,0.6294868742548597,0.25976584800159946
5.828045129776001,0.6304412283266349,0.26068582854026257
5.839989900588989,0.6308492909314418,0.26108108520164375
5.852746248245239,0.6315278142264622,0.26174147466486636
5.865758419036865,0.632069364906428,0.2622710858885464
5.877764463424683,0.6326083703464609,0.262803287281655
5.8898091316223145,0.6332821271465011,0.2634685390230398
5.902606964111328,0.6339542873599793,0.2641354038912386
5.915438890457153,0.6344907351717669,0.26467018322184493
5.92785382270813,0.6351580824892754,0.26534186444299046
5.9444239139556885,0.6359569648942548,0.2661497992016441
5.9578728675842285,0.6364895531642428,0.26668842237408164
5.970088958740234,0.6371520530751722,0.26736488521344476
5.982024431228638,0.6376807542615625,0.26790732437383175
5.99458646774292,0.6382068488570981,0.2684522919542986
6.007705926895142,0.6388644671015186,0.26913350142988307
6.019669532775879,0.6395204505540332,0.2698162853012859
6.031603813171387,0.6399130574888604,0.27022689790768467
6.044363975524902,0.6404352195452007,0.27077563461515947
6.057387113571167,0.6410846262320443,0.27146467674747315
6.0692138671875,0.6417323793751971,0.2721552735694764
6.081297874450684,0.6421200369017087,0.27257056209562047
6.093892812728882,0.6426355848212834,0.2731255175261138
6.106758117675781,0.6432766866655995,0.2738222933367157
6.118470668792725,0.6439161164519587,0.2745206039075455
6.130706548690796,0.6442987688845347,0.2749405086987204
6.142501354217529,0.6446804136791785,0.27536132952583015
6.15599799156189,0.6453148052855275,0.2760642202675636
6.168229579925537,0.6458209692133633,0.2766277477871874
6.180333137512207,0.646198561585346,0.2770522085255669
6.19242000579834,0.6469517092407308,0.2779029377894428
6.205944776535034,0.6473262394944151,0.2783301028709815
6.218106031417847,0.6476997447301209,0.2787581644982134
6.230228424072266,0.6483205415161126,0.27947309068707377
6.241989850997925,0.6488158065391217,0.280046220466617
6.2556281089782715,0.649308318221194,0.2806217180167717
6.267655611038208,0.6497980652426115,0.28119957011050173
6.279809951782227,0.6501632935710477,0.28163471512761173
6.291691541671753,0.6506488725160727,0.2822160741177064
6.305468320846558,0.6512558461973512,0.2829427728553214
6.317601680755615,0.6516168855157283,0.28338139972225573
6.329561948776245,0.6520968680017623,0.2839673877770081
6.346006393432617,0.6526933275976221,0.2847027407912314
6.359559059143066,0.6532880227917645,0.2854395214445365
6.371628761291504,0.6536416517080864,0.2858841443267062
6.384212970733643,0.6541117345226589,0.2864781033611956
6.39593768119812,0.6546957719041728,0.2872233606604047
6.409217834472656,0.6550451214687388,0.28767135374019814
6.421328067779541,0.6555094877259291,0.28826979268144326
6.434139251708984,0.6559709796622609,0.28887045097024705
6.445827007293701,0.6563149349187928,0.2893225988435338
6.459383726119995,0.6568863856538678,0.2900775506051704
6.471421480178833,0.6572259898528122,0.2905329755779895
6.484079360961914,0.6576773385735385,0.29114129253444443
6.4957990646362305,0.6580158501140854,0.2915975302517886
6.508585453033447,0.6585745533143327,0.2923619639238946
6.521320581436157,0.6590200486733823,0.29297458050241726
6.533916234970093,0.6594626019592283,0.29358932579633873
6.545759201049805,0.6597923027400914,0.29405197070650885
6.558614253997803,0.6602304238657778,0.29466988256627447
6.570751905441284,0.6606655776168258,0.2952898877276759
6.583408355712891,0.660989709898062,0.29575645088746094
6.5956175327301025,0.6615280648452989,0.2965353488626838
6.608365297317505,0.6618477087646926,0.29700499839435895
6.620461940765381,0.6621662259858568,0.2974754127836264
6.632390975952148,0.6626914362714736,0.29826323399487825
6.645374774932861,0.6629007643990653,0.2985788651590587
6.658074140548706,0.6633163894996317,0.2992121273188302
6.674529790878296,0.6637289738929909,0.29984737475532397
6.686663627624512,0.6643432751981698,0.3008032019246814
6.698544263839722,0.664546512498646,0.30112278899653827
6.71977162361145,0.6650507695688684,0.3019241833514889
6.748298645019531,0.6659480355412405,0.3033731830185364
6.777092933654785,0.6666323518106612,0.30450846585961405
6.799669981002808,0.6673084864122633,0.3056486403578155
6.82761025428772,0.6680655389817264,0.30696086448346294
6.846381902694702,0.6685308114884587,0.30778550355572404
6.858138561248779,0.6688064097190652,0.30828228170851923
6.870271444320679,0.6689893474723196,0.3086139066099322
6.890764236450195,0.6695333848825811,0.30961140095450884
6.911410570144653,0.6700678331919826,0.3106140657418708
6.9240498542785645,0.6702427698834835,0.31094998009221586
6.935786008834839,0.6704160941529919,0.3112867292487142
6.948692083358765,0.6708453638127135,0.3121306698060185
6.961122751235962,0.6710992776138934,0.31263887320956985
6.973977088928223,0.6712677408643594,0.31297808027029717
6.985751628875732,0.6715179935402101,0.313488096462231
6.998632192611694,0.6717645721493906,0.31399989906803005
7.010790109634399,0.6720074639405514,0.3145134616207847
7.022672653198242,0.6722491239916765,0.31502760492522525
7.035489320755005,0.6725663993623404,0.31571542868635744
7.0483198165893555,0.6727233864719149,0.31606009714187994
7.060737609863281,0.6729563858604284,0.31657822280497483
7.0725555419921875,0.6731856533120689,0.31709801060150944
7.08543062210083,0.6733360024178241,0.31744562596826065
7.098232269287109,0.6735590237232943,0.31796812421238896
7.110351324081421,0.673705195845139,0.31831751655288654
7.122276544570923,0.6739219389682216,0.318842650189594
7.135064363479614,0.6740639131090531,0.31919376931487764
7.151877403259277,0.6743444915174815,0.3198973607758374
7.164647102355957,0.674481401214185,0.3202504854446889
7.177242755889893,0.6747518316211509,0.32095803938765277
7.188732385635376,0.674883648553988,0.32131309655631773
7.201700925827026,0.6750788184042631,0.32184662410701104
7.214266777038574,0.675270146538733,0.3223815413555375
7.226006984710693,0.675395130888392,0.3227390608782817
7.238290786743164,0.6755800342744706,0.3232762327833779
7.251328468322754,0.6757610700031472,0.3238147204645255
7.263998031616211,0.6758791758093848,0.32417457087141394
7.2758095264434814,0.6760537447371138,0.3247151895977607
7.287896156311035,0.6762244214880949,0.3252570496945434
7.301230430603027,0.6763356053200982,0.3256190986585027
7.313826084136963,0.6764997755955973,0.3261629654054643
7.325690746307373,0.6766600306062603,0.3267079986607456
7.337760925292969,0.676764251578623,0.3270721130462409
7.350640058517456,0.6769179628318844,0.3276190278187841
7.362783193588257,0.6770677371719785,0.3281670338085873
7.3755903244018555,0.6771649569597301,0.3285330797205608
7.3876447677612305,0.6773081526668236,0.3290828414028152
7.400420904159546,0.6774473912601289,0.3296336186099892
7.412234544754028,0.6775826655391843,0.3301853828596774
7.425293922424316,0.6777139685085362,0.3307381056184339
7.437344074249268,0.6777988517549114,0.3311072074083073
7.449082136154175,0.6779235208872553,0.3316614641405611
7.465311765670776,0.6780442010603255,0.3322166030543772
7.477577209472656,0.6781608860333764,0.33277259544180254
7.489690780639648,0.6782735697722635,0.3333294125507337
7.502501487731934,0.6783460208905947,0.3337011545745291
7.515385150909424,0.6784873571148695,0.3344453247559523
7.527417421340942,0.6785544543830012,0.3348180703171763
7.543915748596191,0.6786850734077833,0.33556419621645905
7.557365655899048,0.6788085324855387,0.33631154020909665
7.569389820098877,0.6788666763758535,0.33668578689889345
7.581523656845093,0.6789511999371776,0.33724756860506255
7.594174861907959,0.6790316814641413,0.3378099436059522
7.607304811477661,0.6791335952383448,0.3385605292238795
7.619344472885132,0.6791809514315283,0.3389362933623653
7.631382942199707,0.6792492827208786,0.33950027363923757
7.643985748291016,0.6793135565843232,0.3400647307131491
7.657285690307617,0.6793737696980597,0.3406296353942585
7.668732643127441,0.6794299189482814,0.3411949584695947
7.681280612945557,0.6794820014313356,0.3417606707045401
7.6934356689453125,0.6795300144538751,0.342326742844355
7.706757307052612,0.6795886025593711,0.3430819465394664
7.7185585498809814,0.6796142747746438,0.34345981190459784
7.730755090713501,0.6796619955559605,0.3442157801011791
7.742589712142944,0.679682230693848,0.3445939756008847
7.756421089172363,0.6797190742799532,0.34535055192709274
7.768128395080566,0.679733868154822,0.34572899933172024
7.780412435531616,0.6797598269246279,0.3464860272899131
7.792560577392578,0.6797738512522384,0.34705395883159773
7.807311534881592,0.6797837911440497,0.34762197653938404
7.8187479972839355,0.6797915977333686,0.34837940920594834
7.831230640411377,0.6797920056411221,0.34894751373102845
7.844134330749512,0.6797883282212027,0.3495156065002051
7.855834722518921,0.6797779781446409,0.3502730086807716
7.8685712814331055,0.6797603664826766,0.35103027680804116
7.881218910217285,0.6797417127614859,0.35159807514943864
7.893440008163452,0.6797189764072991,0.35216572466807344
7.905744314193726,0.679683219325412,0.352922353122671
7.918349266052246,0.6796509617647905,0.3534895412463044
7.930375576019287,0.6796146263110804,0.35405648273588836
7.947150230407715,0.6795472738647815,0.3550009252979313
7.960239887237549,0.6794843404294306,0.35575577930363483
7.972097396850586,0.6794317143008424,0.356321441224218
7.984663724899292,0.6793561242743336,0.3570751330280131
7.99666690826416,0.6792733112368398,0.3578280654207502
8.009714841842651,0.6792057899104876,0.3583921432418845
8.021833181381226,0.6791103553224453,0.35914358014982867
8.034434795379639,0.6790333790224771,0.35970644564623827
8.046138048171997,0.6789253497529002,0.36045617550700826
8.05811858177185,0.6788101369510501,0.3612048351075647
8.071326494216919,0.6786877512089139,0.3619523556205498
8.084144115447998,0.678590590635665,0.36251209014763736
8.096002101898193,0.678455679717879,0.3632574519600975
8.107941627502441,0.6783491412181077,0.36381547746657056
8.121229648590088,0.6782017431079997,0.36455847072653463
8.133457899093628,0.6780472278666094,0.36530001656287237
8.14577317237854,0.6778856096991578,0.3660400468022284
8.157844543457031,0.6777169034638669,0.3667784934105824
8.171043872833252,0.6775411246705954,0.3675152884994989
8.182646036148071,0.6773582894794113,0.36825036433237107
8.195508003234863,0.67721588339418,0.3688003310810931
8.207736253738403,0.6770207403421779,0.3695322357036137
8.220656156539917,0.6767680507553889,0.37044473560922964
8.232631921768188,0.6766098860819666,0.3709903791319523
8.245501279830933,0.6764478017011444,0.3715348711624713
8.257680654525757,0.6762264740926963,0.37225928767039623
8.270806312561035,0.6759982108673697,0.37298154876389283
8.282683849334717,0.675763033010342,0.37370158804252673
8.29552149772644,0.6755209621424801,0.3744193393101288
8.307565689086914,0.6753342559243845,0.37495588726319096
8.320684432983398,0.6750801762176818,0.3756694758630534
8.332473993301392,0.6748192662188738,0.37638059551524544
8.349239587783813,0.6744846208383929,0.37726632717570674
8.361411094665527,0.674277478711705,0.3777953215586251
8.375128030776978,0.6739962242564187,0.3784986430488367
8.38754391670227,0.673708239200424,0.3791992355086442
8.39969801902771,0.6734872223146352,0.37972258477443543
8.41161298751831,0.6731875227852955,0.380418246602715
8.425225257873535,0.6728811669448522,0.3811110028991438
8.437404870986938,0.6725681829578584,0.38180078997578476
8.449233293533325,0.67232849543813,0.3823158558072002
8.46139669418335,0.6720851102072488,0.38282918469514327
8.474712371826172,0.6717556830661489,0.38351127189332135
8.486758947372437,0.6714197311355856,0.3841901691517974
8.498557329177856,0.6710772853010024,0.3848658140567527
8.510670185089111,0.6708156041088916,0.38537006188421524
8.524179458618164,0.6704618700544364,0.38603986588982747
8.536036014556885,0.6701917650890075,0.38653965206956703
8.548005104064941,0.6698268424063002,0.3872034265966901
8.560245752334595,0.6694555721497996,0.3878636716904619
8.572789430618286,0.6690779884519056,0.3885203266518382
8.585625886917114,0.6686941260254425,0.3891733311118243
8.597683906555176,0.6684015466267054,0.389660301555735
8.60966968536377,0.6680067816873402,0.39030677338796244
8.622674703598022,0.6676058364462168,0.3909494304511246
8.635583400726318,0.6671987477638772,0.3915882136631195
8.647647857666016,0.666888851740214,0.3920643516392627
8.659739017486572,0.666471102428284,0.3926962145196361
8.675641298294067,0.6659413668222616,0.3934810000271047
8.687911033630371,0.6655100842244267,0.3941037042169224
8.699879169464111,0.6651821592238997,0.3945676095001833
8.711823463439941,0.6647404891869902,0.3951829896800006
8.725567817687988,0.6642929391148311,0.3957941067883539
8.737706661224365,0.6638395501525378,0.3964009046427388
8.754263401031494,0.6633803639820247,0.3970033274577295
8.766075372695923,0.6629154228181616,0.39760131985012354
8.779630422592163,0.6624447694049045,0.3981948268440176
8.791750431060791,0.6619684470113553,0.3987837938758753
8.805612564086914,0.6616069863236806,0.3992220735686216
8.81769585609436,0.6612423832530853,0.3996577426158586
8.830638647079468,0.6607520811214086,0.400235123778427
8.842462539672852,0.6603802194271029,0.4006646139391014
8.855299234390259,0.6600052788255363,0.40109141888647437
8.86749792098999,0.6595012786662212,0.401656882436693
8.880366086959839,0.659246579304762,0.4019371850090594
8.892021417617798,0.658734498830859,0.4024953415959228
8.904584884643555,0.658475794527831,0.40277195211704914
8.916797637939453,0.6579557396630652,0.40332268628599904
8.929794549942017,0.6576930839313943,0.4035955475390624
8.941814422607422,0.6571651622489968,0.4041387453708605
8.954396963119507,0.6568986094189606,0.40440780091457335
8.966121435165405,0.6564968499442984,0.40480946276529745
8.979398250579834,0.6560922124526013,0.40520822512324806
8.991437435150146,0.655820549396819,0.4054721199525415
9.00411319732666,0.6554111617832079,0.4058660040720867
9.015858173370361,0.6549989522805235,0.4062569340449778
9.028658390045166,0.6547222788971094,0.40651557111833186
9.041268348693848,0.654305413687836,0.4069015326644805
9.054047107696533,0.6538857837551417,0.4072844864964136
9.065783500671387,0.653604201784641,0.4075377707057392
9.07850980758667,0.6533214087766894,0.40778970206832965
9.090672016143799,0.6528954124580117,0.4081655611566571
9.102688550949097,0.6526096203527765,0.408414085138176
9.115609645843506,0.6521791499429312,0.40878481164661
9.128451108932495,0.6518903997934318,0.4090298925474713
9.140499591827393,0.6516004780164503,0.40927358633080363
9.157850980758667,0.6510183045344483,0.4097581884604618
9.16991925239563,0.6507249079627487,0.40999768741352394
9.183930397033691,0.6504303665774565,0.41023577703772673
9.195756673812866,0.6501346871482085,0.4104724518609007
9.207820415496826,0.6498378764708044,0.41070770644338916
9.219895362854004,0.6493909738151534,0.4110584498455796
9.232736349105835,0.6489415604712234,0.41140597044080074
9.245607614517212,0.6486402932767883,0.4116354903187242
9.25767207145691,0.648337929200033,0.4118635632498029
9.26974868774414,0.6480344751903886,0.41209018399208763
9.283429384231567,0.6477299382223369,0.4123153473370058
9.295701742172241,0.6474243252952562,0.41253904810947667
9.307893514633179,0.647117643433248,0.41276128116803923
9.322159767150879,0.6466560278108507,0.4130924215234278
9.33585524559021,0.6461920428487825,0.4134202337757652
9.347983360290527,0.6457272734328344,0.4137469328847394
9.360100507736206,0.6454169059666335,0.41396398894368946
9.371887445449829,0.6449497992301673,0.41428733738508966
9.385523319244385,0.6443259585883806,0.4147169744887838
9.39766812324524,0.6440130119874214,0.4149302951904306
9.409651041030884,0.643542063454867,0.4152480221132678
9.421680927276611,0.6430703546636194,0.4155646192295922
9.43531346321106,0.642597888324075,0.41588008472026533
9.447569608688354,0.6421246671509915,0.41619441677264524
9.45970368385315,0.6416506938634611,0.4165076135806041
9.47163987159729,0.641175971184898,0.4168196733445371
9.48521113395691,0.6405420120623986,0.4172342345803171
9.497214317321777,0.639906072771473,0.41764575177979835
9.50873875617981,0.6395871203499014,0.41784998363230524
9.521349668502808,0.6389472646159368,0.41825538445485533
9.535085678100586,0.6386273367489544,0.41845808486613034
9.550713539123535,0.6378250968507488,0.41896099564424893
9.563338041305542,0.6373430309891664,0.419261587432069
9.575834274291992,0.6366974109977462,0.41965774398432326
9.589055061340332,0.6360498992060556,0.4200508008082474
9.601305484771729,0.6354005104962812,0.4204407488699596
9.61397123336792,0.6347492597937566,0.42082757920702357
9.625745296478271,0.6342594364983893,0.42111535699825553
9.638639688491821,0.6336054208852518,0.4214974941005898
9.651069164276123,0.6329495807791582,0.4218764913861402
9.662686109542847,0.6324563436350812,0.4221583779546531
9.675593852996826,0.6316331579232068,0.4226262170175654
9.68854308128357,0.6309737140936145,0.4229989086096735
9.701273918151855,0.6304777968606285,0.4232760530049594
9.714300632476807,0.6298156900059149,0.4236439928100216
9.725979804992676,0.6291518268146881,0.4240087541711191
9.738609790802002,0.6284862225449606,0.4243703287046973
9.751137733459473,0.627820618275231,0.4247319032382767
9.76398491859436,0.6273201207375759,0.4250006877850916
9.775837659835815,0.6266519335462905,0.4253574665185122
9.788622617721558,0.6261495160834412,0.4256226449694265
9.801910400390625,0.6253110966349447,0.4260626005733271
9.814464330673218,0.6246395193218122,0.4264129562493211
9.82677936553955,0.6241358363369655,0.4266757230063151
9.839697122573853,0.6234617569330567,0.4270212402192604
9.851648330688477,0.6227876775291523,0.4273667574322034
9.864315748214722,0.622111949422777,0.4277090390610962
9.87600040435791,0.6214345881446536,0.4280480772390452
9.88874888420105,0.6209265671860604,0.42830235587250726
9.901184320449829,0.6202483951578103,0.4286397693981969
9.913881063461304,0.6193986678657136,0.4290574674160122
9.92575716972351,0.6188882322059096,0.4293068633963495
9.938730955123901,0.6183772001944863,0.4295550351133235
9.955587387084961,0.6173539493410958,0.4300489271685968
9.968011617660522,0.6166702114283433,0.4303749143675485
9.980259895324707,0.6161574079937795,0.430619404766762
9.993983745574951,0.6154728906332565,0.43094375206574587
10.005921363830566,0.6146153100681889,0.43134507946256684
10.017891883850098,0.6141001860029937,0.4315846418036489
10.029857158660889,0.6135844891715074,0.43182296867121345
10.042671918869019,0.6127240447804704,0.4322181187122783
10.055506706237793,0.6120349334853664,0.4325325878048267
10.06772518157959,0.6113443225087627,0.4328437496055248
10.079747915267944,0.6108263642763144,0.4330771209560464
10.092726230621338,0.6101350094091144,0.4333866264241957
10.105911016464233,0.609268971000704,0.43376936077094114
10.118060111999512,0.6087487989853191,0.43399775514963396
10.12999939918518,0.6080545083228479,0.43430061759896876
10.142808675765991,0.6071866449947578,0.43467919566063773
10.155652046203613,0.6066643070179909,0.43490259207026644
10.167770385742188,0.6059671443892394,0.43519878365739845
10.179925203323364,0.6050956911033017,0.43556902314131274
10.192763805389404,0.604397820487334,0.43586354273417643
10.205636739730835,0.603698545930705,0.4361547132712622
10.217860221862793,0.6029992713740784,0.4364458838083471
10.229884386062622,0.6021234433423309,0.4368056522947743
10.243462324142456,0.6014220930194897,0.43709178672447857
10.255731105804443,0.6007207426966461,0.4373779211541838
10.267772674560547,0.5998423501665389,0.4377313821394034
10.27982497215271,0.5991389603464903,0.4380124656648255
10.291775226593018,0.5984355705264394,0.43829354919024854
10.305651903152466,0.5975546589223805,0.43864068439569415
10.317692279815674,0.596672917743909,0.4389857070024883
10.329692602157593,0.5957903520574281,0.43932861502816295
10.341610670089722,0.5952603209834297,0.439533089912701
10.3596932888031,0.5940224417053975,0.44000723206316983
10.371829271316528,0.5931374329406424,0.44034378457219614
10.384541511535645,0.5922516199806398,0.4406782146918208
10.397445917129517,0.5913650079152031,0.44101052050043393
10.409342050552368,0.5906550830540276,0.4412746641709934
10.42157530784607,0.589943900016347,0.44153540134542557
10.434215545654297,0.5890549212192456,0.44186132281346596
10.447272777557373,0.5883431152211215,0.44212035448767306
10.458781003952026,0.5872735557528386,0.4425037788153365
10.47129774093628,0.5863822561959389,0.44282329908838836
10.484131813049316,0.5858470184519091,0.44301372880027995
10.495882034301758,0.5847756330949312,0.44339202113179793
10.50865888595581,0.5838813109104999,0.44370298083249027
10.521165132522583,0.5828090218407063,0.4440787038981028
10.53338098526001,0.5820929698364418,0.4443257559460691
10.545762777328491,0.5811979048311152,0.44463457100602555
10.558407306671143,0.5803021021478614,0.4449412396508209
10.57049298286438,0.5794055669339007,0.44524576011835826
10.5824716091156,0.5783288518220029,0.44560860476699327
10.595340728759766,0.577611041747406,0.4458505011994161
10.608498096466064,0.5765343266355082,0.4462133458480511
10.620728492736816,0.5758153651308172,0.44645179823739606
10.632624387741089,0.5749166632499524,0.4467498637240776
10.64550518989563,0.5740172494690291,0.447045774108656
10.658429145812988,0.5729371048533972,0.4473982784072951
10.675182104110718,0.5718552827048559,0.447745600318714
10.687643051147461,0.570775138089224,0.44809810461735317
10.70064640045166,0.5698736196321049,0.448387539543536
10.712543725967407,0.5689714099710238,0.44867481264089787
10.725565195083618,0.5680685142900033,0.44895992225879117
10.737839460372925,0.5669842224744165,0.44929945565903856
10.754092693328857,0.5660806459614283,0.4495824001592445
10.76797080039978,0.5648146929471243,0.449975489018682
10.780293703079224,0.5639097703497243,0.4502540984186318
10.792120218276978,0.5628230649392001,0.4505858257493778
10.807074546813965,0.561555241960254,0.4509728409685817
10.818611145019531,0.5606489940768804,0.4512471088648101
10.83107042312622,0.5597420913594687,0.45151920363905607
10.843887090682983,0.5588345390190099,0.4517891237278845
10.856767177581787,0.5577447029204813,0.4521104163508474
10.868650913238525,0.5568352330140259,0.4523738031278074
10.881150960922241,0.5559263970753635,0.4526393692054822
10.893343925476074,0.5548350331876213,0.45295543333783295
10.906794548034668,0.5537436692998743,0.453271497470185
10.918642520904541,0.5528329471386904,0.453530521118042
10.93105673789978,0.5517393386095719,0.4538387289314916
10.942802906036377,0.550827998168643,0.454095568776032
10.956810235977173,0.5497336539876184,0.4544011542545642
10.968629598617554,0.5486393098065963,0.45470673973309567
10.981112241744995,0.5477261459594339,0.45495701936323185
11.001144409179688,0.5459010233845781,0.455461955009472
11.014342308044434,0.5449872622246543,0.4557100450085358
11.026507139205933,0.5438914656080639,0.45601038056469806
11.038313627243042,0.5427942417413196,0.45630545929568145
11.050402879714966,0.5418798885190336,0.4565513582381674
11.06417465209961,0.540598972475851,0.4568925473003555
11.075876951217651,0.5396834508936222,0.45713405990353406
11.088046550750732,0.5385841334459065,0.4574212407183176
11.100099086761475,0.5374848159981908,0.4577084215331011
11.11270546913147,0.5363854985504773,0.457995602347884
11.12562108039856,0.535468263890413,0.45823052506580936
11.137955904006958,0.5341833506809258,0.4585563377879743
11.15021562576294,0.5332661160208592,0.4587912605059002
11.17024540901184,0.531430525721591,0.45925670725185025
11.182276010513306,0.5301440652948128,0.4595763562095725
11.19509220123291,0.5290407313378561,0.4598476970481099
11.207429647445679,0.5281212863737287,0.46007381441355694
11.220383882522583,0.5268333082972262,0.4603872922601342
11.232206344604492,0.5255445824946281,0.4606976818404419
11.244789838790894,0.5246235352633646,0.46091718150512917
11.25738787651062,0.5233348094607665,0.4612275710854368
11.270361185073853,0.5222295527832488,0.4614909706830619
11.282205581665039,0.5209400866594746,0.4617982702136253
11.294772386550903,0.5200185159196353,0.4620155614386961
11.307061195373535,0.5187275913852427,0.46231667559037715
11.31994366645813,0.5178049895170586,0.46252954620329456
11.331911087036133,0.516514064982666,0.4628306603549756
11.344461917877197,0.5154069427408418,0.4630861050904773
11.356450080871582,0.5142998204990222,0.46334154982597786
11.369409084320068,0.5131914863489077,0.46359168395583994
11.381690979003906,0.5120831521987931,0.463841818085702
11.394491910934448,0.5109748180486833,0.46409195221556304
11.406498432159424,0.5096817615402155,0.464383775367069
11.419442415237427,0.5087576527457286,0.46459000592001376
11.431560754776001,0.5076481321608919,0.4648348236952401
11.444319486618042,0.506353691478592,0.46512044443300204
11.456066846847534,0.5054286046110441,0.4653222423331788
11.469327211380005,0.5039476959194401,0.46564157005821805
11.481457710266113,0.5030221279871864,0.4658411498863678
11.49419116973877,0.5019108755727218,0.4660779826175915
11.5060396194458,0.5007996231582573,0.46631481534881514
11.519537448883057,0.49950316200805034,0.46659112020190907
11.53161883354187,0.498206042262155,0.4668643165610614
11.544262409210205,0.49709366721493403,0.467095819100013
11.560072898864746,0.4956105004852981,0.46740448915195015
11.573986768722534,0.4943127295968696,0.46767457544739455
11.585934162139893,0.49338529061538927,0.4678652716472816
11.598034620285034,0.49190066113067143,0.4681668276818231
11.61015772819519,0.49097276770272463,0.4683553002034112
11.624110221862793,0.4896730881427951,0.46861604706788723
11.6358802318573,0.488558544554611,0.4688368733826004
11.648053407669067,0.48707248643703305,0.4691313084688844
11.66012191772461,0.48614370011354713,0.46931533039781187
11.677936553955078,0.4844710955321752,0.46964256147006167
11.690130949020386,0.48298364293678925,0.4699298688408929
11.701929807662964,0.4820539850646733,0.4701094359476623
11.714525699615479,0.48093788230259904,0.47032224171760817
11.741524457931519,0.47851965965144216,0.4707833208858234
11.765583038330078,0.4760981838440044,0.47122699836320514
11.79075574874878,0.47311660553771046,0.4717659174655345
11.81875491142273,0.47050549381591256,0.47222495898833994
11.84543752670288,0.4682655374621827,0.4726076889431558
11.859370946884155,0.46639890716741184,0.4729266305721683
11.871499300003052,0.46546559202002274,0.4730861013866752
11.88418197631836,0.46397168045565784,0.47333767441127017
11.908639669418335,0.4615440741635588,0.473746480576238
11.925220251083374,0.4598627500659192,0.47402547078925644
11.937246561050415,0.4587414247161812,0.4742087769027969
11.950114727020264,0.4576200993664407,0.4743920830163378
11.966039419174194,0.45575122378354155,0.47469759320557237
11.978479623794556,0.45444200065382245,0.47490517615876054
11.991139650344849,0.45313327887504223,0.47511589680697885
12.004472970962524,0.452011087620998,0.4752938250525686
12.01642894744873,0.4507018644912838,0.475501408005756
12.028127670288086,0.4495792499558879,0.47567664577610086
12.040490627288818,0.4484566354204968,0.47585188354644486
12.054201602935791,0.4471469184625369,0.47605632761184685
12.065932035446167,0.44583671520187423,0.47625763161474194
12.077932119369507,0.44471327345754574,0.47642748542935276
12.090097188949585,0.4434025914225003,0.47662564821306475
12.103996992111206,0.4420923881618352,0.4768269522159602
12.115826845169067,0.44078170612678735,0.4770251149996726
12.127931594848633,0.4394705528484425,0.4772201354255726
12.140093088150024,0.4383463097159846,0.4773846013805872
12.15279507637024,0.4372220665835316,0.4775490673356011
12.165799617767334,0.43591044959566605,0.4777409442831178
12.177960395812988,0.4344109374117469,0.47795663841640035
12.190311431884766,0.4332863032738094,0.478118409016362
12.202139139175415,0.43216166913586945,0.47828017961632396
12.215742588043213,0.4308495959749411,0.4784689119829461
12.227903366088867,0.42934957106645544,0.4786810110701308
12.239866018295288,0.428037049271536,0.4788665977714166
12.251803636550903,0.42709921863777184,0.47899691203540506
12.265597343444824,0.42559819414014355,0.47920181739494133
12.277891874313354,0.42428479770471755,0.4793811095845357
12.289950370788574,0.42297183481744915,0.47956354955411934
12.302006959915161,0.42165843838202316,0.47974284174371373
12.315659523010254,0.42034461594511224,0.47991898512312
12.327714920043945,0.41884262635737063,0.48011669204553364
12.339879274368286,0.41771613416656383,0.48026497223734393
12.351834774017334,0.4164018932772908,0.48043796579445575
12.3694486618042,0.4145238192914219,0.4806805982813268
12.381680488586426,0.4132091675013117,0.4808504410221368
12.394388914108276,0.4118941123642575,0.481017131970741
12.407512664794922,0.4103907398753506,0.48120403276914686
12.419648170471191,0.4090752889475509,0.4813675709677528
12.431824207305908,0.40757147276463196,0.4815508675493852
12.444389820098877,0.40644361062744033,0.4816883399856097
12.4565269947052,0.40512777146738504,0.48184872449453825
12.469527244567871,0.403623520231264,0.48202841580618927
12.481540441513062,0.40230730039965906,0.4821856457038839
12.494202375411987,0.40099070745940013,0.48233972008691395
12.505947589874268,0.39967448762779517,0.4824969499846085
12.519388437271118,0.3979817252760347,0.4826950456199327
12.531436204910278,0.3966647667921711,0.48284596360299775
12.54407811164856,0.395347450331833,0.48299372431893606
12.555884599685669,0.3940304918479694,0.4831446423020011
12.568791151046753,0.39252498732187324,0.4833135116916443
12.581426620483398,0.39120767086153757,0.48346127240758235
12.594138145446777,0.3898900039939365,0.48360587500737084
12.60598373413086,0.3885719942902802,0.4837473186601346
12.618742942810059,0.3870653143285319,0.4839053573950086
12.631181955337524,0.3855586343667836,0.4840633961298826
12.643988370895386,0.38442862439547176,0.4841819251810381
12.655793905258179,0.38311027942894293,0.48432020907405277
12.668641567230225,0.3816032249668909,0.4844746357468495
12.681115865707397,0.38028455231260094,0.4846097590855461
12.693966627120972,0.37877787235085264,0.48476779782042007
12.705901145935059,0.3774595273843213,0.4849060817134349
12.718679189682007,0.37595247292227424,0.4850605083862312
12.731112957000732,0.3746338002679794,0.48519563172492836
12.743339776992798,0.37331480750291524,0.48532759373289913
12.755630731582642,0.3719961348486228,0.485462717071596
12.773986339569092,0.37011185946995906,0.48565123422584006
12.785972833633423,0.3686044391670251,0.4858020479492356
12.798092365264893,0.36709701886409607,0.48595286167263063
12.837705135345459,0.3631400405689012,0.4863487476965433
12.877509117126465,0.3595590690484572,0.4866983474766895
12.908642768859863,0.35522127758441574,0.4870903636966742
12.948506116867065,0.35012590996108184,0.48751392611887906
12.961201667785645,0.34880515574817283,0.487626904855444
12.981339931488037,0.34654054791557887,0.4878151548208685
12.994112253189087,0.3452195266799007,0.48792496730069934
13.006032705307007,0.34370949163080206,0.48804684797741094
13.018772602081299,0.34219945658170836,0.48816872865412214
13.031306982040405,0.34068942153261467,0.48829060933083335
13.043979167938232,0.33917938648351603,0.48841249000754494
13.055806159973145,0.33785810581555537,0.48851913559966753
13.0686936378479,0.33634778294897283,0.4886373962758235
13.081356763839722,0.3350262504407119,0.48874087436746
13.094098806381226,0.33351564843483733,0.48885551436354413
13.105866193771362,0.33219387167969305,0.48895582436011803
13.118648529052734,0.3306829992143346,0.4890668430174174
13.13102912902832,0.3293609858071447,0.48916398434255437
13.14267873764038,0.3278498515636546,0.4892713810231646
13.155598878860474,0.3265276091006017,0.48936535311869844
13.175740242004395,0.32407160467512053,0.4895339860097936
13.188145637512207,0.32274892689412527,0.489621618044465
13.2002592086792,0.3214264629727106,0.48971242037043944
13.21224308013916,0.31972587725428847,0.4898250901293027
13.225868225097656,0.318214009779344,0.48992161726055056
13.238056659698486,0.31708010917313934,0.48999401260898623
13.250149488449097,0.3155682416981973,0.490090539740234
13.26194167137146,0.31424535765762396,0.49017500098007566
13.275664567947388,0.3127332631445268,0.4902679037911661
13.287720918655396,0.31122116863142474,0.4903608066022568
13.29986047744751,0.30989808593246104,0.49044209656196114
13.311840534210205,0.30857481217744603,0.49052021477444174
13.325597524642944,0.30706228965442295,0.49060586736460876
13.337888479232788,0.3055497671313974,0.49069151995477595
13.34987735748291,0.3042263099237556,0.4907664659711719
13.361992597579956,0.30290267686796557,0.4908382393608494
13.375643253326416,0.3013897610983249,0.49091663976148275
13.387781143188477,0.2998768453286817,0.49099504016211626
13.39977216720581,0.2985530440302424,0.4910636405126707
13.411678791046143,0.29722908209561444,0.4911290674299297
13.425582885742188,0.2957158078516953,0.4912002138391014
13.437674283981323,0.29420253360777376,0.4912713602482732
13.44973111152649,0.29287841864434333,0.49133361335629855
13.46169900894165,0.29155445670971536,0.4913990402735575
13.477988004684448,0.2898520231853051,0.49147907998387574
13.489998579025269,0.2881494026916266,0.4915550386224203
13.502005815505981,0.28682528772819366,0.4916172917304457
13.514648675918579,0.2855010273442187,0.491676370671536
13.527592658996582,0.28398742940659943,0.49174026145404126
13.539777517318726,0.28247383146898264,0.49180415223654644
13.551740407943726,0.28114943327356423,0.4918600566712386
13.568096399307251,0.27944646819174723,0.4919278518803303
13.581434488296509,0.2777436705119246,0.49199972901064876
13.594258546829224,0.27622992377253036,0.49205999141873036
13.60636568069458,0.2747161770331386,0.4921202538268118
13.618206262588501,0.27320243029374436,0.49218051623489334
13.632092714309692,0.27168841204522304,0.4922335208761883
13.645655632019043,0.2703636460777653,0.4922798999373215
13.657930612564087,0.2686605233790557,0.49234361283564054
13.670109987258911,0.2673357574116005,0.4923899918967736
13.68338394165039,0.2658216164572895,0.4924393671874083
13.695646524429321,0.26430747550297606,0.492488742478043
13.707756757736206,0.2627933345486626,0.4925381177686777
13.71992015838623,0.26127919359434915,0.4925874930593124
13.733431100845337,0.2599543202593258,0.4926306964386177
13.745672702789307,0.25844006529935554,0.49267644209488554
13.7577064037323,0.2569258103393902,0.49272218775115323
13.769764423370361,0.25560083724941685,0.4927622152003876
13.783822059631348,0.2540864769845875,0.4928043309594374
13.795733213424683,0.25257211671976054,0.49284644671848715
13.808510065078735,0.25105775645493117,0.492888562477537
13.820719480514526,0.24954339619009933,0.49293067823658687
13.834290027618408,0.2480290359252724,0.4929727939956366
13.846381664276123,0.2467039706935476,0.4930096452848051
13.858248233795166,0.24518951382525203,0.4930481309046431
13.870359420776367,0.2442429782825716,0.49307218441704176
13.884025812149048,0.24253932298463762,0.4931195646459728
13.89594578742981,0.24121417322487962,0.493153239563331
13.908119916915894,0.23969981296005272,0.4931953553223808
13.920278787612915,0.23837474772832545,0.49323220661154943
13.933984279632568,0.23686029086003482,0.4932706922313873
13.9457848072052,0.2355351411002793,0.4933043671487455
13.958521127700806,0.23383127823424651,0.4933435793156726
13.975642442703247,0.23193799827317632,0.4933826101892572
13.989360809326172,0.23023404630821412,0.4934177379754834
14.001495122909546,0.2287193518432178,0.4934453319343134
14.014154195785522,0.2275833309944724,0.49346602740343587
14.02603006362915,0.22606863652947606,0.4934936213622659
14.039298295974731,0.22436460525635427,0.4935246645659496
14.051417589187622,0.22266050446630822,0.4935516230087192
14.064171075820923,0.22133504628771372,0.49356941352968353
14.075922727584839,0.21982019255557744,0.4935861144005361
14.089220523834229,0.21830533882344116,0.4936028152713888
14.101418733596802,0.21697984180782284,0.49361742853338486
14.114144325256348,0.21546495239474978,0.49363049815516896
14.126073598861694,0.2139500629816767,0.4936435677769531
14.139432907104492,0.21224581239197104,0.49365827110146027
14.151504755020142,0.2107308960023995,0.49366770939907884
14.164181232452393,0.20959470871022268,0.49367478812229276
14.175894975662231,0.20807979232064866,0.49368422641991133
14.188683986663818,0.20637551138237972,0.4936948445047322
14.201346397399902,0.20467120988821993,0.49370137728885616
14.214119911193848,0.20353500171670907,0.49370300891944957
14.225901365280151,0.202020057488023,0.4937051844269075
14.238628387451172,0.2003157452307555,0.49370763187279765
14.251310586929321,0.19880080013962076,0.49370617595599187
14.264173984527588,0.1972858550484811,0.4937047200391861
14.275911808013916,0.19596027809373942,0.493703446111981
14.288711547851562,0.19444534084490436,0.4936983587792771
14.301267623901367,0.19293040359607178,0.49369327144657316
14.314008712768555,0.1916048335033442,0.4936888200304573
14.325975894927979,0.19008991280152943,0.49368010131108664
14.33864712715149,0.18857499209971465,0.49367138259171606
14.351215124130249,0.18706007139790234,0.49366266387234553
14.367697954177856,0.18497705543290424,0.49365067563321086
14.379978656768799,0.18365152191399864,0.4936398693342632
14.393445253372192,0.18213660121218386,0.49363115061489254
14.40572738647461,0.18062173971811632,0.4936151692933452
14.417773962020874,0.17910687822404384,0.4935991879717978
14.42980432510376,0.1777813744167335,0.4935852043154439
14.443854570388794,0.17607711703528378,0.49357131050251124
14.455724239349365,0.17494097091473065,0.49355932451135076
14.467817783355713,0.17342610942065817,0.4935433431898034
14.47980260848999,0.1721006056133503,0.49352935953344956
14.492659091949463,0.17058578677966457,0.4935097470381225
14.505666971206665,0.1692603203001951,0.4934925861047114
14.517877101898193,0.16774555283093137,0.4934693425482966
14.529956102371216,0.16660947722898295,0.49345190988098553
14.54332947731018,0.16490536382606033,0.4934257608800189
14.555655717849731,0.16339065642495376,0.49339888639607193
14.567899227142334,0.16206528744898643,0.49337537122261843
14.580119609832764,0.16073997864812503,0.49334867912269076
14.593836069107056,0.159225271247016,0.49332180463874387
14.605728387832642,0.15771071009200846,0.4932876687838511
14.618034362792969,0.15638546908137566,0.4932577999108199
14.6302330493927,0.1552496128479419,0.49322947521838245
14.644150018692017,0.1535458284977937,0.49318698817972634
14.655919790267944,0.15203144839903646,0.4931455917384545
14.667903661727905,0.1505170683002817,0.49310419529718275
14.680414199829102,0.14938128322621747,0.493073147966229
14.69419002532959,0.14767760561511742,0.4930265769697982
14.705971240997314,0.14635261366179483,0.49298717888021126
14.718003511428833,0.14483844942529014,0.49293852280400213
14.729997873306274,0.14332428518879037,0.49288986672779317
14.743874311447144,0.1421886620114131,0.4928533746706364
14.755933284759521,0.14048522724534715,0.4927986365849012
14.77206563949585,0.1385926731770376,0.4927332797289706
14.78506875038147,0.13707862992239392,0.4926809942442261
14.798344373703003,0.13537533126091855,0.4926221730738886
14.811631441116333,0.13405065688435502,0.4925732478051434
14.824279546737671,0.13272610359052217,0.49252114734792535
14.836024045944214,0.13140142921396356,0.4924722220791803
14.849061012268066,0.1298876540210135,0.4924126786995026
14.861412763595581,0.12837387882806095,0.49235313531982483
14.87414264678955,0.12704932553423304,0.49230103486260696
14.88595199584961,0.1255356974195827,0.4922378630382348
14.898764610290527,0.12402206930493236,0.4921746912138627
14.911346435546875,0.12269764470461422,0.4921194158675371
14.924232006072998,0.121373356407848,0.49206096594971166
14.936017274856567,0.12004893180752986,0.4920056906033861
14.94905161857605,0.11834593471546011,0.49193870430124864
14.961335182189941,0.11721071362947173,0.49189132543296954
14.976577758789062,0.11531867848615941,0.49181236065250444
14.989558458328247,0.11399425388584128,0.4917570853061789
15.002441883087158,0.11248078154668165,0.49169028540009274
15.015321493148804,0.11115649324991789,0.4916318354822674
15.02757477760315,0.10983234886596742,0.49157021132879114
15.039813756942749,0.10831887652680532,0.49150341142270493
15.052620887756348,0.10680540418764814,0.49143661151661894
15.065528392791748,0.10548111589088191,0.4913781615987935
15.077664136886597,0.10396780802350888,0.49130773399482053
15.089703798294067,0.10264366363955842,0.49124610984134426
15.103347063064575,0.10113052893932288,0.491172054944156
15.115703582763672,0.09980653607662017,0.4911072569091165
15.127788305282593,0.0982935832378755,0.4910295751442267
15.139880657196045,0.09696974950397454,0.4909616035999481
15.15278697013855,0.0954569872200415,0.49088029541371064
15.169838428497314,0.0935660343651172,0.49077866018091343
15.181979179382324,0.09224236736667242,0.49070751551795544
15.194807529449463,0.09072980432975468,0.4906225813775603
15.208038091659546,0.08902817091322131,0.4905270304696157
15.220427989959717,0.0878939045891009,0.49046061076472003
15.232250690460205,0.08638154949027452,0.4903720511581925
15.24513554573059,0.08486963633601757,0.4902762421667992
15.257946491241455,0.08335772318175816,0.49018043317540577
15.26996111869812,0.08203479917177964,0.49009660030793645
15.28203558921814,0.0807116780097792,0.4900159388146087
15.29509687423706,0.07938875399980314,0.4899321059471395
15.308055400848389,0.07768811495568864,0.4898202439701078
15.32024335861206,0.07636519094571012,0.4897364111026385
15.332071542739868,0.07485351179538942,0.4896369782341661
15.34509015083313,0.07353079253885757,0.48954997447425264
15.358006954193115,0.07183042652091277,0.48943403627825727
15.370140552520752,0.07050770726438092,0.4893470325183438
15.381978511810303,0.0693741299190844,0.48926974038768023
15.394625425338745,0.0678626934586874,0.48916668421346204
15.40789008140564,0.06616232744074753,0.489050746017467
15.420344829559326,0.06484004049061147,0.4889574019906325
15.4322509765625,0.06351798109095039,0.48886088862575244
15.445103406906128,0.06200732480209927,0.48874696617047475
15.458166122436523,0.06049666851325061,0.4886330437151972
15.470381259918213,0.059363676296615965,0.4885476018737392
15.482226848602295,0.057853020007767306,0.48843367941846166
15.49518632888794,0.05653168883277188,0.48832766143962064
15.508015394210815,0.05502130996338255,0.48821011817209026
15.520259380340576,0.05369972845266104,0.48810726781300073
15.532044410705566,0.05237839727767054,0.4880012498341601
15.544652462005615,0.0510573240306761,0.4878920648447393
15.557875394821167,0.04954723125925733,0.4877709014403499
15.574324369430542,0.047849049894410085,0.48762644967553676
15.586792469024658,0.04652797664741565,0.48751726468611595
15.599210977554321,0.045207168919200305,0.4874049133134834
15.61214566230774,0.04369798649614858,0.48727289375887606
15.624709606170654,0.04237745187597464,0.4871573766485943
15.637243270874023,0.04105719795153513,0.487038694464416
15.648772954940796,0.03973723230890533,0.4869168478882797
15.661946773529053,0.038416978384465825,0.4867981657041014
15.677132844924927,0.036719879701085006,0.4866415058204976
15.688673734664917,0.035588734178453596,0.4865343541622344
15.701359272003174,0.03426906440205478,0.48640934389426116
15.714659690856934,0.03276053223904824,0.486270090664391
15.727040767669678,0.031629133116792725,0.48616565074198825
15.738712310791016,0.03012128588542416,0.4860191670374044
15.751708507537842,0.02880191955797759,0.48589099379589357
15.765748500823975,0.02729442778938606,0.4857408961060938
15.777934312820435,0.026163808962944256,0.4856283228387441
15.790079593658447,0.024656317194350272,0.485478225148944
15.802797555923462,0.02333726189683606,0.4853468896703695
15.817294359207153,0.02183013425295112,0.4851931788578033
15.828794479370117,0.02069978852004355,0.48507789574837923
15.841350078582764,0.019381051831642387,0.48494339878738363
15.854115724563599,0.01806264132972389,0.48480574111677716
15.867228031158447,0.01655626791263928,0.48464480672906646
15.879332542419434,0.015238191172689017,0.48450398913981946
15.891507387161255,0.014108703683190043,0.4843805805408819
15.904269933700562,0.012790968278770899,0.48423660384212097
15.91738748550415,0.011284594861683834,0.48407566945441
15.929344415664673,0.010155406435445328,0.4839495537564139
15.941667556762695,0.008649821867130588,0.4837813994924195
15.954296588897705,0.007520633440889629,0.48365528379442313
15.971315622329712,0.0060150488725724425,0.4834871295304284
15.984211921691895,0.004322192617407547,0.4832898379705158
15.996125221252441,0.0030051625968727062,0.4831395455527122
16.008476495742798,0.0015004014811692097,0.48296417527723423
16.021711111068726,0.0003718306443934293,0.48283264757062594
16.079973220825195,-0.004894833260570034,0.4822188516064528
16.11437678337097,-0.00884257884077104,0.4817395731836376
16.1266872882843,-0.01034603993696471,0.4815533865002078
16.138404369354248,-0.011661568396133259,0.4813904731522069
16.150535106658936,-0.012789495704762817,0.4812535364599739
16.16256022453308,-0.014104629870774819,0.4810874701743312
16.17652654647827,-0.01523222569291824,0.48094783016175907
16.188316106796265,-0.016547754152086785,0.4807849168137581
16.201045751571655,-0.01786288831810369,0.48061885052811487
16.212695360183716,-0.018989801731984484,0.4804738062974748
16.22647738456726,-0.02049235295049465,0.4802804139899544
16.23841667175293,-0.021431447462063203,0.4801595437977542
16.25064992904663,-0.022745770374093616,0.4799871745175513
16.262625217437744,-0.023871975479114578,0.4798367294024909
16.276349782943726,-0.024998180584142878,0.4796862842874295
16.28813147544861,-0.026499787390840763,0.4794856908006819
16.300487279891968,-0.027625992495869067,0.4793352456856205
16.31243133544922,-0.028939898451730933,0.47915972638471616
16.325982332229614,-0.030252508251275418,0.47897476314519954
16.338130950927734,-0.031377979163131106,0.47881892060349684
16.35029411315918,-0.0326910285602916,0.47863710430484435
16.37604331970215,-0.035128732473737295,0.4782936011457412
16.38832139968872,-0.0364408951335155,0.47810549202814445
16.400700569152832,-0.037752603113939034,0.47791423811332845
16.412654161453247,-0.03887652805459369,0.47774761158780965
16.426764011383057,-0.04018777381868917,0.4775532139747046
16.438628911972046,-0.041498549832141504,0.47735567378030413
16.45106601715088,-0.042621663030302265,0.4771836609454657
16.463988065719604,-0.04374477622846059,0.4770116481106277
16.4772732257843,-0.04524226049267413,0.4767822976641767
16.488767623901367,-0.0465525592238625,0.4765816160235318
16.50131058692932,-0.047675256869615185,0.47640691150885683
16.514029264450073,-0.04879795451537031,0.4762322069941815
16.527152061462402,-0.05010776843541634,0.4760283850603939
16.53931999206543,-0.05141709001823219,0.4758214240046085
16.55150556564331,-0.05253893720879731,0.4756413391572359
16.56419539451599,-0.053660784399359986,0.4754612543098637
16.577232122421265,-0.055156580653445995,0.4752211411800338
16.58936595916748,-0.05646540237577277,0.4750110421914323
16.6016583442688,-0.05758681466843773,0.4748282687221148
16.61430311203003,-0.05870822696110512,0.4746454952527969
16.62735676765442,-0.06001654130254879,0.474432259538593
16.63907289505005,-0.06132434074564043,0.4742158883240219
16.65136170387268,-0.062444863914398956,0.4740277407768633
16.664273500442505,-0.06375214094462088,0.4738082353051777
16.691887855529785,-0.06636773983079927,0.47337549287603614
16.719569444656372,-0.06898123404247433,0.47293021594095974
16.74768090248108,-0.07159256351197876,0.4724724147340427
16.776097536087036,-0.07438803284351181,0.4719685058517451
16.80223274230957,-0.07718228624200899,0.4714578974987394
16.815153121948242,-0.07829949480597118,0.4712509755428198
16.827306747436523,-0.07941670336993337,0.4710440535869002
16.845573663711548,-0.08090631478855123,0.4707681576456738
16.867932319641113,-0.08314073191647076,0.4703543137338355
16.880656719207764,-0.08425794048043536,0.4701473917779155
16.89258313179016,-0.08556017815116226,0.4698997369076373
16.906583070755005,-0.08667586982395364,0.4696847863028426
16.921194314956665,-0.08797751010887249,0.46943401059724965
16.93398118019104,-0.08909268332599989,0.46921638622584755
16.945802927017212,-0.09020785654312971,0.468998761854445
16.959300994873047,-0.09132197362885548,0.4687757937165411
16.971442937850952,-0.09243609071458368,0.46855282557863676
16.98418116569519,-0.09355020780031188,0.4683298574407324
16.996347665786743,-0.09466324314815017,0.4681015506609501
17.00939631462097,-0.09596178438729322,0.46783519275120444
17.02168869972229,-0.09688885512413134,0.46764271430067267
17.03435182571411,-0.0980007831524537,0.46740907412633786
17.046131372451782,-0.09911271118077364,0.46717543395200356
17.059056520462036,-0.10022463920909601,0.4669417937776688
17.07174777984619,-0.10133543436172669,0.46670282557868786
17.084599018096924,-0.10244622951435496,0.4664638573797074
17.096734762191772,-0.10374215719242488,0.46618506114756275
17.10969567298889,-0.10503741285497818,0.4659031592950274
17.121819019317627,-0.10577717068617958,0.4657402988075183
17.134453296661377,-0.10707174689077902,0.46545529295437815
17.146761655807495,-0.10818079486916043,0.4652083430548436
17.159728288650513,-0.10910400430869757,0.4649981230848942
17.176042556762695,-0.11058194142530903,0.4646653128864264
17.18842101097107,-0.11168918487711736,0.4644103940568865
17.201215267181396,-0.11298096890423069,0.46411298875575574
17.21450424194336,-0.11390315991592752,0.46389834523042534
17.226495265960693,-0.11501040336773585,0.4636434264008854
17.23835825920105,-0.1159320772157826,0.4634265729415
17.251022815704346,-0.1170374588820213,0.4631636983645988
17.264479398727417,-0.11814284054825282,0.46290082378769937
17.27660584449768,-0.11924822221448914,0.46263794921079876
17.288389682769775,-0.12035233092720819,0.4623697783292141
17.300557136535645,-0.12108840340235263,0.4621909977414914
17.31421995162964,-0.122376530233859,0.4618781317129758
17.326369285583496,-0.1231121720458153,0.46169758722617715
17.33817148208618,-0.12439954521674003,0.4613816343742792
17.351273775100708,-0.12531855386902468,0.46115375018867916
17.365249395370483,-0.12642070557991153,0.4608776464447225
17.377724409103394,-0.1273391653389811,0.46064755999142604
17.38990807533264,-0.1284406520451259,0.46036881511270583
17.40187406539917,-0.12917497651589147,0.4601829851935584
17.41565465927124,-0.13027646322203626,0.4599042403148382
17.427762031555176,-0.131193244649832,0.45966755504138523
17.439942836761475,-0.13229406002218386,0.45938617062954634
17.451902151107788,-0.1330270291775509,0.45919506488789463
17.465641975402832,-0.13430972519944684,0.45886062984000325
17.477741241455078,-0.13504223415636082,0.4586677676735409
17.489797115325928,-0.13614099759173418,0.45837847442384677
17.50196933746338,-0.13705663378787544,0.45813739671576914
17.515795469284058,-0.13797168947477745,0.4578941248618916
17.52788543701172,-0.13888615939460278,0.45764866026003487
17.539880514144897,-0.13980003829286555,0.4574010043206229
17.551831245422363,-0.1407133209184973,0.4571511584666652
17.565666675567627,-0.14180853824491402,0.4568487172671757
17.58174967765808,-0.14290375557133073,0.45654627606768616
17.59458351135254,-0.14381643667667482,0.45629424173477906
17.607061624526978,-0.14472851101754278,0.4560400203710906
17.619956493377686,-0.14563997335321832,0.4557836134373591
17.63194704055786,-0.1465508184465112,0.4555250224068786
17.6446750164032,-0.1474610410637754,0.4552642487654932
17.656775951385498,-0.14855405517572778,0.45495393952891633
17.67405891418457,-0.14982748805135765,0.45458580287345024
17.6865131855011,-0.150554657634246,0.4543736953890438
17.698421001434326,-0.1516454120085714,0.45405553416243627
17.710671424865723,-0.15237155636750974,0.4538399429817406
17.72425365447998,-0.15327923681618622,0.4535704540058699
17.735984325408936,-0.15418626867485286,0.45329879003625967
17.748177766799927,-0.15491137112039088,0.4530797201143477
17.76035165786743,-0.15599902478869793,0.45275111523147976
17.774280786514282,-0.15690407962198852,0.45247293569635416
17.786020755767822,-0.1578084650409873,0.4521925874862242
17.7981858253479,-0.1588929180108021,0.4518535691570939
17.811472177505493,-0.15979662881898227,0.45157105388281826
17.824738264083862,-0.16051905362275054,0.4513433093107296
17.837148189544678,-0.16160269082839943,0.4510016924525977
17.84878706932068,-0.1623240154967718,0.4507704871109278
17.861435174942017,-0.16340600249932333,0.45042367909842523
17.875242710113525,-0.16430626244218516,0.450130353101795
17.887317895889282,-0.16520581667749806,0.44983486996733335
17.899426698684692,-0.16592489136469266,0.4495967591077579
17.911558389663696,-0.16682373472368706,0.44929912053328824
17.925513982772827,-0.16790148750527947,0.448939369768164
17.937583923339844,-0.16879961482326808,0.44863957746389554
17.949628591537476,-0.16969702093968728,0.4483376331524095
17.961626529693604,-0.170593700698101,0.4480335385686578
17.97933340072632,-0.17166883859589663,0.4476660468381989
17.991559982299805,-0.17256330838363665,0.44735551197083984
18.004284381866455,-0.17327828666048542,0.44710536950973795
18.01604723930359,-0.1741720095065452,0.446792691433361
18.029547929763794,-0.17506498027567355,0.4464778719445862
18.041720151901245,-0.17595719383691494,0.44616091285234716
18.054401874542236,-0.17684864506368805,0.4458418159778632
18.066125631332397,-0.17756119207976084,0.44558482971928604
18.079400777816772,-0.17863001260387235,0.44519935033141944
18.091575860977173,-0.17934131941008555,0.4449389509945414
18.10440492630005,-0.18023045291785553,0.44461345182344253
18.117090702056885,-0.18111880362888733,0.44428582227772057
18.129796028137207,-0.18200636643878826,0.4439560642399088
18.141724824905396,-0.18289313624769052,0.44362417960477163
18.154308080673218,-0.18360191361776346,0.4433569721443888
18.16653537750244,-0.18466507967287749,0.44295616095381285
18.179543495178223,-0.18537256787480316,0.4426855586047026
18.191599130630493,-0.18608005607673345,0.44241495625559063
18.204286575317383,-0.18696278454312804,0.44207246748258144
18.215996265411377,-0.18749192752086846,0.4418657052352634
18.22932267189026,-0.1885492191913259,0.4414496451496827
18.24137806892395,-0.18925274244519644,0.4411688957623724
18.254114866256714,-0.18995626569906698,0.4408881463750621
18.265968561172485,-0.1908356697664063,0.4405372096409237
18.27941370010376,-0.19171423008949984,0.44018416592733217
18.29164433479309,-0.1924163993140695,0.4399000469957446
18.304288387298584,-0.1932923981351218,0.439540694563534
18.31603240966797,-0.1938174790832945,0.4393238238285989
18.328766345977783,-0.1946917450610325,0.4389602758878944
18.34145164489746,-0.19556513707941914,0.43859463332029697
18.354110956192017,-0.1962631475118939,0.43830044524546746
18.36597466468811,-0.19696115794436636,0.4380062571706389
18.383354425430298,-0.19800817359307735,0.4375649750583951
18.395754098892212,-0.19887891364297747,0.4371930612639266
18.408018350601196,-0.19974875969017514,0.43681906131847215
18.42034101486206,-0.20027012791802748,0.43659341094999443
18.43407893180847,-0.20113817097076864,0.43621524516147236
18.445837259292603,-0.2018318782278507,0.43591104879613674
18.458054065704346,-0.20252411916095042,0.43560353021497994
18.47028160095215,-0.20321636009405017,0.43529601163382314
18.484076023101807,-0.2042547214936964,0.4348347337620894
18.495949268341064,-0.20477279051785724,0.43460160846528484
18.508026599884033,-0.20563530505044886,0.4342109976793436
18.520320892333984,-0.20632456563895357,0.4338968559464493
18.534098148345947,-0.20718424893444717,0.4335000528007142
18.545846939086914,-0.20787123266500343,0.43318096262353817
18.558013677597046,-0.20838531722590656,0.4329391776321738
18.570085525512695,-0.20924115640907368,0.43253414998178863
18.58401322364807,-0.21009602225631493,0.43212707199388395
18.5958251953125,-0.21077913233577733,0.4317997712047734
18.607898950576782,-0.21146066544779726,0.4314691992694312
18.62008237838745,-0.21214060592824943,0.4311353637856103
18.63382363319397,-0.21316051664892435,0.4306346105598805
18.645864486694336,-0.21366926581494647,0.430381792040227
18.657891273498535,-0.21434678805798038,0.43004307564350835
18.669931411743164,-0.2151916513230852,0.4296156248647079
18.683990955352783,-0.21586672029191994,0.4292720450711691
18.698366165161133,-0.2167084878549188,0.4288385298178001
18.710518836975098,-0.2175492138358208,0.42840299803932486
18.72248363494873,-0.21822095749026288,0.42805296139848775
18.736114978790283,-0.21889101530962332,0.4276997083646304
18.748229026794434,-0.21972858758382224,0.42725814207230955
18.760757207870483,-0.2202292127362406,0.42698959528946884
18.777447938919067,-0.2210625127201765,0.4265400185532011
18.79069995880127,-0.22206117663109431,0.42599813105171913
18.80446219444275,-0.22255920391311787,0.42572479656035694
18.817211627960205,-0.2232223647811002,0.42535875988133603
18.828782081604004,-0.22404911281300557,0.42489724520469335
18.84200382232666,-0.22470962431425023,0.4245264491098663
18.854646682739258,-0.22520366901828884,0.42424598030907124
18.866722106933594,-0.225861496995689,0.42387044397345897
18.878766536712646,-0.22651751704947895,0.42349175825120744
18.892024755477905,-0.227171714101919,0.42310993184589935
18.904643058776855,-0.22782591115436118,0.42272810544059003
18.916755437850952,-0.22847827016961084,0.4223431471279924
18.92849564552307,-0.2291287761540659,0.42195506575586
18.941932201385498,-0.2297792821385252,0.42156698438372503
18.95453381538391,-0.23026576064051796,0.42127358774962015
18.96651005744934,-0.2309134590590563,0.4208808385346723
18.978235721588135,-0.23155926714988576,0.4204849886931529
18.99143886566162,-0.23220317006997693,0.4200860473231374
19.004282236099243,-0.2328470729900702,0.41968710595312064
19.01603865623474,-0.2333285602026495,0.41938558815608734
19.028095245361328,-0.23380932327453152,0.41908291706972034
19.041334867477417,-0.23460938355579117,0.41857654600876193
19.054094314575195,-0.23508722248244304,0.41826927922243223
19.06608510017395,-0.2357233571700993,0.41785806413713505
19.078187942504883,-0.2363575131354497,0.4174438040753158
19.091403484344482,-0.23683163513632205,0.417130832437464
19.104140758514404,-0.23746279570398057,0.41671202278493863
19.115877151489258,-0.2379346548239518,0.41639564976348264
19.128019094467163,-0.23856278735463768,0.4159723121782039
19.14126682281494,-0.23903235919240873,0.41565255413377417
19.155675411224365,-0.23965743120343255,0.41522471050784715
19.168043613433838,-0.2402783722667478,0.41479089328468954
19.18464732170105,-0.240899313330059,0.41435707606153477
19.198160886764526,-0.24136187810251214,0.4140272628581966
19.210513591766357,-0.24213149953620983,0.4134757277697306
19.22252345085144,-0.24259088075814614,0.41314149460150773
19.235501050949097,-0.24304945948205783,0.41280616122741454
19.248348236083984,-0.24350723307299274,0.4124697295742465
19.260499238967896,-0.24411435631109743,0.4120167764188705
19.272443056106567,-0.2445680648752007,0.4116748824928242
19.285351991653442,-0.24502095259425316,0.41133190198063807
19.29839563369751,-0.2456214987133085,0.4108702640856388
19.31113314628601,-0.24607024326808893,0.41052188032832093
19.3234703540802,-0.2465181514355402,0.4101724219025555
19.335873126983643,-0.2471119962127192,0.40970219475762554
19.348655939102173,-0.24755568393546865,0.40934739323213637
19.3613440990448,-0.24799851990161706,0.4089915291781868
19.374006748199463,-0.24858554050026577,0.40851281004970164
19.38586139678955,-0.24887789990960835,0.408272046114338
19.399046421051025,-0.2494603035093533,0.4077877205686398
19.411315441131592,-0.2498953597556331,0.4074223865018175
19.424216985702515,-0.2503277775857531,0.4070539333324698
19.43596053123474,-0.2509031554284655,0.4065612818072236
19.448806047439575,-0.2513329124807543,0.4061897285892103
19.461633920669556,-0.2519023445479328,0.40569021651920173
19.474265098571777,-0.2521858599507377,0.4054390983932623
19.486373901367188,-0.25275047646233734,0.4049341495027389
19.499210834503174,-0.25317211839281306,0.40455341206004397
19.511371850967407,-0.25373064251733585,0.40404173248301456
19.52412486076355,-0.25400867484528,0.40378455682043957
19.5359148979187,-0.2545622672521384,0.40326754556884004
19.549092292785645,-0.254975597827824,0.4028778010974121
19.561304569244385,-0.25538611501055364,0.4024850943868867
19.574005365371704,-0.2559296917580891,0.4019575628648387
19.589744806289673,-0.2564707332127368,0.40142743143626225
19.603987216949463,-0.2568746035077225,0.40102789207320355
19.615949153900146,-0.2571419279812159,0.4007596031940522
19.627983331680298,-0.2578070159662257,0.4000856847440775
19.639990091323853,-0.258203150695406,0.3996784744861699
19.652801513671875,-0.2585983081775247,0.3992703158379327
19.665775775909424,-0.25899052031772396,0.3988593261119196
19.678512573242188,-0.259379766833492,0.39844552656168974
19.691500186920166,-0.25989478118307724,0.3978900759275765
19.705440044403076,-0.2602790403362248,0.39747164096126714
19.717976570129395,-0.26078736059571167,0.3969100577519289
19.729974508285522,-0.2610401716577586,0.39662805090146314
19.741868019104004,-0.2614173559335012,0.39620322747939163
19.75560188293457,-0.26179147549338455,0.39577570265821993
19.767651319503784,-0.2621625109905272,0.39534549854658113
19.7798113822937,-0.2625304432375227,0.39491263739167576
19.791777849197388,-0.26289525320745477,0.3944771415780952
19.806110382080078,-0.26325901821803777,0.39404077254289593
19.818052768707275,-0.263619635833662,0.39360179890688857
19.83023715019226,-0.2638579368816648,0.39330742854947515
19.84216070175171,-0.2643317110106063,0.3927164097156287
19.855867862701416,-0.264565753807039,0.39241864258137626
19.867923259735107,-0.2649146726729896,0.3919703139711006
19.879950284957886,-0.26526035852491453,0.39151948782990315
19.891868114471436,-0.2654886484991862,0.3912172875909059
19.90575098991394,-0.26594232563606685,0.39061070516230817
19.9178249835968,-0.2661662457855829,0.39030525293454493
19.929893732070923,-0.26638869898907896,0.3899987307182909
19.941831350326538,-0.26672017070611137,0.3895373529786753
19.955589532852173,-0.26704831602217516,0.389073603510367
19.96787190437317,-0.26737311796784935,0.3886075062953019
19.984466314315796,-0.26780170700620953,0.3879829451506467
19.99680471420288,-0.26811864273497754,0.3875114638025126
