0.007542610168457031 3055 0
0.016048431396484375 3055 0
0.02363419532775879 3055 3
0.029993295669555664 3055 21
0.03738260269165039 3057 92
0.04553985595703125 3057 106
0.05385947227478027 3059 106
0.060225725173950195 3059 142
0.06752181053161621 3061 182
0.0758659839630127 3063 189
0.08413434028625488 3064 208
0.09119987487792969 3066 230
0.09853839874267578 3068 250
0.1075890064239502 3071 268
0.11521100997924805 3073 276
0.1218709945678711 3075 286
0.12865591049194336 3077 299
0.13747215270996094 3079 310
0.14585304260253906 3082 324
0.15412521362304688 3085 334
0.16047191619873047 3087 341
0.16814970970153809 3089 353
0.1756277084350586 3093 359
0.18294763565063477 3095 364
0.18951916694641113 3097 369
0.19647717475891113 3101 370
0.20512604713439941 3103 373
0.21265625953674316 3107 384
0.2194514274597168 3109 391
0.22655415534973145 3112 398
0.23410701751708984 3115 400
0.2404792308807373 3118 400
0.24828004837036133 3121 405
0.256486177444458 3124 399
0.26465320587158203 3127 404
0.27127718925476074 3130 408
0.27846479415893555 3133 412
0.28603553771972656 3136 422
0.2964439392089844 3142 425
0.30858445167541504 3146 421
0.3183748722076416 3150 424
0.3259408473968506 3153 423
0.3334646224975586 3156 426
0.3399202823638916 3159 436
0.347332239151001 3163 434
0.35458898544311523 3166 439
0.3632996082305908 3169 435
0.36978793144226074 3172 430
0.3790898323059082 3176 432
0.3865528106689453 3179 439
0.3941078186035156 3183 444
0.400463342666626 3186 442
0.40914058685302734 3189 442
0.41665196418762207 3193 436
0.424349308013916 3197 438
0.4309678077697754 3199 434
0.43810009956359863 3201 439
0.44555187225341797 3205 439
0.4528942108154297 3209 445
0.4603252410888672 3213 447
0.4678502082824707 3215 445
0.4753725528717041 3219 441
0.4824693202972412 3222 437
0.4891245365142822 3225 441
0.4962468147277832 3229 444
0.5037119388580322 3231 446
0.511176347732544 3235 450
0.5189864635467529 3238 443
0.5262768268585205 3241 446
0.5337691307067871 3245 437
0.540590763092041 3248 442
0.5479025840759277 3251 442
0.5555713176727295 3254 448
0.5638759136199951 3257 448
0.5702602863311768 3261 445
0.5775208473205566 3264 445
0.5853362083435059 3267 441
0.5924201011657715 3271 444
0.5990900993347168 3273 440
0.6062345504760742 3277 443
0.6145234107971191 3281 447
0.6223447322845459 3285 450
0.6290178298950195 3287 448
0.6361331939697266 3290 441
0.6437902450561523 3293 443
0.6501610279083252 3296 439
0.6573688983917236 3299 446
0.6657884120941162 3303 447
0.673255443572998 3307 449
0.6797091960906982 3309 449
0.6870863437652588 3313 443
0.6985337734222412 3319 438
0.707892894744873 3321 444
0.7163369655609131 3326 446
0.7243807315826416 3330 449
0.7310061454772949 3333 450
0.7381324768066406 3335 447
0.7455856800079346 3339 444
0.752910852432251 3342 440
0.7594733238220215 3345 446
0.7674152851104736 3349 445
0.7750446796417236 3352 449
0.7813289165496826 3355 449
0.7884712219238281 3359 448
0.795870304107666 3361 446
0.8033900260925293 3365 441
0.8098101615905762 3367 443
0.8180537223815918 3371 446
0.8261263370513916 3375 448
0.8336286544799805 3378 450
0.8400461673736572 3381 448
0.847257137298584 3384 448
0.8545105457305908 3388 444
0.8611264228820801 3391 442
0.8694298267364502 3394 440
0.8763947486877441 3397 451
0.8845164775848389 3401 449
0.8923933506011963 3405 451
0.8990294933319092 3407 444
0.9061288833618164 3410 444
0.9142990112304688 3415 443
0.921008825302124 3417 442
0.928586483001709 3421 448
0.9359900951385498 3423 450
0.9436602592468262 3427 450
0.9500424861907959 3430 449
0.9572973251342773 3433 444
0.9657039642333984 3437 444
0.9732217788696289 3441 439
0.9796216487884521 3443 443
0.9866342544555664 3447 449
0.9942009449005127 3450 450
1.0005970001220703 3453 450
