0.0058193206787109375 1425 0
0.013040542602539062 1425 2
0.020868778228759766 1426 16
0.028940439224243164 1428 166
0.04707932472229004 1431 205
0.054645538330078125 1432 271
0.06229233741760254 1435 298
0.07038569450378418 1438 369
0.07773089408874512 1441 401
0.08512020111083984 1445 437
0.09256935119628906 1447 468
0.10004019737243652 1452 496
0.1064760684967041 1455 531
0.11363697052001953 1459 555
0.12091326713562012 1464 578
0.12905669212341309 1469 589
0.13572454452514648 1473 616
0.14302897453308105 1478 644
0.15058255195617676 1482 663
0.15692353248596191 1487 681
0.16429781913757324 1491 688
0.1723785400390625 1497 705
0.18163275718688965 1505 726
0.19034314155578613 1511 739
0.19668865203857422 1515 747
0.204085111618042 1521 758
0.21172285079956055 1527 768
0.21839308738708496 1533 786
0.22517943382263184 1538 789
0.23350834846496582 1545 796
0.24079036712646484 1549 805
0.24721312522888184 1556 817
0.2545583248138428 1561 821
0.2621743679046631 1567 827
0.26950907707214355 1574 837
0.27664875984191895 1579 848
0.2847268581390381 1586 843
0.29229259490966797 1593 846
0.29961109161376953 1599 854
0.3062405586242676 1605 862
0.31322669982910156 1612 865
0.32090258598327637 1619 859
0.3278994560241699 1624 868
0.33632707595825195 1631 873
0.3517284393310547 1645 876
0.3583838939666748 1652 883
0.36560511589050293 1657 887
0.37383198738098145 1665 887
0.38283300399780273 1673 896
0.39036059379577637 1679 899
0.39672136306762695 1684 896
0.40395426750183105 1691 898
0.41116976737976074 1699 901
0.4177854061126709 1704 905
0.42510366439819336 1711 903
0.43355369567871094 1719 908
0.44097089767456055 1726 911
0.4475984573364258 1731 911
0.4547445774078369 1737 907
0.4622201919555664 1744 913
0.4695467948913574 1751 913
0.4768838882446289 1759 911
0.4851374626159668 1766 911
0.4925706386566162 1771 919
0.5002083778381348 1779 918
0.5066163539886475 1785 916
0.513845682144165 1791 922
0.5211057662963867 1799 923
0.5276823043823242 1805 922
0.5360844135284424 1812 919
0.5430757999420166 1819 922
0.5507285594940186 1825 919
0.5570769309997559 1833 917
0.5646889209747314 1838 923
0.5724892616271973 1845 928
0.5804359912872314 1853 925
0.5877377986907959 1860 922
0.5949037075042725 1867 926
0.6023616790771484 1873 924
0.609856128692627 1881 919
0.6162359714508057 1886 922
0.6236181259155273 1893 927
0.6309211254119873 1901 923
0.6391253471374512 1908 921
0.6459712982177734 1914 929
0.652965784072876 1921 927
0.6604800224304199 1927 929
0.6668157577514648 1934 926
0.6740372180938721 1939 927
0.6823601722717285 1947 928
0.6912555694580078 1957 926
0.6991136074066162 1964 931
0.705848217010498 1969 926
0.7128939628601074 1977 926
0.7203445434570312 1983 928
0.7267270088195801 1988 930
0.7339537143707275 1995 926
0.7500088214874268 2011 932
0.7564311027526855 2016 934
0.7638230323791504 2023 928
0.7712621688842773 2031 929
0.7778775691986084 2037 929
0.7859706878662109 2044 928
0.7939813137054443 2051 926
0.8017561435699463 2059 929
0.8084092140197754 2066 933
0.8156185150146484 2071 929
0.8227710723876953 2077 932
0.8303077220916748 2085 934
0.8366827964782715 2092 934
0.844871997833252 2099 928
0.8522839546203613 2105 934
0.8596086502075195 2113 930
0.8663709163665771 2118 929
0.8735809326171875 2125 928
0.8809001445770264 2133 934
0.8900034427642822 2141 930
0.8963944911956787 2146 928
0.903583288192749 2153 933
0.9108388423919678 2161 933
0.9172244071960449 2167 931
0.9248461723327637 2174 932
0.9322757720947266 2180 934
0.9406688213348389 2187 929
0.9484081268310547 2197 930
0.9578557014465332 2206 934
0.9676432609558105 2213 929
0.9772181510925293 2223 934
0.9878542423248291 2234 932
0.9999136924743652 2243 930
1.0092065334320068 2253 932
