0.00997018814086914 3689 0
0.024370431900024414 3689 0
0.04020261764526367 3689 0
0.05780196189880371 3688 -6
0.06499171257019043 3687 -12
0.07256889343261719 3687 -12
0.0803532600402832 3687 -20
0.08672571182250977 3686 -88
0.10378432273864746 3684 -97
0.11754512786865234 3683 -98
0.12555241584777832 3681 -143
0.13267064094543457 3681 -108
0.14036250114440918 3679 -181
0.14674854278564453 3679 -132
0.1557917594909668 3677 -133
0.1628720760345459 3677 -139
0.17039108276367188 3675 -142
0.17679214477539062 3675 -150
0.18404316902160645 3673 -149
0.1916942596435547 3672 -150
0.19839954376220703 3671 -157
0.2069554328918457 3669 -159
0.21445298194885254 3669 -168
0.22192645072937012 3667 -167
0.22902274131774902 3666 -167
0.23578310012817383 3665 -144
0.24287629127502441 3663 -187
0.2504293918609619 3663 -193
0.25917863845825195 3661 -178
0.27310848236083984 3658 -175
0.28082871437072754 3657 -176
0.2874269485473633 3655 -175
0.2948179244995117 3654 -177
0.3022193908691406 3653 -178
0.31058740615844727 3651 -180
0.3169705867767334 3651 -179
0.3245668411254883 3649 -179
0.33216333389282227 3648 -179
0.3395102024078369 3646 -186
0.34610795974731445 3645 -184
0.353069543838501 3643 -184
0.36247992515563965 3642 -187
0.37007808685302734 3641 -187
0.37645554542541504 3639 -189
0.38386058807373047 3638 -190
0.3910984992980957 3637 -191
0.3977367877960205 3635 -191
0.40497612953186035 3634 -187
0.4134387969970703 3632 -191
0.4207162857055664 3631 -191
0.4271242618560791 3629 -189
0.4345591068267822 3629 -187
0.4421684741973877 3627 -186
0.4495084285736084 3625 -188
0.4570159912109375 3624 -190
0.4646470546722412 3623 -194
0.4725651741027832 3621 -194
0.4804830551147461 3619 -194
0.4868898391723633 3618 -196
0.49411773681640625 3617 -197
0.5019049644470215 3615 -198
0.5102477073669434 3614 -197
0.5166590213775635 3613 -194
0.5238990783691406 3611 -196
0.5311386585235596 3609 -194
0.5377092361450195 3608 -198
0.5448689460754395 3607 -190
0.5523383617401123 3605 -190
0.5615348815917969 3603 -189
0.5690629482269287 3602 -195
0.576420783996582 3601 -196
0.5835919380187988 3599 -195
0.5910038948059082 3598 -196
0.5976557731628418 3597 -197
0.6048369407653809 3595 -197
0.6129751205444336 3593 -199
0.6206433773040771 3592 -198
0.6270720958709717 3591 -198
0.6344730854034424 3589 -197
0.6419486999511719 3588 -197
0.6490051746368408 3586 -200
0.6556353569030762 3585 -199
0.6690165996551514 3582 -192
0.6777102947235107 3581 -190
0.6851270198822021 3579 -193
0.6927444934844971 3577 -199
0.7003843784332275 3577 -193
0.7067556381225586 3575 -194
0.7149746417999268 3573 -195
0.7226016521453857 3572 -198
0.7301125526428223 3571 -203
0.7364842891693115 3569 -203
0.7438580989837646 3567 -201
0.7511444091796875 3566 -197
0.7578063011169434 3565 -199
0.7660889625549316 3563 -201
0.7765982151031494 3561 -198
0.7838401794433594 3559 -197
0.7910804748535156 3558 -195
0.7976748943328857 3557 -198
0.8050012588500977 3555 -197
0.8134667873382568 3553 -199
0.8207588195800781 3552 -193
0.827136754989624 3551 -196
0.8344893455505371 3550 -198
0.8420298099517822 3548 -199
0.8491306304931641 3547 -200
0.8561606407165527 3545 -200
0.8644332885742188 3544 -199
0.8719630241394043 3542 -202
0.8799233436584473 3541 -201
0.886340856552124 3539 -204
0.8935370445251465 3537 -203
0.9008345603942871 3536 -198
0.9074311256408691 3535 -198
0.9156343936920166 3533 -198
0.9229087829589844 3532 -198
0.9304642677307129 3531 -197
0.936842679977417 3529 -196
0.9440755844116211 3528 -195
0.9517104625701904 3526 -200
0.9584147930145264 3525 -200
0.9664449691772461 3523 -198
0.9736671447753906 3522 -204
0.9819376468658447 3520 -200
0.9890398979187012 3519 -203
0.995783805847168 3517 -205
1.0028746128082275 3515 -201
