0.005846500396728516 305 0
0.025520801544189453 305 0
0.03297686576843262 305 0
0.039708614349365234 305 9
0.04787945747375488 307 18
0.059313297271728516 309 257
0.06689167022705078 312 352
0.07965779304504395 317 465
0.09421706199645996 326 552
0.11086869239807129 337 630
0.12689805030822754 345 703
0.1432640552520752 357 760
0.15907597541809082 369 807
0.172637939453125 381 838
0.17925524711608887 386 849
0.18660664558410645 393 871
0.1939239501953125 401 888
0.20059514045715332 406 908
0.20778727531433105 411 923
0.22313451766967773 427 953
0.2368330955505371 440 967
0.24622893333435059 450 982
0.25599145889282227 459 991
0.26468920707702637 468 1000
0.2729935646057129 476 1014
0.2794504165649414 482 1019
0.2866942882537842 490 1030
0.2939929962158203 499 1036
0.3006327152252197 505 1044
0.307971715927124 513 1049
0.3154153823852539 519 1057
0.3237004280090332 528 1059
0.33010435104370117 537 1062
0.33737659454345703 543 1067
0.3450615406036377 551 1071
0.3530874252319336 560 1076
0.3670651912689209 575 1078
0.37554264068603516 584 1083
0.38324713706970215 593 1085
0.3906590938568115 601 1085
0.3980276584625244 610 1083
0.4054903984069824 617 1086
0.41303086280822754 625 1088
0.4194824695587158 631 1086
0.4277215003967285 641 1092
0.435497522354126 649 1092
0.44339513778686523 658 1088
0.4502737522125244 667 1092
0.45770740509033203 673 1094
0.46584177017211914 682 1095
0.47417330741882324 693 1098
0.48192524909973145 701 1096
0.4888014793395996 708 1094
0.4969747066497803 717 1096
0.5062603950500488 728 1097
0.515211820602417 737 1098
0.5225675106048584 745 1102
0.5300188064575195 755 1098
0.5372533798217773 761 1105
0.5450422763824463 770 1105
0.5521173477172852 779 1106
0.5595200061798096 785 1104
0.5667002201080322 794 1104
0.573976993560791 803 1107
0.5821857452392578 812 1108
0.5897283554077148 819 1111
0.5973391532897949 827 1112
0.6051371097564697 837 1113
0.612250804901123 845 1111
0.6190457344055176 852 1115
0.6272420883178711 861 1113
0.6349070072174072 870 1114
0.6415736675262451 879 1116
0.649162769317627 885 1113
0.6561317443847656 895 1117
0.664264440536499 903 1116
0.6708996295928955 910 1119
0.679328441619873 919 1120
0.6863183975219727 928 1121
0.6938610076904297 937 1123
0.7003004550933838 943 1124
0.7077279090881348 951 1124
0.7159385681152344 961 1121
0.7235639095306396 969 1122
0.7320599555969238 979 1127
0.7387616634368896 987 1128
0.745898962020874 995 1132
0.7535526752471924 1002 1130
0.7689633369445801 1021 1132
0.7762277126312256 1029 1134
0.7851386070251465 1039 1136
0.7922103404998779 1047 1137
0.7991335391998291 1055 1138
0.8061056137084961 1063 1134
0.8138787746429443 1073 1142
0.8202805519104004 1079 1136
0.8277032375335693 1086 1143
0.8359172344207764 1098 1141
0.8435499668121338 1105 1142
0.849921703338623 1113 1143
0.8572030067443848 1121 1144
0.8653333187103271 1130 1146
0.872891902923584 1139 1143
0.8799986839294434 1148 1145
0.887596845626831 1155 1145
0.8961708545684814 1167 1143
0.9062032699584961 1178 1144
0.9161207675933838 1189 1140
0.9260320663452148 1201 1143
0.9370088577270508 1212 1146
0.9469180107116699 1223 1146
0.9567389488220215 1235 1143
0.9672200679779053 1247 1147
0.9772188663482666 1258 1142
0.9855647087097168 1267 1145
0.99310302734375 1277 1144
0.9995403289794922 1283 1148
1.0067744255065918 1293 1145
