0.00747370719909668 3059 0
0.015170097351074219 3059 0
0.021488428115844727 3059 0
0.028989553451538086 3059 -9
0.036400556564331055 3057 -9
0.043519020080566406 3056 -46
0.050591468811035156 3055 -194
0.05875754356384277 3053 -198
0.0662994384765625 3051 -247
0.07339978218078613 3049 -281
0.0827329158782959 3045 -308
0.08951187133789062 3043 -341
0.09736990928649902 3041 -374
0.10504651069641113 3037 -390
0.11324048042297363 3034 -410
0.12016677856445312 3031 -424
0.12723135948181152 3028 -436
0.13479089736938477 3025 -456
0.141221284866333 3021 -466
0.14845585823059082 3018 -494
0.15605688095092773 3014 -502
0.16451692581176758 3010 -520
0.1709733009338379 3007 -520
0.1782093048095703 3003 -532
0.18548822402954102 2998 -537
0.19209957122802734 2995 -560
0.20013904571533203 2991 -568
0.20825958251953125 2985 -577
0.21668195724487305 2981 -583
0.2309889793395996 2973 -592
0.2384490966796875 2968 -600
0.2464299201965332 2963 -607
0.2538020610809326 2958 -609
0.261354923248291 2953 -606
0.26859068870544434 2949 -616
0.2762291431427002 2945 -621
0.28336381912231445 2939 -631
0.290388822555542 2936 -631
0.2973957061767578 2931 -625
0.30534887313842773 2925 -633
0.3138468265533447 2921 -641
0.32410168647766113 2914 -643
0.33053135871887207 2910 -644
0.33750438690185547 2905 -640
0.345198392868042 2900 -642
0.35181427001953125 2896 -648
0.3600194454193115 2891 -655
0.36716771125793457 2885 -649
0.3749105930328369 2881 -649
0.38132596015930176 2877 -650
0.3885776996612549 2873 -658
0.3962075710296631 2867 -661
0.40431976318359375 2862 -656
0.4114987850189209 2857 -654
0.4189469814300537 2853 -660
0.427081823348999 2847 -660
0.43462300300598145 2842 -666
0.441025972366333 2838 -664
0.4482872486114502 2833 -657
0.45596766471862793 2827 -666
0.4643852710723877 2823 -665
0.47082948684692383 2819 -666
0.4781463146209717 2813 -662
0.4854762554168701 2808 -662
0.49207496643066406 2804 -668
0.4992637634277344 2799 -670
0.5068740844726562 2795 -669
0.5160107612609863 2788 -663
0.5223038196563721 2784 -663
0.5298969745635986 2779 -672
0.5370445251464844 2774 -670
0.5445647239685059 2769 -670
0.5509693622589111 2765 -666
0.5582015514373779 2760 -662
0.5666015148162842 2755 -670
0.574120044708252 2749 -671
0.5805306434631348 2745 -667
0.5890002250671387 2739 -662
0.5964767932891846 2735 -665
0.6038377285003662 2729 -671
0.6103916168212891 2725 -679
0.6183903217315674 2715 -664
0.6331770420074463 2709 -666
0.640294075012207 2705 -672
0.6475026607513428 2699 -674
0.6551306247711182 2694 -674
0.6615242958068848 2690 -667
0.6701340675354004 2685 -668
0.6771471500396729 2679 -677
0.6846575736999512 2675 -677
0.6910672187805176 2671 -675
0.698322057723999 2666 -669
0.7060766220092773 2661 -668
0.7135660648345947 2655 -675
0.7212204933166504 2649 -677
0.7289435863494873 2645 -671
0.7363953590393066 2640 -666
0.7434797286987305 2635 -671
0.750328779220581 2631 -676
0.7572860717773438 2625 -673
0.7649703025817871 2621 -673
0.7723100185394287 2616 -668
0.7794947624206543 2611 -674
0.7868845462799072 2607 -678
0.7943770885467529 2601 -674
0.801154375076294 2595 -674
0.8084115982055664 2592 -667
0.8172276020050049 2585 -677
0.8249392509460449 2581 -682
0.8313217163085938 2575 -674
0.8385772705078125 2571 -664
0.84619140625 2566 -668
0.8531737327575684 2561 -676
0.8595607280731201 2557 -679
0.867903470993042 2551 -675
0.8813304901123047 2542 -668
0.8891868591308594 2537 -676
0.8967983722686768 2533 -677
0.9043083190917969 2527 -674
0.9106912612915039 2523 -666
0.9222619533538818 2512 -679
0.9410865306854248 2501 -665
0.9568428993225098 2492 -674
0.9711077213287354 2481 -670
0.9853510856628418 2471 -673
1.0044136047363281 2459 -674
