0.005878448486328125 3499 0
0.013232946395874023 3499 0
0.02074408531188965 3499 0
0.028403043746948242 3499 0
0.034763336181640625 3499 -8
0.04201483726501465 3497 -74
0.05042266845703125 3497 -21
0.0585482120513916 3495 -136
0.06739234924316406 3494 -154
0.07468104362487793 3493 -180
0.08193850517272949 3491 -193
0.08973336219787598 3489 -195
0.0960841178894043 3488 -233
0.1046445369720459 3486 -236
0.11187338829040527 3484 -257
0.11919331550598145 3481 -265
0.1258530616760254 3480 -285
0.13312101364135742 3477 -298
0.14060211181640625 3475 -304
0.1483001708984375 3473 -318
0.15580487251281738 3471 -334
0.16300654411315918 3467 -337
0.1704561710357666 3465 -344
0.1784837245941162 3463 -345
0.18493986129760742 3460 -351
0.19222068786621094 3457 -355
0.19988632202148438 3455 -364
0.20838522911071777 3451 -375
0.21482110023498535 3449 -381
0.22211456298828125 3447 -391
0.22992444038391113 3443 -393
0.24308109283447266 3437 -394
0.252791166305542 3435 -392
0.26055049896240234 3431 -397
0.26837873458862305 3428 -401
0.2748239040374756 3425 -408
0.28278136253356934 3422 -414
0.2902660369873047 3419 -415
0.29765748977661133 3415 -416
0.3050405979156494 3412 -412
0.31228017807006836 3410 -412
0.3198871612548828 3407 -418
0.32662057876586914 3403 -419
0.3339574337005615 3401 -431
0.3426947593688965 3397 -426
0.350236177444458 3393 -431
0.35876941680908203 3390 -425
0.36522674560546875 3387 -424
0.37263965606689453 3384 -426
0.3801600933074951 3381 -428
0.3873286247253418 3377 -436
0.3943328857421875 3375 -435
0.4013228416442871 3371 -439
0.41000890731811523 3367 -435
0.41711950302124023 3365 -431
0.42383384704589844 3361 -430
0.43099355697631836 3358 -429
0.4385054111480713 3355 -439
0.44495320320129395 3352 -440
0.45240020751953125 3349 -445
0.46087026596069336 3346 -440
0.46839237213134766 3343 -438
0.47484445571899414 3340 -438
0.4827713966369629 3337 -433
0.4903900623321533 3333 -438
0.49773240089416504 3329 -439
0.5043830871582031 3327 -445
0.512678861618042 3323 -445
0.5202085971832275 3319 -441
0.5272915363311768 3316 -440
0.5341432094573975 3313 -432
0.5411391258239746 3310 -443
0.5486385822296143 3307 -440
0.5550417900085449 3303 -450
0.5632128715515137 3300 -445
0.5719926357269287 3297 -447
0.579308271408081 3293 -442
0.587193489074707 3289 -435
0.5939831733703613 3287 -438
0.6010205745697021 3283 -439
0.6092264652252197 3279 -449
0.615872859954834 3277 -449
0.6232433319091797 3273 -449
0.6308412551879883 3271 -439
0.641118049621582 3265 -439
0.6513063907623291 3261 -440
0.660092830657959 3257 -448
0.6671876907348633 3254 -447
0.6742582321166992 3251 -450
0.6813178062438965 3247 -441
0.6897640228271484 3244 -442
0.6961085796356201 3241 -440
0.7033307552337646 3238 -442
0.7117791175842285 3235 -445
0.7190628051757812 3231 -448
0.7256884574890137 3228 -451
0.7328472137451172 3225 -445
0.7403125762939453 3222 -443
0.7476439476013184 3218 -443
0.7544400691986084 3215 -439
0.7623136043548584 3212 -445
0.7699553966522217 3209 -444
0.7766048908233643 3205 -451
0.7833945751190186 3202 -447
0.7913002967834473 3199 -445
0.7988529205322266 3196 -441
0.8052175045013428 3193 -440
0.8140079975128174 3189 -442
0.821080207824707 3185 -445
0.8286454677581787 3183 -450
0.8350744247436523 3179 -446
0.8423252105712891 3177 -447
0.8499431610107422 3173 -441
0.8569998741149902 3169 -439
0.8646726608276367 3167 -440
0.87209153175354 3163 -442
0.879814624786377 3159 -453
0.8865375518798828 3156 -446
0.8942444324493408 3153 -450
0.90120530128479 3150 -438
0.9087400436401367 3147 -440
0.9172360897064209 3143 -436
0.926018238067627 3139 -445
0.933342456817627 3135 -450
0.9407930374145508 3133 -452
0.9483523368835449 3129 -448
0.954780101776123 3127 -440
0.962059497833252 3122 -444
0.9704902172088623 3119 -439
0.9779853820800781 3116 -444
0.9843635559082031 3113 -444
0.9923145771026611 3110 -448
0.9999785423278809 3106 -451
1.007002830505371 3103 -442
