0.0071258544921875 1481 0
0.014275550842285156 1481 0
0.02179098129272461 1481 0
0.029308557510375977 1481 0
0.036359548568725586 1481 0
0.04314422607421875 1481 0
0.05006122589111328 1481 0
0.057743072509765625 1481 0
0.06506824493408203 1481 0
0.07270526885986328 1481 0
0.07976722717285156 1481 0
0.08721470832824707 1481 0
0.09355640411376953 1481 0
0.10071611404418945 1481 0
0.10791158676147461 1481 0
0.11632227897644043 1481 0
0.12318682670593262 1481 0
0.1332557201385498 1481 0
0.1410830020904541 1481 0
0.1497964859008789 1481 0
0.15720009803771973 1481 0
0.17083740234375 1481 0
0.17837166786193848 1481 0
0.18491101264953613 1481 0
0.1921830177307129 1481 0
0.2001495361328125 1481 0
0.20805001258850098 1481 0
0.21615886688232422 1481 0
0.2227792739868164 1481 0
0.23021340370178223 1481 0
0.23787283897399902 1481 0
0.24419093132019043 1481 0
0.2513725757598877 1481 0
0.2588529586791992 1481 0
0.2669517993927002 1481 0
0.2733018398284912 1481 0
0.2813394069671631 1481 0
0.2888643741607666 1481 0
0.29508519172668457 1481 0
0.3023648262023926 1481 0
0.3097224235534668 1481 0
0.3179666996002197 1481 0
0.3243100643157959 1481 0
0.3322911262512207 1481 0
0.3396308422088623 1481 0
0.34711742401123047 1481 0
0.3534395694732666 1481 0
0.3607485294342041 1481 0
0.3691248893737793 1481 0
0.37668681144714355 1481 0
0.3846919536590576 1481 0
0.39176082611083984 1481 0
0.39914679527282715 1481 0
0.40616941452026367 1481 0
0.41381072998046875 1481 0
0.4211764335632324 1481 0
0.42836904525756836 1481 0
0.4361248016357422 1481 0
0.44268155097961426 1481 0
0.44974803924560547 1481 0
0.45734286308288574 1481 0
0.4646732807159424 1481 0
0.47168993949890137 1481 0
0.479262113571167 1481 0
0.48627352714538574 1481 0
0.49392175674438477 1481 0
0.5011579990386963 1481 0
0.5083482265472412 1481 0
0.5166277885437012 1481 0
0.5232172012329102 1481 0
0.5301275253295898 1481 0
0.5377130508422852 1481 0
0.5440182685852051 1481 0
0.5511960983276367 1481 0
0.5587584972381592 1481 0
0.5719332695007324 1481 0
0.5794796943664551 1481 0
0.5867025852203369 1481 0
0.5934877395629883 1481 0
0.6008658409118652 1481 0
0.6080772876739502 1481 0
0.615025520324707 1481 0
0.623175859451294 1481 0
0.6300692558288574 1481 0
0.6388278007507324 1481 0
0.6460914611816406 1481 0
0.6535277366638184 1481 0
0.6608269214630127 1481 0
0.6690797805786133 1481 0
0.6761555671691895 1481 0
0.682746171951294 1481 0
0.6910979747772217 1481 0
0.6982765197753906 1481 0
0.70481276512146 1481 0
0.7119193077087402 1481 0
0.7202303409576416 1481 0
0.7277204990386963 1481 0
0.7346212863922119 1481 0
0.7422187328338623 1481 0
0.7509448528289795 1481 0
0.7592508792877197 1481 0
0.7662417888641357 1481 0
0.7738461494445801 1481 0
0.7811501026153564 1481 0
0.788341760635376 1481 0
0.7948482036590576 1481 0
0.8019247055053711 1481 0
0.8094079494476318 1481 0
0.816652774810791 1481 0
0.8239531517028809 1481 0
0.8310947418212891 1481 0
0.8392777442932129 1481 0
0.8463053703308105 1481 0
0.853203296661377 1481 0
0.8601019382476807 1481 0
0.867567777633667 1481 0
0.8749172687530518 1481 0
0.882004976272583 1481 0
0.8893630504608154 1481 0
0.8966593742370605 1481 0
0.9033298492431641 1481 0
0.91021728515625 1481 0
0.917639970779419 1481 0
0.9250280857086182 1481 0
0.9321277141571045 1481 0
0.9394335746765137 1481 0
0.9473447799682617 1481 0
0.9537034034729004 1481 0
0.9610238075256348 1481 0
0.9751071929931641 1481 0
0.9827773571014404 1481 0
0.9900038242340088 1481 0
0.9975736141204834 1481 0
1.0038788318634033 1481 0
