0.008350610733032227 2378 0
0.015030384063720703 2378 -7
0.02239084243774414 2377 -15
0.02997112274169922 2377 -35
0.037488698959350586 2376 -31
0.04395246505737305 2375 -175
0.05141401290893555 2373 -200
0.05987215042114258 2370 -264
0.06743264198303223 2367 -332
0.07391905784606934 2365 -365
0.08118891716003418 2361 -404
0.0884711742401123 2358 -441
0.09512782096862793 2355 -470
0.10239672660827637 2351 -497
0.11137223243713379 2347 -532
0.11921453475952148 2342 -563
0.12628626823425293 2337 -585
0.13336992263793945 2334 -600
0.14037871360778809 2329 -619
0.14796996116638184 2325 -635
0.15441250801086426 2319 -660
0.162994384765625 2314 -685
0.17030978202819824 2309 -687
0.17859172821044922 2303 -696
0.1852269172668457 2294 -736
0.19989442825317383 2288 -740
0.2076418399810791 2283 -748
0.21632838249206543 2275 -760
0.2232522964477539 2270 -776
0.2304835319519043 2263 -780
0.23801302909851074 2259 -777
0.2444612979888916 2253 -793
0.2518429756164551 2248 -802
0.2595205307006836 2241 -808
0.26773691177368164 2235 -806
0.27414488792419434 2230 -816
0.2834603786468506 2221 -825
0.29160451889038086 2215 -831
0.2992894649505615 2209 -834
0.3063807487487793 2202 -839
0.31443023681640625 2195 -850
0.32184791564941406 2190 -846
0.32944369316101074 2183 -844
0.33657312393188477 2176 -849
0.3433973789215088 2171 -858
0.35054516792297363 2164 -855
0.3582437038421631 2157 -856
0.36652398109436035 2151 -862
0.37340664863586426 2145 -864
0.3804326057434082 2139 -859
0.38814496994018555 2133 -860
0.3946053981781006 2126 -871
0.40207386016845703 2121 -870
0.4097154140472412 2114 -868
0.41803526878356934 2107 -868
0.4244725704193115 2100 -874
0.431851863861084 2095 -870
0.43940258026123047 2088 -867
0.4465000629425049 2081 -876
0.45337843894958496 2075 -880
0.46036815643310547 2069 -876
0.46920204162597656 2061 -868
0.4758906364440918 2055 -875
0.4830005168914795 2049 -879
0.49012136459350586 2044 -879
0.49766039848327637 2037 -881
0.5041036605834961 2031 -883
0.5114076137542725 2025 -885
0.5204746723175049 2016 -880
0.5281760692596436 2011 -881
0.5345640182495117 2003 -885
0.5420701503753662 1998 -885
0.5495419502258301 1991 -879
0.5569264888763428 1984 -886
0.563495397567749 1979 -890
0.5715296268463135 1971 -884
0.5791351795196533 1965 -882
0.5858211517333984 1957 -889
0.600346565246582 1945 -887
0.6080377101898193 1939 -890
0.6144378185272217 1933 -897
0.6234912872314453 1925 -893
0.6304831504821777 1919 -890
0.63800048828125 1913 -897
0.6443953514099121 1905 -896
0.652066707611084 1901 -893
0.6595916748046875 1893 -893
0.6669361591339111 1886 -902
0.6743433475494385 1879 -900
0.681605339050293 1873 -897
0.6892237663269043 1866 -892
0.696265697479248 1859 -899
0.7029769420623779 1853 -898
0.7103149890899658 1847 -892
0.717871904373169 1839 -898
0.7265729904174805 1832 -899
0.7334094047546387 1827 -896
0.7403786182403564 1819 -900
0.7479507923126221 1814 -901
0.754366397857666 1807 -899
0.7616305351257324 1801 -890
0.7701287269592285 1794 -899
0.7778923511505127 1787 -899
0.784306526184082 1780 -894
0.7936744689941406 1773 -895
0.8013026714324951 1765 -905
0.8085615634918213 1758 -904
0.8152072429656982 1753 -895
0.8241732120513916 1745 -902
0.8315949440002441 1739 -901
0.8435635566711426 1727 -894
0.8520689010620117 1721 -903
0.8597054481506348 1713 -902
0.86745285987854 1706 -899
0.8749101161956787 1699 -902
0.88211989402771 1693 -906
0.8897626399993896 1686 -901
0.898613452911377 1677 -898
0.9065158367156982 1670 -902
0.9135346412658691 1665 -903
0.9225480556488037 1655 -899
0.9304959774017334 1648 -901
0.9380588531494141 1643 -901
0.9444706439971924 1635 -899
0.9521174430847168 1630 -898
0.9606361389160156 1621 -904
0.9693925380706787 1614 -901
0.9777481555938721 1607 -894
0.9841616153717041 1601 -905
0.9980077743530273 1589 -901
1.00443434715271 1581 -898
