0.0058689117431640625,0.0,0.0
0.030010700225830078,0.0001893682238417199,0.0
0.04478573799133301,0.0009468389430174207,-1.815710878944481e-06
0.05705523490905762,0.002272382235036936,-1.1348119962919354e-05
0.07015609741210938,0.00340853934988581,-2.2242228743048017e-05
0.08243012428283691,0.005302025734432919,-4.947697905369998e-05
0.09431672096252441,0.0070060263870162405,-8.215780308378406e-05
0.10620975494384766,0.009277916279062545,-0.00013117824104148047
0.11901974678039551,0.01173913032878035,-0.00018428371549569187
0.1306912899017334,0.01420021001031208,-0.00024328872455394915
0.14343643188476562,0.016661424060028653,-0.0002963941990081147
0.15476369857788086,0.01931181756321762,-0.0003599380549170092
0.16760659217834473,0.02271981886838673,-0.0004252997029772513
0.1798572540283203,0.025560211655511075,-0.0004525349749275715
0.19140839576721191,0.02859009453221141,-0.00045979781844331986
0.2038283348083496,0.032188080448291516,-0.00045117319176837237
0.2165677547454834,0.03559655179284122,-0.0004184908654279036
0.2284700870513916,0.03900482728502441,-0.0003694683148687265
0.24036192893981934,0.042601789896494005,-0.00028323022470665474
0.2524564266204834,0.04638731564021704,-0.00016522800461786302
0.2643864154815674,0.050361477991491495,-2.227144378389069e-05
0.27704668045043945,0.055090244150455686,0.00020460570217430802
0.29380035400390625,0.05924886665477289,0.0004541167836678484
0.3058795928955078,0.06265231557187123,0.0006419478507942217
0.31833744049072266,0.06643288148488738,0.0008687761066974704
0.3301849365234375,0.06983539080660123,0.0010729215370103272
0.34184837341308594,0.07399276933619725,0.001342366661054197
0.35407328605651855,0.07701722206660942,0.0015238292657767517
0.365997314453125,0.0806076853421694,0.0017565318729055339
0.3785538673400879,0.08457669723844624,0.002004216228045055
0.3901941776275635,0.08760114996885841,0.002185678832767586
0.401930570602417,0.09138171588187517,0.0024125070886709013
0.4141550064086914,0.09459608430357946,0.002589903096512493
0.4306831359863281,0.0995115127090029,0.002872998046872887
0.4439971446990967,0.10272629712550325,0.003042688498785741
0.45606303215026855,0.10613060741427088,0.0032142008856801104
0.467684268951416,0.10953570083119943,0.003369390650360106
0.4803605079650879,0.11275228809902475,0.0035005395829060624
0.49234986305236816,0.11634763842738144,0.003638499913763908
0.5042307376861572,0.11937605902236036,0.0037329016898349806
0.5160229206085205,0.12259375590452515,0.0038332035769104854
0.5288140773773193,0.1258120908726821,0.0039103639733712855
0.5406153202056885,0.12959892219507546,0.0039739109329500755
0.5530071258544922,0.1324390456868711,0.004021571152634134
0.5645909309387207,0.13565815751227941,0.004052437794177888
0.5773568153381348,0.13906669740604405,0.004076949703251021
0.589043140411377,0.14209658028274377,0.004084212546766815
0.6008989810943604,0.14550519851903226,0.00407604184781157
0.6137359142303467,0.14872444907552482,0.004068325076576116
0.6261608600616455,0.1519436718856421,0.004052891578445103
0.6377365589141846,0.15497348512454454,0.00403110321482456
0.6498355865478516,0.15800329836344637,0.004009314851204022
0.6615724563598633,0.16122247492977992,0.003986164714857223
0.6745405197143555,0.16463094627432964,0.0039534823885168345
0.6902186870574951,0.16860749617630472,0.0039153530077863765
0.702357292175293,0.17163730941520533,0.003893564644165871
0.7144372463226318,0.1744777593266767,0.0038731380532716097
0.727318525314331,0.17807571423210192,0.0038558888494781237
0.7388992309570312,0.1807268617492147,0.003849533861401844
0.7506895065307617,0.18394611230570726,0.00384181709016634
0.7630205154418945,0.18659726743948762,0.003841817090166361
0.7759537696838379,0.1898165272447913,0.003841817090166386
0.787644624710083,0.19265704244169757,0.0038486260059624215
0.799708366394043,0.1953081671088526,0.0038613359455997457
0.8109517097473145,0.19795929177600763,0.0038740458852370287
0.8236947059631348,0.20079978249081756,0.003887663677705595
0.8363821506500244,0.2034508690748566,0.003906728495873586
0.8479177951812744,0.20610195565889503,0.003925793314041573
0.8600685596466064,0.20856367891550356,0.0039434963594833046
0.8717677593231201,0.2112148035826586,0.003956206299120629
0.8849086761474609,0.21386592824981362,0.003968916238757953
0.8967766761779785,0.21651708338359338,0.003968916238757953
0.9085383415222168,0.2189788702935314,0.003968916238757972
0.9203228950500488,0.22125128245105605,0.00396346910612118
0.9337761402130127,0.22390242996816884,0.0039571141180449005
0.9455068111419678,0.22598542656991336,0.003942134618055784
0.9569971561431885,0.22844710031875495,0.003918530715698816
0.9688723087310791,0.2305300969205013,0.0039035512157096866
0.9815459251403809,0.2329916292204094,0.0038681460403058843
0.9938876628875732,0.23507453007128343,0.0038431805895284463
1.0056049823760986,0.23715736509428298,0.003813222364186762
1.0170345306396484,0.2394296205679634,0.0037859873269750154
1.0301835536956787,0.24132316679603102,0.0037632914626318857
1.0461831092834473,0.243974131515323,0.0037315172525515367
1.0578076839447021,0.24605703236619703,0.0037065518017740987
1.0699074268341064,0.24776117011228802,0.003682040526494532
1.0958263874053955,0.25211632643684245,0.0036298400385053474
1.118687391281128,0.2560928763388163,0.0035917106577748395
1.1461279392242432,0.25950141623258094,0.00356719874870176
1.168360710144043,0.2630993194537773,0.003541325066902396
1.1942617893218994,0.2663185422638952,0.00352589156877143
1.2142987251281738,0.2689696288479336,0.0035068267506034845
1.2260897159576416,0.2704844658303878,0.0034886700591289913
1.2378075122833252,0.2718099481900338,0.003472782954088817
1.2584493160247803,0.2748395264053072,0.003429207353591802
1.2779181003570557,0.2767330127898518,0.0034019726032811855
1.2902567386627197,0.2782476800365951,0.003372922981921061
1.3018996715545654,0.279762347283336,0.0033438733605609837
1.3155512809753418,0.28108754403492925,0.0033121014326065765
1.3273084163665771,0.2824128131386242,0.0032835061771312258
1.3390097618103027,0.28373800989021747,0.003251734249176808
1.3506402969360352,0.28506312667523326,0.003216785831302321
1.3639605045318604,0.28619900960517114,0.0031895527501985153
1.3757610321044922,0.2875242063567656,0.003157780822244078
1.3874552249908447,0.28847071834606147,0.003132817666619467
1.3993639945983887,0.28979591509765595,0.00310104573866502
1.4118852615356445,0.29093172948481144,0.0030710899519154826
1.42417573928833,0.2920675438719676,0.003041134165165929
1.4360418319702148,0.29320335825912436,0.0030111783784163505
1.4487369060516357,0.29433930320514656,0.0029866681594375223
1.4614264965057373,0.2954751175923033,0.0029567123726879523
1.473841667175293,0.2966110625383268,0.0029322021537090885
1.488898515701294,0.29793633164201994,0.0029036068982337777
1.5007636547088623,0.299261665482919,0.0028781884795436954
1.5143299102783203,0.3003976104289431,0.0028536782605648185
1.533980369567871,0.3021016845240197,0.002825082128754409
1.545760154724121,0.30304835155323445,0.0028069261154043284
1.5573334693908691,0.3039949723415864,0.002786500932921969
1.5702416896820068,0.305130972776643,0.0027647137169019022
1.581906795501709,0.30607763980585645,0.002746557703551845
1.59421968460083,0.30683493643653814,0.002730217557565943
1.6060419082641602,0.30759223306722105,0.002713877411580021
1.6187059879302979,0.3085388538555736,0.0026934522290976487
1.6304857730865479,0.30948542296385545,0.0026707579948444774
1.6424431800842285,0.3104320437522074,0.0026503328123621108
1.6544513702392578,0.31118929903883324,0.002632177424959553
1.6668212413787842,0.31213586814711447,0.002609483190706389
1.6786103248596191,0.31289307773855063,0.0025895126662067195
1.6904094219207764,0.3136502873299887,0.002569542141707001
1.7028939723968506,0.31478610171714416,0.002539586354957455
1.7155237197875977,0.3155433113085822,0.00251961583045773
1.726823329925537,0.31630052090001903,0.002499645305958044
1.7387394905090332,0.31705773049145647,0.0024796747814583475
1.7505946159362793,0.3178149400828939,0.0024597042569586393
1.7635080814361572,0.31857214967433195,0.0024397337324589146
1.7759723663330078,0.3193293592657681,0.002419763207959245
1.7875044345855713,0.32008656885720554,0.002399792683459543
1.8024117946624756,0.3210330808465026,0.0023748295278349066
1.8156354427337646,0.32179024039188464,0.0023530439809871166
1.8270041942596436,0.32235811005091913,0.002336704820851336
1.8388299942016602,0.3231153196423572,0.002316734296351611
1.8506059646606445,0.3238725292337952,0.0022967637718518926
1.8629660606384277,0.32444043642737236,0.002281785878477136
1.8758878707885742,0.32500830608640874,0.002265446718341298
1.8909790515899658,0.3259548180757046,0.0022404835627166868
1.9037988185882568,0.32652268773474097,0.002224144402580844
1.9158072471618652,0.3269012925304597,0.0022141591403309928
1.928445816040039,0.3276585021218971,0.0021941886158312962
1.940192699432373,0.32841571171333456,0.002174218091331588
1.9517829418182373,0.32879431650905266,0.00216423282908175
1.9642541408538818,0.329172921304772,0.00215424756683188
1.9766886234283447,0.3299301308962088,0.0021342770423321998
1.988628625869751,0.33068734048764625,0.0021143065178324976
2.0003528594970703,0.3308766428855053,0.00210931388670758
2.012399911880493,0.33144451254454227,0.0020929747265717286
2.0249404907226562,0.33220172213597843,0.002073004202072053
2.036656379699707,0.33258032693169837,0.002063018939822166
2.052952766418457,0.33295893172741586,0.0020530336775723473
2.064633846282959,0.3337161413188539,0.0020330631530726226
2.0774641036987305,0.334094746114572,0.002023077890822788
2.0894742012023926,0.33447335091029073,0.0020130926285729365
2.100867986679077,0.3350412581038691,0.001998114735198156
2.1137290000915527,0.33541983787655916,0.0019872219617742873
2.1261982917785645,0.33598770753559554,0.0019708828016384494
2.137817621231079,0.33617700993345456,0.0019658901705135305
2.1498944759368896,0.33674487959249155,0.0019495510103776745
2.1630311012268066,0.33712348438820966,0.0019395657481278397
2.175995349884033,0.33769131324976853,0.0019218654151145172
2.1878774166107178,0.3380698930224592,0.001910972641690628
2.1999783515930176,0.33844847279514867,0.0019000798682667773
2.21158766746521,0.33882705256783996,0.0018891870948428762
2.2247867584228516,0.3393949222268757,0.0018728479347070513
2.23664927482605,0.33977347480124803,0.0018610477126981733
2.2483081817626953,0.3401520273756198,0.0018492474906893115
2.260138750076294,0.34053057994999275,0.0018374472686804111
2.273606061935425,0.34090918474571147,0.00182746200643056
2.288858652114868,0.34147701360726973,0.0018097616734172525
2.300734043121338,0.3418555933799598,0.001798868899993387
2.3135602474212646,0.34223417315265175,0.0017879761265694684
2.326103448867798,0.3426127529253418,0.0017770833531455998
2.337648391723633,0.3429913326980319,0.0017661905797217313
2.349841356277466,0.3433699124707232,0.0017552978062978274
2.3613502979278564,0.34374849224341325,0.0017444050328739589
2.3744025230407715,0.3439377821297589,0.0017389586461620068
2.386255979537964,0.3445056109913165,0.001721258313148714
2.3977973461151123,0.3446948725917774,0.0017149045117533315
2.410059928894043,0.34507342516615036,0.0017031042897444372
2.4215970039367676,0.3454519777405221,0.0016913040677355754
2.4346718788146973,0.34564125402770796,0.0016854039567311444
2.4473209381103516,0.34620903882908827,0.0016663425525450797
2.4590020179748535,0.3463983151162741,0.0016604424415406487
2.470780849456787,0.34677683831719347,0.0016477348387499665
2.4842514991760254,0.3471553615181141,0.0016350272359592429
2.4959897994995117,0.34753388471903346,0.0016223196331685607
2.50762677192688,0.34772314631949436,0.0016159658317731781
2.519657611846924,0.3479124226066802,0.0016100657207687502
2.5328898429870605,0.34829094580760017,0.001597358117978053
2.544424533843994,0.34848020740805985,0.0015910043165827134
2.5561742782592773,0.3488587599824322,0.0015792040945738354
2.5677013397216797,0.34923731255680396,0.0015674038725649795
2.5806310176849365,0.34923731255680396,0.0015674038725649795
2.59332275390625,0.34961586513117693,0.0015556036505560852
2.6046576499938965,0.3499944177055493,0.001543803428547204
2.616443395614624,0.3499944177055493,0.001543803428547204
2.6290385723114014,0.35037297027992165,0.001532003206538326
2.6507861614227295,0.3507515228542934,0.0015202029845294643
2.662968397140503,0.3509407991414805,0.0015143028735249949
2.674250841140747,0.3509407991414805,0.0015143028735249949
2.686535358428955,0.3501836395960985,0.001536088420372779
2.703023910522461,0.34942630597272806,0.001550613231052806
2.7145819664001465,0.3486688678961619,0.0015578759702395545
2.7261524200439453,0.3477220267769546,0.0015578759702395471
2.73856520652771,0.3463965444173074,0.001541988865199337
2.7500877380371094,0.3452608050992359,0.0015093105449276696
2.7618112564086914,0.3437472692619041,0.0014439651704558232
2.774287223815918,0.342613265862967,0.0013731982118444677
2.7869317531585693,0.3407251519440034,0.0012280836050720053
2.798856735229492,0.3392178772745454,0.0010758212667774662
2.8105852603912354,0.3377137994228236,0.0008946843991485741
2.8232860565185547,0.3364010124731778,0.0007109827097657688
2.8359572887420654,0.33471863133326096,0.0004384392080635876
2.8475449085235596,0.33304252097215786,0.00012966693328707708
2.85955810546875,0.33155891251237996,-0.00017687292860664986
2.8710412979125977,0.3298967726366408,-0.0005536716729619498
2.8844432830810547,0.32861217313813806,-0.000880719091979021
2.896331787109375,0.3269700003143273,-0.0013367395706939658
2.9080519676208496,0.32570254985625074,-0.0017249730341675066
2.920067548751831,0.3242639434799727,-0.002199812420685265
2.9334962368011475,0.32283958899713255,-0.002715830885533085
2.944852828979492,0.3214306648563755,-0.0032726014975865796
2.9567291736602783,0.3202123777545118,-0.003795030845226086
2.9685416221618652,0.31935231351407267,-0.004191007621486329
2.9802165031433105,0.31867446606540534,-0.004529072738806651
2.9936511516571045,0.3176727000569147,-0.005065203819294242
3.005518674850464,0.3166894866968856,-0.005634644913604683
3.016845941543579,0.3160471176841347,-0.006036051488874745
3.0286202430725098,0.31541857860103506,-0.006458785220948127
3.0410428047180176,0.3151115779219267,-0.006680577646042995
3.0538296699523926,0.31481442971794604,-0.00691540575695398
3.0656213760375977,0.31467046695978357,-0.007038430341744938
3.076870918273926,0.3143928042304572,-0.007296005001886237
3.0941855907440186,0.3146603864156582,-0.007027973154961294
3.1062159538269043,0.31478557078887087,-0.006885884461166494
3.117931842803955,0.31502274173901174,-0.006590602837605722
3.130160093307495,0.3152469553355802,-0.006285365946130867
3.1436150074005127,0.3158794720169062,-0.005341493963776462
3.1548776626586914,0.3159764528354986,-0.005178843894528556
3.1665821075439453,0.3165180976251493,-0.004180048323315475
3.1783084869384766,0.317016156456188,-0.0031588191266834894
3.1909546852111816,0.3175511138433488,-0.001945980934770407
3.2049291133880615,0.3180919746572799,-0.000530873048845011
3.2168731689453125,0.3185712931085486,0.0009062471866001464
3.228888988494873,0.31898817699799703,0.0023627047285734483
3.2417895793914795,0.319439091261515,0.004201918894199936
3.2542777061462402,0.3198844860175138,0.006430261371524389
3.2659592628479004,0.320184173034447,0.008300079574443887
3.2770261764526367,0.3204446320969553,0.010366782336105322
3.2897377014160156,0.3206306284756082,0.012441512336714344
3.300733804702759,0.3207621568718773,0.014899783084805409
3.3129124641418457,0.3207919765473111,0.016603836208163657
3.3241946697235107,0.3207684604487248,0.019254887044430437
3.3357081413269043,0.3206720725247456,0.0215252605936583
3.347748279571533,0.32049695616436885,0.023980811254969245
3.3594534397125244,0.3202336802535136,0.02642847965258821
3.3707637786865234,0.31989427060570436,0.02886675688885961
3.382842779159546,0.3195429358317256,0.030919964892179047
3.3949694633483887,0.3190270424463486,0.03352044130204855
3.40649151802063,0.31846724784187125,0.035917736609418986
3.4177777767181396,0.3178330329228634,0.03829642663261456
3.4297173023223877,0.3171250135011772,0.04065420170425742
3.441789388656616,0.31628378963237697,0.043168354831240936
3.4545154571533203,0.31535868297062053,0.04565286709881728
3.4660468101501465,0.31442273153863903,0.047929792593188386
3.4773852825164795,0.313416292753232,0.05017645139264386
3.488839864730835,0.31192651734774257,0.053242281505724194
3.5087623596191406,0.31048595753212255,0.05590780779766704
3.520454168319702,0.30894425106407186,0.05851613756243625
3.5328269004821777,0.30791888505504456,0.06010819816668991
3.54567551612854,0.3062177162068336,0.06261544118348958
3.5570404529571533,0.30464616835104924,0.06475059009640953
3.5688889026641846,0.3033557875369595,0.06638583215278485
3.5805699825286865,0.3013075103068053,0.0688694170783446
3.5940029621124268,0.29917127645555336,0.07127776477475499
3.605947494506836,0.29710164203132655,0.07349064894376907
3.6175270080566406,0.2947143030758759,0.07592362197133508
3.6294620037078857,0.2922807499477852,0.07831036959390253
3.6408355236053467,0.28966416239849374,0.08077999438997856
3.6542365550994873,0.28715742728191107,0.08308976149866443
3.666163444519043,0.28447663843246485,0.08548954235973921
3.677741050720215,0.28192066052038983,0.08774469688971188
3.689866065979004,0.2791999839062868,0.09009915984291
3.703386068344116,0.2764624463752804,0.09243399716118979
3.7147529125213623,0.2738742994059367,0.09465215863100143
3.726684808731079,0.271573724322077,0.09662385771527726
3.7383663654327393,0.2692731492382163,0.09859555679955392
3.7509636878967285,0.26654121632613254,0.10093694946213186
3.763727903366089,0.2642453741402929,0.10291415750711176
3.7755959033966064,0.2621019333510399,0.104778087368494
3.7870428562164307,0.2599719517576429,0.10665738281013883
3.8000683784484863,0.25785553950807943,0.10855194664783006
3.8117563724517822,0.2556126238179803,0.11058899652510694
3.8240950107574463,0.25366725284137204,0.11239015040713286
3.8358683586120605,0.2515922024657636,0.11432992845729142
3.8486783504486084,0.24940377258399501,0.1164254039756396
3.860430955886841,0.24751546428940172,0.11828629497941626
3.872457981109619,0.24522251850311053,0.12054594834114443
3.8843204975128174,0.24349832925750708,0.1223030955277201
3.9006807804107666,0.2404553013454657,0.12541919768085702
3.9136734008789062,0.23836454466262985,0.12761213623188736
3.925565242767334,0.23628432520357096,0.12981507290768243
3.9368739128112793,0.23435401099580283,0.1318989299096081
3.949719190597534,0.23205567619992293,0.1344161510375839
3.9609837532043457,0.2296296561376072,0.1370732177837785
3.9738407135009766,0.22746471156520093,0.13945578964889666
3.985567092895508,0.22530548438943523,0.1418435441793036
3.9968714714050293,0.22277195806899755,0.14465874826852954
4.010032653808594,0.2204917843806048,0.14719243194883153
4.021554946899414,0.21808493437618917,0.14986687583359595
4.034040451049805,0.2156845020992614,0.15254708140787185
4.045957803726196,0.2132776520948462,0.15522152529263586
4.058370351791382,0.21073738482923843,0.15803064826958638
4.0701744556427,0.20819711756363313,0.16083977124653415
4.0818116664886475,0.2055157269684398,0.16377652922917274
4.094227075576782,0.20309608303457477,0.16643940366665683
4.106655597686768,0.20040064410124703,0.16936327300868784
4.118279695510864,0.19809628196867973,0.1718749776495773
4.130082130432129,0.19539384207780366,0.17479237745227397
4.1417460441589355,0.19281343701074546,0.1775646760238985
4.154991626739502,0.1901040116903337,0.18047558952410497
4.16680383682251,0.18753025941330867,0.18325406552667345
4.178555488586426,0.18508519475013513,0.1858936177291133
4.190215110778809,0.18276283018978287,0.18838868644357532
4.203654050827026,0.1797953643626652,0.19157682980094434
4.215460300445557,0.17746702563541086,0.19406632449108427
4.226815462112427,0.17515064858608792,0.19656695289339635
4.238671064376831,0.1727182663350453,0.19921819668100121
4.250442981719971,0.17040789010647817,0.20172437040274271
4.263868808746338,0.1679565052927723,0.20435805404578666
4.275794744491577,0.1655241230417297,0.20700929783339153
4.287377595901489,0.1633534735122886,0.20938667334314534
4.3046557903289795,0.16004238181331393,0.21303060678391456
4.3166608810424805,0.15802638117605824,0.21529246098478413
4.328640937805176,0.15575838045914425,0.21783704696076397
4.340347051620483,0.15387856744374687,0.21996657178389525
4.352428674697876,0.1513653511481552,0.22279992201496757
4.365587472915649,0.1492291172969036,0.22520826971137747
4.376896619796753,0.1474746251491992,0.22719582621296688
4.389018535614014,0.1454804041055904,0.22947690609421653
4.40066385269165,0.14323690543153003,0.2320431209606229
4.414544105529785,0.14098112981305333,0.23459855074838024
4.426454782485962,0.13936082521512144,0.23645192815189525
4.438199281692505,0.13736114200675834,0.2387282212045597
4.450880527496338,0.13511149839735023,0.24128905088880673
4.464385271072388,0.1333617755900321,0.24328080730988857
4.476171493530273,0.1314870725821927,0.24541483204676035
4.487756967544556,0.12974212916903463,0.2474107769428542
4.499846696853638,0.12786231615363808,0.24954030176598457
4.51337194442749,0.12598761314579743,0.2516743265028577
4.5246803760528564,0.12436730854786553,0.2535277039063727
4.536437749862671,0.12274256594106989,0.25537719201166326
4.548185586929321,0.12111339466105885,0.25722278019171035
4.5609130859375,0.11923869165321904,0.2593568049285826
4.57379674911499,0.11760952037320797,0.26120239310862964
4.585562467575073,0.11610975796693564,0.262909612898128
4.596875905990601,0.11460999556066372,0.26461683268762587
4.609890460968018,0.11299413828173982,0.26647408874000283
4.621482849121094,0.11149847249903291,0.2681848986509404
4.6343958377838135,0.11000280671632683,0.26989570856187706
4.646388530731201,0.10850714093361992,0.27160651847281464
4.659666061401367,0.10676219752046147,0.273602463368909
4.670981168746948,0.10539870464134199,0.27517726062471354
4.683725833892822,0.1040314407899449,0.27674878497672484
4.699050664901733,0.10242004011462137,0.27860990900631266
4.711894512176514,0.10081310530188275,0.2804748903192354
4.724298715591431,0.09970371011330892,0.281768694236309
4.736447095870972,0.09834399604099128,0.2833467553472441
4.748508453369141,0.09710445705997302,0.28477838921615795
4.760917901992798,0.09574852960727112,0.2863597051148041
4.77365517616272,0.09451242590516477,0.2877943061247444
4.784969091415405,0.09352354294347975,0.2889419869326965
4.796722173690796,0.09228743924137259,0.29037658794263776
4.808707237243652,0.09105133553926663,0.29181118895257757
4.821547508239746,0.0900624525775808,0.29295886976053065
4.8339149951934814,0.08882634887547484,0.29439347077047046
4.845614194869995,0.08783746591378902,0.29554115157842353
4.85689902305603,0.08672497258189313,0.29683229248737
4.870129585266113,0.08573884352538291,0.2979823404136578
4.881800889968872,0.08462944833680829,0.29927614433073235
4.894051551818848,0.08376900003733379,0.3002845017127018
4.905810594558716,0.08278287098082358,0.30143454963898964
4.918223142623901,0.08179674192431297,0.3025845975652779
4.93017053604126,0.08081061286780275,0.3037346454915657
4.94179368019104,0.07994774994335577,0.3047409374270682
4.954280614852905,0.07896438045824183,0.305893345863605
4.966736555099487,0.07810393215876735,0.3069017032455745
4.978572607040405,0.07724590342833523,0.3079121202800668
4.990417242050171,0.07638545512886033,0.30892047766203673
5.002830743789673,0.07552259220441332,0.3099267695975392
5.015507221221924,0.07453922271930018,0.31107917803407503
5.0268566608428955,0.07380169560546472,0.3119434843614776
5.038646936416626,0.07306416849162926,0.3128077906888802
5.0505452156066895,0.07232664137779421,0.31367209701628235
5.0628697872161865,0.0714661930783193,0.31468045439825226
5.075788497924805,0.0706033301538723,0.3156867463337547
5.0873847007751465,0.06986580304003724,0.31655105266115685
5.103611469268799,0.0688824335549233,0.31770346109769365
5.116624116897583,0.0680219852554488,0.3187118184796631
5.128629922866821,0.06728653205793504,0.3195778902235143
5.140302658081055,0.0667962299262592,0.32015527138608174
5.151954889297485,0.0659382011958267,0.3211656884205746
5.164288520812988,0.06532705531638115,0.32188888190717313
5.17694878578186,0.06446902658594905,0.32289929894166547
5.188810348510742,0.0638578807065035,0.323622492428264
5.200491428375244,0.06312242750899015,0.32448856417211475
5.213291168212891,0.06250954984439516,0.3252102906253243
5.226001739501953,0.06177617478906075,0.3260781228092423
5.237591028213501,0.061165028909615594,0.3268013162958404
5.249655246734619,0.060555618326916805,0.3275259726604137
5.264313697814941,0.05982224327158279,0.3283938048443312
5.2768614292144775,0.05921109739213804,0.32911699833092883
5.288835287094116,0.05860168680943847,0.3298416546955031
5.300592422485352,0.05799054092999412,0.33056484818210025
5.3130059242248535,0.05737766326539952,0.3312865746353093
5.325745105743408,0.05688874656184284,0.33186512942458846
5.337437152862549,0.056277600682397684,0.33258832291118656
5.349567890167236,0.055790072216238815,0.333168048002845
5.360858917236328,0.05518066163354083,0.33389270436741736
5.374242544174194,0.054691744929984555,0.334471259156696
5.386019706726074,0.05420282822642788,0.33504981394597516
5.397548198699951,0.0537139115228712,0.3356283687352543
5.409739255905151,0.05322499481931612,0.3362069235245316
5.4224138259887695,0.05273607811575944,0.3367854783138107
5.434319496154785,0.052247161412202765,0.3373640331030899
5.4467034339904785,0.05175824470864688,0.3379425878923681
5.458516836166382,0.05127210728118697,0.33852347995535
5.471353769302368,0.05078596985372665,0.3391043720183323
5.483777761459351,0.050421366783131624,0.33954004106556884
5.499368667602539,0.049811956200432446,0.3402646974301426
5.510945558547974,0.049325818772972534,0.3408455894931245
5.52438497543335,0.0489612157023775,0.341281258540361
5.536372184753418,0.048473687236218636,0.34186098363201944
5.547931432723999,0.04810804088659968,0.34229577745076306
5.560019493103027,0.047621903459138984,0.3428766695137459
5.571599721908569,0.047257300388544345,0.343312338560982
5.584736108779907,0.04677255679309134,0.34389439425752655
5.596712350845337,0.0464089990965011,0.3443309360299356
5.608564615249634,0.046165930382770545,0.34462138206142723
5.620281934738159,0.045801327312174726,0.3450570511086647
5.633706331253052,0.04531658371672212,0.34563910680520876
5.644989728927612,0.04495302602013227,0.3460756485776173
5.65694522857666,0.044709957306402516,0.346366094609108
5.668778657913208,0.0443453542358063,0.34680176365634596
5.68180775642395,0.043860610640353695,0.34738381935289003
5.694167852401733,0.043497052943763055,0.3478203611252995
5.706148386001587,0.04325398423003329,0.3481108071567902
5.717737674713135,0.04288938115943826,0.34854647620402673
5.730608940124512,0.042525823462848805,0.34898301797643483
5.7430419921875,0.04240428910598393,0.3491282409921802
5.754615306854248,0.041919545510529746,0.3497102966887262
5.766409397125244,0.04179835961166659,0.34985581061286225
5.779048919677734,0.041433756541070774,0.3502914796600997
5.790709495544434,0.041070198844481313,0.35072802143250775
5.803368091583252,0.04094866448761604,0.3508732444482536
5.814691781997681,0.04058510679102659,0.35130978622066167
5.827615976333618,0.04034203807729604,0.3516002322521533
5.839712619781494,0.040098969363565884,0.3518906782836445
5.851000070571899,0.03985590064983613,0.3521811243151352
5.86379075050354,0.039612831936105576,0.35247157034662685
5.875481605529785,0.039369763222375814,0.35276201637811755
5.88795280456543,0.03912669450864606,0.35305246240960825
5.904298543930054,0.03888362579491551,0.3533429084410999
5.916256666183472,0.038640557081185356,0.3536333544725911
5.929021596908569,0.0383974883674556,0.3539238005040818
5.94068169593811,0.038154419653725055,0.35421424653557343
5.953421115875244,0.03803288529685978,0.35435946955131925
5.96470046043396,0.037790513499133475,0.3546504973995913
5.976440191268921,0.037548141701406385,0.3549415252478643
5.989322662353516,0.037305769903680085,0.3552325530961364
6.00070858001709,0.037063398105953785,0.35552358094440845
6.013474225997925,0.037063398105953785,0.35552358094440845
6.024752378463745,0.03669984040936315,0.35596012271681793
6.041551828384399,0.036578306052498274,0.3561053457325633
6.053943395614624,0.03621474835590803,0.35654188750497234
6.065888404846191,0.03609321399904276,0.35668711052071816
6.077459096908569,0.035972028100179604,0.3568326244448542
6.101445198059082,0.035607425029584965,0.35726829349209027
6.124753952026367,0.03512268143413157,0.3578503491886353
6.151453018188477,0.03488030963640566,0.35814137703690685
6.17460560798645,0.03463793783867778,0.3584324048851808
6.200815200805664,0.034153194243225174,0.35901446058172487
6.217047929763794,0.03391082244549769,0.3593054884299983
6.228878498077393,0.03366845064777138,0.3595965162782704
6.240564823150635,0.03366845064777138,0.3595965162782704
6.2639687061309814,0.03330489295118153,0.3600330580506789
6.28069281578064,0.03306182423745178,0.3603235040821696
6.293381214141846,0.03306182423745178,0.3603235040821696
6.3087193965911865,0.03269722116685556,0.3607591731294076
6.3215930461883545,0.03257603526799241,0.3609046870535436
6.334027528762817,0.032332966554262654,0.3611951330850343
6.345824956893921,0.03221143219739778,0.3613403561007797
6.357418775558472,0.03209024629853384,0.36148587002491667
6.370281934738159,0.031968711941668566,0.3616310930406625
6.386912107467651,0.03172634014394226,0.36192212088893455
6.3989808559417725,0.03172634014394226,0.36192212088893455
6.41178560256958,0.03148396834621595,0.3622131487372066
6.42416787147522,0.03148396834621635,0.3622131487372061
6.436065435409546,0.0317305006103436,0.3619256367556345
6.4485790729522705,0.03185582147803657,0.3617836684340926
6.460305690765381,0.03172746724311596,0.3619229003075229
6.473747491836548,0.031990122974787795,0.36165003905445864
6.485557556152344,0.03199012297478823,0.3616500390544582
6.4969072341918945,0.03199012297478778,0.36165003905445864
6.509298086166382,0.03199012297478778,0.36165003905445864
6.521807909011841,0.03155175545261709,0.3620113932204979
6.534184455871582,0.03109903069856339,0.3623545888132373
6.546216726303101,0.03048143357567825,0.3627931534960569
6.557905673980713,0.029847474453178775,0.3632077147318369
6.570634365081787,0.0288733913885183,0.3637926368244045
6.583279132843018,0.028540589253654016,0.3639734240911939
6.594664096832275,0.027355207016933565,0.3645667409026068
6.606634855270386,0.026491943296181746,0.3649556931534782
6.619642972946167,0.024738567489078,0.36567102922773914
6.630969762802124,0.023312488198036326,0.3661822616646229
6.643855810165405,0.0216872759721998,0.36669545897683065
6.655689716339111,0.02004466565483092,0.3671499010584464
6.6684770584106445,0.018018361746046124,0.36763280032075957
6.680047273635864,0.016161676660427754,0.36800529584144054
6.691399812698364,0.014106724985532743,0.36834628387957447
6.7069432735443115,0.011289614006729998,0.368710232609881
6.719770193099976,0.008837294747371239,0.36892592924898415
6.731410264968872,0.006757035564111582,0.36903372979985527
6.74362325668335,0.004106443618613054,0.36908837302287373
6.754774332046509,0.002212920076508364,0.36906385740371495
6.767521858215332,-0.0006256678732651844,0.3689590175421183
6.7790422439575195,-0.0025136414600086107,0.3688120884577048
6.7906334400177,-0.005527896747773579,0.3685046668325728
6.802956819534302,-0.007590569289918053,0.36821401031333195
6.814265966415405,-0.010018369488899724,0.3678063572944876
6.82651424407959,-0.012432289841309207,0.3673232596623618
6.837855577468872,-0.014829986471721448,0.36676518649650264
6.849891424179077,-0.017392142395047244,0.3660840253056454
6.860946416854858,-0.019567449731663696,0.36542681553990874
6.874045372009277,-0.022082206222039765,0.36458739708795435
6.885579586029053,-0.024389869527782614,0.36373002618964356
6.896831512451172,-0.02631895645691089,0.36294407272526696
6.908577919006348,-0.028746931856702643,0.3618793854465902
6.920949220657349,-0.031308594654681554,0.36065200748742804
6.933461666107178,-0.03315357698172374,0.3596849814064942
6.944520950317383,-0.03546847147106505,0.35839274031189117
6.956125259399414,-0.03757654497970709,0.35712135489743263
6.967643737792969,-0.039643982714587314,0.35578490587021844
6.980146646499634,-0.041824530653162835,0.35427698205551905
6.991939544677734,-0.04380120422050054,0.352809618297576
7.004308462142944,-0.045731199746336146,0.35128138007655063
7.016105890274048,-0.0479020960828492,0.3494495007024358
7.028883934020996,-0.04987401181450175,0.3476774476866869
7.043965816497803,-0.052754213239164655,0.3449353968618593
7.055866718292236,-0.05500450153961892,0.3426332595377888
7.067495584487915,-0.05720460466969736,0.34028311488031193
7.08024263381958,-0.05947990422812376,0.3377450532261159
7.106184244155884,-0.06455072268904727,0.33186559703374885
7.118155479431152,-0.06682796345685203,0.3290799639778793
7.1309003829956055,-0.06942592177550437,0.32582312356303755
7.143836975097656,-0.07153872479328142,0.32314827619371866
7.155972242355347,-0.07363868000817117,0.32046333054500986
7.167706251144409,-0.07549384369470309,0.3180677907954772
7.1804914474487305,-0.07769685057245919,0.3152230873429079
7.192870855331421,-0.07954626666749284,0.3128231075298986
7.204505443572998,-0.08118456624252346,0.3107387375901291
7.216416835784912,-0.08317393001220463,0.308207716948979
7.2292609214782715,-0.08506335424395157,0.3058391057381853
7.240739822387695,-0.08697540214722738,0.30348871942717326
7.253416538238525,-0.08865828435347319,0.3014401757924729
7.264752626419067,-0.09048233420313177,0.29926269672457195
7.277745008468628,-0.09245568462689122,0.2969635379435256
7.2900071144104,-0.09419199103035576,0.294960075037291
7.301730394363403,-0.09607281534659332,0.2928314433555208
7.314065217971802,-0.09797901631966538,0.29072550632050637
7.326706409454346,-0.10015648485416634,0.2883543748447551
7.33853006362915,-0.10210271743300577,0.2862853770936067
7.350260496139526,-0.10380230337386803,0.2845044216142177
7.362366676330566,-0.10629254585983572,0.2819074484919874
7.374489068984985,-0.10854834606540656,0.2796107118665594
7.387057542800903,-0.11067662761743867,0.2774541728266397
7.3990256786346436,-0.11281522340537467,0.2753078617934396
7.4107277393341064,-0.11523269188534276,0.27290482388499104
7.423691034317017,-0.11778446416975236,0.27036828387051864
7.43626594543457,-0.12020768593967587,0.2679710476921573
7.449019908905029,-0.12290015457292337,0.26530745193842337
7.460691452026367,-0.12560536184616652,0.26265679479553644
7.473323106765747,-0.12789396018442653,0.26039273840486293
7.4860265254974365,-0.13086269046204438,0.257469890914493
7.497699975967407,-0.1334144627464544,0.25493335090002023
7.51463508605957,-0.13716599810111157,0.25118628849645597
7.52664041519165,-0.1399796496171057,0.24837599169378163
7.539788722991943,-0.14277301915414764,0.24554553420388728
7.551513433456421,-0.14542690174893727,0.242843491115148
7.56386661529541,-0.14793575503374493,0.2402644928150673
7.5758302211761475,-0.15070185740858574,0.23740738227739677
7.588482141494751,-0.1534611031601957,0.2345436494241447
7.600294351577759,-0.15595134564616336,0.2319466763019144
7.612403631210327,-0.15869683062755555,0.2290697482198253
7.624238967895508,-0.16118707311352365,0.22647277509759456
7.636885643005371,-0.16391873422340641,0.2235827179090035
7.648754119873047,-0.16640897670937366,0.22098574478677366
7.660515785217285,-0.16902372431070056,0.21824581328002107
7.672896146774292,-0.17148266310313948,0.2156191810157841
7.685989618301392,-0.1742212440166157,0.21273568009625562
7.697608709335327,-0.17669274692555684,0.21012086644943562
7.709675312042236,-0.17904010199425055,0.20764929423269712
7.720943927764893,-0.18151786567787107,0.20504041244836274
7.734398365020752,-0.18387113851906528,0.2025744740922854
7.746321678161621,-0.18623620630615928,0.20011984593235532
7.758045673370361,-0.18860127409325328,0.19766521777242524
7.77004861831665,-0.1911101273780605,0.19508621947234495
7.783550500869751,-0.1937575253785957,0.1923778226204965
7.794873476028442,-0.19588580693062652,0.19022128358057813
7.806800365447998,-0.1982917271920546,0.187806683668228
7.818578004837036,-0.20070919567202222,0.18540364575977988
7.830373287200928,-0.20286827223756235,0.1832779384940564
7.843857526779175,-0.2054200445219724,0.1807413984795836
7.855626106262207,-0.20785473106789085,0.17835580705098575
7.867453575134277,-0.21002903805802825,0.17624568096279813
7.879458665847778,-0.21234996113293722,0.17401477312642322
7.8923866748809814,-0.21508674235113287,0.17139672838958864
7.908490419387817,-0.21811097342054803,0.16853134475872852
7.9203691482543945,-0.22031041419830372,0.166447429390831
7.933361053466797,-0.22292225012188846,0.16397277989145279
7.946168422698975,-0.2252644567174489,0.1617642278866865
7.95783805847168,-0.22746389749520504,0.15968031251878853
7.97001576423645,-0.22966333827296118,0.15759639715089055
7.98175048828125,-0.2318627790507173,0.15551248178299257
7.995012521743774,-0.23419968487708298,0.15329832170460117
8.00679063796997,-0.23640411461408037,0.15121968452364534
8.018661260604858,-0.2384707674925156,0.14927096216649913
8.030440092086792,-0.2406702082702713,0.14718704679860156
8.043861150741577,-0.24298577704877689,0.14495058197078645
8.055952787399292,-0.24503365035016755,0.14298213387986697
8.067737579345703,-0.24721300920052597,0.140877225806629
8.080280065536499,-0.24911994819458913,0.13903543124254622
8.093893051147461,-0.2514355169730938,0.13679896641473194
8.105958461761475,-0.2533380355894648,0.13495260608756704
8.117616176605225,-0.2553764483927192,0.13297436287989056
8.129844665527344,-0.25728338738678236,0.13113256831580775
8.143019676208496,-0.25932653630899316,0.12915921699714739
8.15464735031128,-0.26110135983686467,0.12745322865168424
8.174015283584595,-0.2641118191768799,0.12457337944116616
8.189452409744263,-0.2662911780272379,0.12246847136792861
8.201363563537598,-0.2679407586105541,0.12090553484200599
8.213823795318604,-0.26959033919387165,0.1193425983160821
8.225744247436523,-0.27137738482579826,0.1176494170796652
8.237404584884644,-0.27316848398710963,0.11596052437013771
8.250216245651245,-0.2751017142631451,0.11414634570110403
8.269257307052612,-0.2771636899922922,0.11219267504369905
8.280803203582764,-0.27883188395995945,0.11064962106824704
8.294359922409058,-0.28022204559968256,0.10936374275537002
8.310167789459229,-0.2823072880592666,0.10743492528605514
8.322380781173706,-0.2838330709040615,0.10601679766879579
8.334591150283813,-0.2853690122464856,0.10460967883197743
8.347667217254639,-0.2869015762225441,0.1031988822883204
8.359825611114502,-0.2882917378622672,0.10191300397544337
8.371449947357178,-0.28968189950198986,0.10062712566256676
8.383883953094482,-0.2910720611417121,0.09934124734969059
8.396416425704956,-0.292323206617464,0.09818395686810022
8.40835952758789,-0.2935715743995672,0.09702367063579875
8.42022967338562,-0.2949555554167153,0.09573114250679776
8.43233609199524,-0.2962011383321484,0.09456786719069708
8.446213722229004,-0.2977269211769434,0.09314973957343775
8.457946300506592,-0.29883410599066185,0.09211571707023694
8.470171451568604,-0.2999412908043794,0.09108169456703698
8.481834173202515,-0.30132527182152796,0.08978916643803557
8.494962215423584,-0.302432456635246,0.08875514393483519
8.506716251373291,-0.3035396414489649,0.08772112143163395
8.518564701080322,-0.304646826262682,0.0866870989284344
8.530469417572021,-0.30589240917811555,0.0855238236123333
8.542896270751953,-0.30685902431613377,0.08461673427781605
8.555707931518555,-0.30796620912985223,0.08358271177461525
8.567371129989624,-0.30893499584185613,0.08267794208431434
8.579297065734863,-0.30990594856127074,0.08177549723696782
8.590976238250732,-0.31101807787304875,0.08074679458666661
8.604571342468262,-0.3119911910208547,0.07984667976765292
8.616306781768799,-0.31310578300344266,0.07882064591772057
8.628045797348022,-0.3139417269903833,0.07805112053027163
8.640024423599243,-0.3147776709773244,0.07728159514282228
8.653609991073608,-0.3158922629599105,0.0762555612928916
8.664965867996216,-0.31672820694685117,0.07548603590544266
8.676713228225708,-0.31756783051961107,0.07472052697192243
8.68851923942566,-0.3184074540923692,0.07395501803840386
8.700997591018677,-0.3193870149272545,0.07306192428263145
8.717747449874878,-0.32050406317629104,0.07203856512858098
8.729989767074585,-0.3212022183319382,0.07139896565730006
8.74177861213684,-0.3220418419046972,0.07063345672378066
8.754997730255127,-0.32301710988946103,0.06973567710509043
8.770066738128662,-0.32385489607623885,0.06896815773955216
8.781705856323242,-0.32469268226301534,0.06820063837401513
8.794006109237671,-0.32539083741866337,0.06756103890273338
8.806554079055786,-0.3260874574077812,0.06691976774652529
8.818321228027344,-0.32678561256342836,0.06628016827524437
8.830292463302612,-0.3274852988740611,0.065642244163978
8.84238314628601,-0.3283230850608389,0.06487472479843973
8.855567693710327,-0.32902124021648604,0.0642351253271588
8.87064266204834,-0.33000080105137136,0.06334203157138638
8.884266138076782,-0.3306989562070185,0.06270243210010545
8.896204948425293,-0.3312587052555254,0.06219209281109169
8.908891916275024,-0.33209832882828355,0.061426583877573125
8.920661926269531,-0.3327980151389163,0.060788659766306756
8.933382511138916,-0.3333565392634346,0.06027698018928152
8.944701910018921,-0.3340546944190822,0.05963738071800018
8.957613945007324,-0.3346144434675878,0.059127041428987656
8.969769477844238,-0.33531412977822056,0.05848911731772129
8.981526136398315,-0.3358726539027379,0.057977437740696885
8.993920803070068,-0.3364311780272571,0.05746575816367082
9.006526708602905,-0.3371293331829051,0.056826158692389064
9.018268585205078,-0.33768908223141064,0.056315819403376544
9.030137777328491,-0.33824883127991623,0.05580548011436402
9.046200513839722,-0.3390884548526757,0.055039971180844215
9.059325933456421,-0.3396482039011817,0.054529631891831284
9.071028470993042,-0.34020795294968725,0.054019292602818764
9.08377981185913,-0.34076770199819284,0.05350895331380624
9.09554648399353,-0.34132745104669887,0.05299861402479331
9.111877202987671,-0.3418872000952058,0.05248827473577954
9.124770641326904,-0.3424469491437113,0.05197793544676702
9.13685941696167,-0.3430066981922169,0.05146759615775451
9.148871421813965,-0.34356644724072294,0.05095725686874158
9.161607027053833,-0.3438463217649764,0.05070208722423469
9.174205541610718,-0.344406070813482,0.05019174793522218
9.186163425445557,-0.34482588259986174,0.049808993468462265
9.197940349578857,-0.34524661066702506,0.04942724641699021
9.210645914077759,-0.34580635971553064,0.048916907127977693
9.22335147857666,-0.3463661087640371,0.04840656783896435
9.234699010848999,-0.34678592055041685,0.04802381337220444
9.24677562713623,-0.3472066486175811,0.04764206632073154
9.259929895401001,-0.3476282905480582,0.047261328878035344
9.271584510803223,-0.34804901861522153,0.04687958182656329
9.284041166305542,-0.348608767663728,0.04636924253754994
9.295940160751343,-0.34902857945010685,0.045986488070790865
9.308763980865479,-0.349449307517272,0.04560474101931715
9.320512771606445,-0.3498709494477477,0.04522400357662219
9.33301591873169,-0.350151434825858,0.04496950554230625
9.34462857246399,-0.3505721628930213,0.04458775849083419
9.357455015182495,-0.35099380482349934,0.044207021048137174
9.369698524475098,-0.3512742902016082,0.043952523013822464
9.380979061126709,-0.35169501826877203,0.04357077596234999
9.39372968673706,-0.3521166601992487,0.04319003851965421
9.405487298965454,-0.3523971455773594,0.04293554048533785
9.41789960861206,-0.3526776309554683,0.042681042451023145
9.430204153060913,-0.35309835902263254,0.04229929539955026
9.441925764083862,-0.3535181708090118,0.04191654093279076
9.45497727394104,-0.3537986561871207,0.041662042898476054
9.467754602432251,-0.35407914156523007,0.041407544864160935
9.47988772392273,-0.35435962694333895,0.04115304682984623
9.491698026657104,-0.3546401123214478,0.04089854879553153
9.504172086715698,-0.35506084038861296,0.040516801744057813
9.520706176757812,-0.35548248231908963,0.04013606430136203
9.533612489700317,-0.3556227250081445,0.04000881528420427
9.545655012130737,-0.35604436693862207,0.03962807784150767
9.557049751281738,-0.3561846096276765,0.03950082882435031
9.570109367370605,-0.3566062515581536,0.039120091381654114
9.58182668685913,-0.35674649424720806,0.03899284236449676
9.594233512878418,-0.35688704155736695,0.03886592988359817
9.606292963027954,-0.3573077696245321,0.03848418283212445
9.618996381759644,-0.357448316934691,0.03835727035122586
9.630795240402222,-0.35772880231279985,0.03810277231691116
9.64354920387268,-0.35786904500185474,0.03797552329975339
9.654881477355957,-0.3582906869323323,0.03759478585705679
9.667908668518066,-0.35843092962138673,0.03746753683989944
9.680004835128784,-0.35871202424170495,0.03721371187810184
9.691589117050171,-0.35899311886202273,0.036959886916304655
9.703986406326294,-0.35899311886202273,0.036959886916304655
9.71652889251709,-0.3594147607924994,0.03657914947360887
9.728550434112549,-0.3595550034815543,0.03645190045645111
9.74027681350708,-0.35969555079171406,0.03632498797555169
9.752350330352783,-0.36011627885887737,0.035943240924079634
9.765625953674316,-0.36025682616903626,0.03581632844318104
9.77700662612915,-0.36053731154714697,0.03556183040886468
9.789271354675293,-0.3606775542362014,0.035434581391707326
9.800798416137695,-0.3608181015463603,0.035307668910808734
9.814167499542236,-0.36109858692446917,0.03505317087649403
9.825988531112671,-0.36123882961352405,0.03492592185933627
9.83766794204712,-0.36123882961352405,0.03492592185933627
9.849914312362671,-0.3615199242338418,0.034672096897539084
9.861584901809692,-0.36180101885416005,0.034418271935741485
9.874585628509521,-0.36180101885416005,0.034418271935741485
9.886420011520386,-0.36194156616431894,0.03429135945484289
9.898210525512695,-0.3620824172880091,0.03416478423943161
9.91558313369751,-0.3623635119083269,0.03391095927763442
9.927352666854858,-0.36250405921848666,0.033784046796735
9.939373970031738,-0.36250405921848666,0.033784046796735
9.95078444480896,-0.3627857614658652,0.03353089636591409
9.96351957321167,-0.3629266125895554,0.033404321150502805
9.980615377426147,-0.36320770720987317,0.033150496188705615
9.993345022201538,-0.36320770720987317,0.033150496188705615
10.00468897819519,-0.3632077072098723,0.03315049618870644
10.017666816711426,-0.363067769947746,0.033278081010959464
10.029959678649902,-0.363206168049461,0.03314882819805915
10.041574716567993,-0.3630699581213134,0.033280384952636737
10.054014682769775,-0.3630699581213138,0.0332803849526363
10.066540956497192,-0.36280848336118154,0.03355437810331111
10.078539371490479,-0.3629358995986558,0.03341428732335611
10.090606927871704,-0.36318325659674966,0.03312748458226497
10.103278875350952,-0.36318325659675044,0.033127484582264013
10.114847421646118,-0.3635267771642484,0.03267500636454247
10.127699136734009,-0.3638538099004846,0.032210471643304345
10.139842510223389,-0.3642673061027462,0.031575817345335946
10.151793956756592,-0.3644632906352994,0.03125173192480175
10.16609525680542,-0.36519694578691786,0.02992628450322526
10.178723573684692,-0.36562337899321523,0.029080907175881753
10.190621852874756,-0.3663283300861457,0.027529220926395707
10.203376531600952,-0.3666845256161608,0.026651933716061036
10.214914083480835,-0.367203611005997,0.02522869406410106
10.227766275405884,-0.3677924106192576,0.023428875341142654
10.239958763122559,-0.36830302921166974,0.02160533453458851
10.25175929069519,-0.3687072610662026,0.019949652539745684
10.263953685760498,-0.3691282576113102,0.017909588536507898
10.276577472686768,-0.3694440646248892,0.01604242535395956
10.288172006607056,-0.3697223436909436,0.013978046515254075
10.299901485443115,-0.36995560677230155,0.011717631725930596
10.31560468673706,-0.3701653252904308,0.00869500685033463
10.327922821044922,-0.37022963143634946,0.006234059977778166
10.339932680130005,-0.3702172310920164,0.0037723042991206126
10.350945711135864,-0.37012813629795416,0.0013121301370728877
10.363525867462158,-0.36996243356368574,-0.0011440737212834035
10.375881910324097,-0.3697202837837357,-0.003593922343955092
10.387398481369019,-0.36940192208140366,-0.006035036969782914
10.39884877204895,-0.3690683136575317,-0.008091199572260135
10.41048002243042,-0.36850438273163333,-0.011068148497960034
10.423754692077637,-0.36795378128138034,-0.013467571935564929
10.434924364089966,-0.36742485682975073,-0.01548235186219896
10.447599411010742,-0.366578515585902,-0.0183916386294975
10.459376096725464,-0.36592039139834226,-0.020367991781656276
10.470561027526855,-0.364887662204369,-0.02321644985706009
10.483764410018921,-0.3640317696790998,-0.025321523411619452
10.494878768920898,-0.36311568756168644,-0.027401109966462413
10.506636142730713,-0.36205888096316713,-0.02962452054556431
10.518085479736328,-0.36093331303976806,-0.03181392494853865
10.530490398406982,-0.35946471446616696,-0.034464106305545604
10.542833089828491,-0.3582878622968555,-0.03640804705991787
10.554168462753296,-0.3569528980657306,-0.03847644385249887
10.565882921218872,-0.3555541372889861,-0.040502243220497454
10.57863998413086,-0.3539805382048617,-0.04263588083401254
10.59376835823059,-0.35186643535105244,-0.04530970097841028
10.605539083480835,-0.35013396078360215,-0.04731647834934644
10.616928339004517,-0.34860012553454583,-0.04899315247202781
10.630208492279053,-0.34610862110720747,-0.051588914927465215
10.642391681671143,-0.3436727753535341,-0.0539733227167049
10.654326438903809,-0.34145740083291204,-0.056040291204319734
10.666306257247925,-0.33863914827688074,-0.058570426024988145
10.679047346115112,-0.3359162101965036,-0.06092227322388123
10.690940380096436,-0.33287570916840287,-0.06348542684211825
10.703740119934082,-0.3302330697393676,-0.06563837874338768
10.718813419342041,-0.32683014216463324,-0.06835687013078716
10.731842994689941,-0.32370535254675986,-0.07081656377362132
10.744434356689453,-0.32132007507389554,-0.0726849037782404
10.756506443023682,-0.3186265920904246,-0.07477389742562755
10.768188714981079,-0.3162323849940055,-0.07663078066774981
10.780860424041748,-0.31323962612348216,-0.07895188472040225
10.793675899505615,-0.3108543486506183,-0.08082022472502094
10.80573320388794,-0.30847805562371367,-0.08269997855084657
10.817367792129517,-0.3062587550314955,-0.08447290771654195
10.830169200897217,-0.30390516160930786,-0.0863810065081262
10.841918468475342,-0.30171592083538207,-0.08819092301972849
10.8543062210083,-0.2996930220020265,-0.08990454603935061
10.866260766983032,-0.29753445741349066,-0.09175094032614454
10.87900185585022,-0.29511333958454006,-0.09387269011167007
10.890759944915771,-0.29299965016751695,-0.0957702912271711
10.903571367263794,-0.29075966205460624,-0.09781055989806722
10.914991855621338,-0.28881687959468955,-0.09961450553383443
10.926880836486816,-0.28661642620833844,-0.10169735163710424
10.940050601959229,-0.284425983510646,-0.10379072302879368
10.95181918144226,-0.2819844291773988,-0.1061692850899721
10.964268922805786,-0.2799688990361815,-0.10817083728640137
10.976191282272339,-0.27769007566690246,-0.11044473212690559
10.989262104034424,-0.27514925467434703,-0.11299224183646403
11.00080680847168,-0.2726268188684571,-0.11555795706650514
11.013604402542114,-0.2700982401262545,-0.11811761848571399
11.024971961975098,-0.26784132387887893,-0.12041325842838274
11.041727542877197,-0.2643979955750771,-0.12393250115260628
11.054283857345581,-0.2617363337411799,-0.12662688159387853
11.0661940574646,-0.2590617853279634,-0.12930847076183505
11.077827215194702,-0.25652096433540844,-0.13185598047139305
11.10159969329834,-0.25089093012895425,-0.13747383831263887
11.130693197250366,-0.24405446002111758,-0.1442955228341511
11.156867980957031,-0.2387397797135522,-0.14942365371565638
11.181668519973755,-0.23221378268998666,-0.1557508608252082
11.207319021224976,-0.22675023654051066,-0.16099740084639164
11.223657369613647,-0.22330423688490286,-0.16424359692781895
11.235571146011353,-0.2205536701519624,-0.16684715455690768
11.246938705444336,-0.21794063175567002,-0.16932053430454092
11.267624139785767,-0.21313807536618679,-0.17388828531262618
11.286943674087524,-0.20885539920889287,-0.1779033141405119
11.29966402053833,-0.2062364394706311,-0.1803704231623965
11.310929536819458,-0.20362340107433743,-0.18284380291003105
11.324586391448975,-0.20087908313748995,-0.1854539463432226
11.33637523651123,-0.19855707602396233,-0.18768372585222592
11.34821605682373,-0.1961041466512398,-0.19005055548984384
11.360111236572266,-0.1936512172785177,-0.19241738512746134
11.373761415481567,-0.19080273722306285,-0.195192374198836
11.385480165481567,-0.18850221623348307,-0.19744431488867284
11.396880149841309,-0.186083580064022,-0.19984617752438835
11.409037828445435,-0.1838102139127878,-0.20212552831715158
11.42189073562622,-0.18128777810689786,-0.2046912435471927
11.43429183959961,-0.17916880684301925,-0.20685693137748465
11.446977138519287,-0.17625522135518662,-0.2098347521441356
11.458991050720215,-0.17427844226869607,-0.2118745848305096
11.471900939941406,-0.17153155930648087,-0.2147501781544124
11.484307289123535,-0.16957442924235183,-0.2168088706660004
11.496112585067749,-0.16735076208246488,-0.21913673192820576
11.507774829864502,-0.16526315668072655,-0.22133267060723366
11.524983882904053,-0.16187079790290218,-0.22490107096065354
11.537400722503662,-0.15979374407168212,-0.22710699262236875
11.5495924949646,-0.15771669024046123,-0.22931291428408487
11.560967683792114,-0.15563963640924078,-0.23151883594580056
11.574469327926636,-0.15356258257801988,-0.23372475760751668
11.586582899093628,-0.1513557128823483,-0.23606854937308938
11.598486185073853,-0.14954292276956035,-0.23800308175853768
11.610312938690186,-0.14759073314554588,-0.24006645972126603
11.623764276504517,-0.14511170173098142,-0.2426741369026119
11.635645866394043,-0.1431496424722565,-0.24472813213397077
11.647403240203857,-0.1411826652927802,-0.24677741828299893
11.659366130828857,-0.13935140998463671,-0.2486944804989341
11.670857191085815,-0.13738935072591307,-0.25074847573029163
11.684303522109985,-0.13542237354643508,-0.25279776187932157
11.696133375167847,-0.13358194866817993,-0.25470602281820365
11.708086252212524,-0.13161006487004873,-0.2567505881098637
11.720091581344604,-0.12990535131450107,-0.25852663610568966
11.733615636825562,-0.1279334675163707,-0.2605712013973488
11.744969367980957,-0.12622875396082348,-0.26234724939317433
11.756736516952515,-0.12439749865268086,-0.2642643116091087
11.768843650817871,-0.12269704729512008,-0.26604444080961887
11.781893968582153,-0.12087039256859862,-0.26796588715376873
11.794308423995972,-0.11930468851729573,-0.26961284116303874
11.806148052215576,-0.1177389844659924,-0.2712597951723092
11.817781686782837,-0.11604280507707938,-0.27304399534902
11.830743789672852,-0.11422076142799951,-0.2749698147808995
11.84381651878357,-0.11278915570372083,-0.2764829586202351
11.855624675750732,-0.11123136533030599,-0.27813739986652125
11.867297887802124,-0.10967357495689073,-0.27979184111280786
11.880120515823364,-0.10837541631237724,-0.2811705421513809
11.892418622970581,-0.10682557542057353,-0.28283243260956953
11.904460191726685,-0.10553404134407161,-0.2842173413247254
11.916247129440308,-0.10424250726756927,-0.28560225003988177
11.933733701705933,-0.10230520615281491,-0.2876796131126172
11.945936679840088,-0.10088817443628988,-0.28920641380120055
11.957635879516602,-0.09986027057683874,-0.2903192814503779
11.969900846481323,-0.09857539075252807,-0.2917103660118461
11.983422040939331,-0.0972905109282153,-0.29310145057331655
11.994804620742798,-0.09613411908633397,-0.29435342667863973
12.006757497787476,-0.09485257747191744,-0.29574758718252864
12.018666744232178,-0.09382734418038464,-0.2968629155856393
12.031566381454468,-0.0926739567274104,-0.29811766003913864
12.043964862823486,-0.09151756488552906,-0.2993696361444618
12.05592656135559,-0.09048699636441962,-0.30048003664525014
12.067903280258179,-0.08945642784330933,-0.30159043714603934
12.080690860748291,-0.08816821719192285,-0.3029784377720244
12.09331464767456,-0.08713764867081256,-0.3040888382728136
12.104849815368652,-0.08623590121484165,-0.3050604387110035
12.116680145263672,-0.08520267395363987,-0.3061683656831285
12.128692150115967,-0.08416944669243723,-0.30727629265525436
12.14104676246643,-0.08313621943123545,-0.30838421962737933
12.153822422027588,-0.08223214557768456,-0.30935365572798795
12.16563868522644,-0.08133039812171279,-0.3103252561661788
12.17704439163208,-0.08042632426816108,-0.31129469226678835
12.190237998962402,-0.07952457681219016,-0.3122662927049783
12.202330827713013,-0.07874965636628808,-0.31309723793407285
12.21439266204834,-0.07785024048927046,-0.3140709971271007
12.226340055465698,-0.07694849303329869,-0.3150425975652915
12.239372968673706,-0.07604907715628025,-0.3160163567583203
12.251039743423462,-0.07515199802618887,-0.3169922691110423
12.263816833496094,-0.0745095581140333,-0.3176878113917766
12.275660753250122,-0.0736124789839415,-0.31866372374449903
12.28794240951538,-0.0728415510893545,-0.3194983744813806
12.300039052963257,-0.07220245306891342,-0.3201969886991655
12.311903953552246,-0.0713053739388229,-0.3211729010518866
12.328178882598877,-0.07041063671020563,-0.3221509609567853
12.340921640396118,-0.06964573083644864,-0.32299113396011336
12.3537917137146,-0.06888082496269124,-0.32383130696344187
12.365983009338379,-0.06824340340122653,-0.3245314511328825
12.38763976097107,-0.06696520736034642,-0.3259286795684502
12.399986267089844,-0.06619828973581704,-0.32676701662979224
12.41164231300354,-0.06568701131946507,-0.32732590800401923
12.424076318740845,-0.0650479132990248,-0.3280245222218033
12.436830282211304,-0.06428300742526742,-0.32886469522513184
12.449849843978882,-0.06364558586380273,-0.3295648393945725
12.461632251739502,-0.06313430744745119,-0.330123730768799
12.473981142044067,-0.062367389822922205,-0.3309620678301406
12.48664903640747,-0.06160047219839447,-0.3318004048914808
12.498576641082764,-0.06108919378204168,-0.3323592962657087
12.510295629501343,-0.060577915365689725,-0.3329181876399357
12.522427082061768,-0.059938817345248634,-0.3336168018577207
12.534466981887817,-0.059428880096077455,-0.3341769171932726
12.547422409057617,-0.05879145853461318,-0.3348770613627128
12.559475183486938,-0.05828018011826122,-0.33543595273693977
12.57093358039856,-0.05764108209782013,-0.33613456695472477
12.583701610565186,-0.05713114484864895,-0.33669468229027666
12.596332788467407,-0.05662120759947736,-0.337254797625829
12.6083345413208,-0.05611127035030618,-0.3378149129613809
12.620324611663818,-0.05560133310113375,-0.33837502829693417
12.632412672042847,-0.05521888016425526,-0.3387951147985982
12.645642042160034,-0.05458313872434315,-0.339496784896719
12.65703797340393,-0.054200685787463836,-0.33991687139838395
12.669353008270264,-0.053692092635533734,-0.340478207476881
12.680841207504272,-0.05331064777158564,-0.3408992095357544
12.694326400756836,-0.05280071052241404,-0.34145932487130676
12.70621657371521,-0.052290773273242455,-0.3420194402068591
12.7178955078125,-0.051908320336363965,-0.3424395267085231
12.734403371810913,-0.05139704192001159,-0.34299841808275056
12.747592210769653,-0.05088576350365963,-0.34355730945697754
12.759693622589111,-0.05050230469139514,-0.34397647798764835
12.771053314208984,-0.05011985175451666,-0.3443965644893124
12.783822536468506,-0.049611258602586146,-0.34495790056780995
12.79642915725708,-0.04922981373863847,-0.34537890262668286
12.808222532272339,-0.04884937913937492,-0.3458008178237187
12.82013487815857,-0.04846793427542724,-0.3462218198825916
12.831897497177124,-0.0479606881430742,-0.3467843734786412
12.845011949539185,-0.04758025354380983,-0.347206288675678
12.856916427612305,-0.047198808679862155,-0.3476272907345509
12.868870973587036,-0.046945185613686456,-0.3479085675325748
12.880773782730103,-0.04643793948133465,-0.34847112112862305
12.894250392913818,-0.046057504882070284,-0.3488930363256598
12.906251668930054,-0.04554891173013894,-0.3494543724041583
12.917930126190186,-0.045294615154174094,-0.3497350404434066
12.930034637451172,-0.04504031857820884,-0.35001570848265534
12.943541526794434,-0.04453172542627915,-0.35057704456115196
12.954880952835083,-0.04415028056233065,-0.3509980466200258
12.966835498809814,-0.04389531193774526,-0.35127810428780154
12.978717565536499,-0.04351285900086553,-0.35169819078946696
12.990962982177734,-0.04313141413691826,-0.3521191928483394
13.00452733039856,-0.04287644551233288,-0.35239925051611515
13.016687870025635,-0.04249399257545439,-0.3528193370177792
13.028756856918335,-0.04211254771150629,-0.3532403390766526
13.040592670440674,-0.04185757908692049,-0.35352039674442876
13.0540771484375,-0.041475126150041584,-0.35394048324609323
13.065974712371826,-0.04122082957407633,-0.354221151285342
13.07761526107788,-0.04096653299811148,-0.3545018193245903
13.08991003036499,-0.04071223642214581,-0.3547824873638395
13.103358507156372,-0.04033079155819855,-0.35520348942271196
13.114742279052734,-0.03995035695893459,-0.3556254046197483
13.130408763885498,-0.039696060382968926,-0.35590607265899754
13.143471479415894,-0.03944176380700408,-0.35618674069824585
13.156299352645874,-0.03906031894305557,-0.3566077427571197
13.16794753074646,-0.03893350740996772,-0.35674838115613167
13.180056095123291,-0.03855206254601962,-0.357169383215005
13.19180941581726,-0.038425251012931774,-0.357310021614017
13.205024719238281,-0.03791665786100209,-0.3578713576925136
13.216910362243652,-0.03791665786100209,-0.3578713576925136
13.228866338729858,-0.037535212997053584,-0.35829235975138746
13.240639209747314,-0.037407728684760895,-0.3584323885852753
13.254138946533203,-0.03702628382081238,-0.3588533906441492
13.266177654266357,-0.036898799508519695,-0.35899341947803703
13.277825832366943,-0.03664450293255485,-0.35927408751728535
13.29010534286499,-0.03639020635659,-0.35955475555653366
13.303635120391846,-0.03613590978062434,-0.3598354235957829
13.314943552017212,-0.03588161320465991,-0.3601160916350308
13.326813220977783,-0.03575446491667666,-0.3602564256546558
13.33867859840393,-0.03537403031741229,-0.3606783408516926
13.35149335861206,-0.03537403031741229,-0.3606783408516926
13.363839626312256,-0.035119733741447445,-0.3609590088909409
13.375600337982178,-0.03486543716548219,-0.36123967693018966
13.387375116348267,-0.034738288877499766,-0.3613800109498138
13.400308847427368,-0.03448466581132407,-0.36166128774783773
13.412387132644653,-0.03423104274514796,-0.3619425645458621
13.424346923828125,-0.03423104274514796,-0.3619425645458621
13.436138153076172,-0.03397741967897144,-0.3622238413438869
13.448853731155396,-0.033723796612795745,-0.3625051181419108
13.461588382720947,-0.03347017354661922,-0.3627863949399356
13.473998785018921,-0.033343362013530546,-0.36292703333894843
13.490240097045898,-0.03321621372554812,-0.3630673673585726
13.503795146942139,-0.03296259065937201,-0.36334864415659696
13.515766859054565,-0.032962590659372425,-0.3633486441565965
13.531811237335205,-0.033090074971665946,-0.36320861532270776
13.544395208358765,-0.03309007497166552,-0.3632086153227082
13.557478189468384,-0.03309007497166552,-0.3632086153227082
13.569736957550049,-0.033090074971665086,-0.36320861532270865
13.5813627243042,-0.03309007497166554,-0.3632086153227082
13.593826055526733,-0.032948256260149876,-0.36333410547078676
13.6064133644104,-0.03280317833940271,-0.3634558129936136
13.61827802658081,-0.0326543788337899,-0.36357294126231987
13.630290985107422,-0.03204487239898604,-0.36402268240247204
13.642431259155273,-0.03173274577386496,-0.36423720108859037
13.65552306175232,-0.030772378209217327,-0.3648443796554097
13.667017936706543,-0.029953259236184575,-0.36531930303137644
13.679048538208008,-0.029283029800500248,-0.36567223034790913
13.690916061401367,-0.028092850149205133,-0.36625586403737875
13.703742980957031,-0.02687988198748017,-0.36679052666416695
13.71641993522644,-0.025646139258325342,-0.3672753305050107
13.728238821029663,-0.024217141372181877,-0.367778347194847
13.740194320678711,-0.02241080284307171,-0.36834683073756147
13.752411365509033,-0.020401314146263602,-0.3688955149871049
13.765637397766113,-0.01874026331320717,-0.3692770859376141
13.776769876480103,-0.0168806032868394,-0.3696344331167232
13.788516283035278,-0.014824518128213398,-0.3699685185081683
13.80013108253479,-0.012571249781937976,-0.37026291355668806
13.813475847244263,-0.01030937240640305,-0.37048153977415926
13.824606895446777,-0.008230428035084388,-0.37061226670048547
13.83616304397583,-0.005580599548706397,-0.37069612691836756
13.84755277633667,-0.003497552934218385,-0.3706921231490005
13.86015248298645,-0.0008478485743838213,-0.370604428514973
13.87176513671875,0.0014195257661860266,-0.3704531001149683
13.88390588760376,0.004058623821520967,-0.37020054319526335
13.895445585250854,0.005936579656209748,-0.3699569979160212
13.907513856887817,0.008931105973697534,-0.36949541896362964
13.91945219039917,0.011347989235538234,-0.369027369726294
13.936079740524292,0.014487924492822764,-0.3683171301370669
13.947645664215088,0.017047778565284468,-0.3676273688225013
13.960343360900879,0.01940195733826975,-0.3669074819600237
13.97179913520813,0.02173256379468098,-0.3661145958803902
13.98400592803955,0.02421462504475224,-0.3651829331225973
13.995704174041748,0.026489071613963272,-0.36424097367880665
14.006853103637695,0.028733065501234667,-0.363228607033845
14.019858598709106,0.03111453262111171,-0.36206360149724526
14.030989170074463,0.033288352918640594,-0.3609082227264546
14.046186685562134,0.035753853305530964,-0.3594975913828961
14.057590961456299,0.03800617059614722,-0.35809913138498606
14.073473453521729,0.04052517302048117,-0.35641542423063366
14.084977626800537,0.042517902794566166,-0.35496994063078774
14.096759796142578,0.044464628448065105,-0.35346307168494495
14.108794927597046,0.04694771552687715,-0.35141419095315785
14.121619701385498,0.04893063309585689,-0.349654457604609
14.134023189544678,0.05100008226696318,-0.34770870503210727
14.145958423614502,0.05328650370961555,-0.34544245026253273
14.157637119293213,0.055512381309146853,-0.34311670251052934
14.170566082000732,0.05807142694120125,-0.3403246754452229
14.183518886566162,0.06043824757137606,-0.337614742394191
14.19485855102539,0.06251494821022921,-0.33515487488746654
14.206682443618774,0.06469502106881399,-0.3325345643386336
14.219831705093384,0.06732872515942492,-0.32930656191045665
14.23167085647583,0.06944536715951803,-0.32663475134746506
14.244048833847046,0.07154917587140346,-0.3239528240656652
14.255962371826172,0.07352394032683235,-0.32141039628112256
14.268550157546997,0.07572421232602124,-0.31856357697423027
14.280356645584106,0.07758281416642546,-0.31617070376524825
14.292921543121338,0.07967374123687944,-0.31347872140514443
14.304574251174927,0.08154379342522194,-0.3110947860435447
14.317479133605957,0.08354284420308784,-0.3085714094007191
14.33410930633545,0.08590177800255577,-0.30560837699960147
14.346308946609497,0.08769220445452283,-0.3034031681511513
14.358197927474976,0.0894984425698351,-0.3012108915226249
14.370962619781494,0.09156332645862823,-0.2987410963449135
14.383766174316406,0.09341127015152034,-0.2965838580518438
14.395649194717407,0.09527467905775411,-0.29443996435266806
14.407423734664917,0.09716364878759713,-0.292318557671967
14.42024278640747,0.09894087991915128,-0.290351307548471
14.432384729385376,0.10125003777154382,-0.28784401118509195
14.445569038391113,0.10333446329675178,-0.28564505388098804
14.456969261169434,0.10529847294339702,-0.28359292351157334
14.470155239105225,0.10754101775870246,-0.28128324248481
14.481869459152222,0.1098001138208132,-0.2789897476240781
14.494211435317993,0.11194178957048623,-0.2768465098914256
14.506038665771484,0.11435117478887079,-0.27443536744218916
14.518779516220093,0.11677209161050255,-0.2720358035685222
14.530762910842896,0.11947475025867141,-0.2693825478492561
14.543533086776733,0.1220422759744321,-0.2668619549159531
14.554919242858887,0.12433412320561887,-0.2646011873553796
14.56786036491394,0.12703678185378683,-0.2619479316361143
14.58002257347107,0.12959219405439926,-0.2594150586583535
14.591867446899414,0.1325440537816559,-0.25647517412595905
14.604202032089233,0.13497071555585305,-0.2540814202382936
14.616028070449829,0.13764138070469836,-0.25139596360243466
14.628686904907227,0.14057911236842913,-0.24844196130298893
14.640442609786987,0.14338331077471697,-0.24562223183533682
14.653354167938232,0.1457577699909213,-0.24317668721876545
14.664674282073975,0.1486741830615881,-0.24020163567056144
14.677431583404541,0.15157629988139376,-0.23721263669475157
14.689423561096191,0.15380774605187586,-0.23489223119521388
14.701022386550903,0.1568342780609018,-0.2317601048407074
14.713889122009277,0.1594463912830874,-0.22901766173376614
14.73013424873352,0.1629727441330403,-0.22531536353939297
14.741955995559692,0.16570855263487624,-0.2224292320777561
14.754436492919922,0.168059454534844,-0.21996103328150823
14.76646089553833,0.170658390154492,-0.21720609892198967
14.779455661773682,0.17351721933610573,-0.21417567112651825
14.790922403335571,0.1761161549557541,-0.21142073676699924
14.80370545387268,0.17858514379441986,-0.20880354912545643
14.815479516983032,0.1807886195339964,-0.20645656630508008
14.828220844268799,0.18340073275618324,-0.20371412319813748
14.840112209320068,0.1857397748138663,-0.20123468227457084
14.851819276809692,0.18848249369716275,-0.19835511701228092
14.86418604850769,0.19071949561687718,-0.19604006709808083
14.876663446426392,0.19321346486623953,-0.19344667271624455
14.888664960861206,0.19546153969164473,-0.19114237384816876
14.900375366210938,0.19758256737940144,-0.18897869999493042
14.912424325942993,0.2002338519890969,-0.18627410767838293
14.925498962402344,0.2025093824731261,-0.183996917587438
14.936891794204712,0.20479036498964234,-0.1817251886305879
14.94926381111145,0.20721128181127405,-0.17932562475692088
14.960957527160645,0.2096436745946256,-0.1769376946095818
14.97444486618042,0.21195172005442053,-0.17469346649070264
14.986278057098389,0.21426513844133682,-0.17245477735169257
14.997948408126831,0.21658391646265038,-0.17022164005588714
15.01021933555603,0.21890804079484064,-0.16799406743472187
15.021963357925415,0.2215115518823531,-0.16551066109388585
15.035563468933105,0.2237089889276054,-0.1634246329474873
15.047021865844727,0.22604376578818575,-0.161208228041939
15.059255361557007,0.22810854492073224,-0.15925752045775568
15.070934772491455,0.2307298472041336,-0.1567929005325867
15.084411382675171,0.23279462633667963,-0.15484219294840382
15.096391201019287,0.23499206338193238,-0.15275616480200482
15.108201026916504,0.23718950042718512,-0.15067013665560583
15.120563507080078,0.23938693747243742,-0.14858410850920728
15.13788652420044,0.242531340980694,-0.14557033378645504
15.150155067443848,0.24444971757149242,-0.14374045543004982
15.1623694896698,0.24664214796097683,-0.14164916587987197
15.1744225025177,0.2486975514511178,-0.1396885819265809
15.187431573867798,0.2508748864035098,-0.13758158038398302
15.199581623077393,0.2527888711476667,-0.13574710881361146
15.210982084274292,0.254702855891824,-0.13391263724323946
15.22388768196106,0.25661684063597956,-0.13207816567286917
15.236520051956177,0.258394112184125,-0.13037472778609577
15.248653173446655,0.2604495156742669,-0.1284141438328038
15.260398387908936,0.2620975934582051,-0.12684962272300584
15.272862672805786,0.26401157820236243,-0.12501515115263387
15.285667896270752,0.2660716754322871,-0.1230594997653846
15.29730772972107,0.26771599822439995,-0.12149103260275163
15.309349060058594,0.26922329411716983,-0.12005327103700499
15.320838212966919,0.27100871171643703,-0.11835837316805646
15.334304571151733,0.27265303450855033,-0.11678990600542308
15.346266746520996,0.27443438420000704,-0.11509073324590292
15.358213424682617,0.27594512216861716,-0.11365658889525468
15.37026309967041,0.27759694547465497,-0.11209602282790744
15.383802890777588,0.2793864207228619,-0.11040540958828193
15.395643711090088,0.2809040167816722,-0.10897852436844818
15.407021284103394,0.28242502881543724,-0.10755528102261931
15.419264793395996,0.2838046615961749,-0.10625811264095132
15.432368516921997,0.28546766443519195,-0.10470946541116068
15.445448160171509,0.2869920837042915,-0.10328987211718536
15.456902265548706,0.2883748219168059,-0.10199601453006756
15.468852043151855,0.2896248546174546,-0.10083752218759276
15.48192572593689,0.291287857456473,-0.0992888749578009
15.494444608688354,0.2925351095857358,-0.09812738953545792
15.506291151046753,0.29377957397699817,-0.09696291770705244
15.517952680587769,0.2951654096761793,-0.0956723783488933
15.534849643707275,0.2968284125151977,-0.09412373111910143
15.546977281570435,0.29807566464445956,-0.09296224569675929
15.559051036834717,0.2993201290357228,-0.09179777386835297
15.570799827575684,0.30056738116498466,-0.09063628844601083
15.584222078323364,0.3018118455562479,-0.08947181661760452
15.596108436584473,0.3029205141155923,-0.0884393851310777
15.607929468154907,0.3040291826749385,-0.08740695364454923
15.62002944946289,0.30513785123428244,-0.08637452215802284
15.631786108016968,0.30610793622371024,-0.08547114460731052
15.644885301589966,0.30721907640206514,-0.08444137363622131
15.656673431396484,0.3083302165804205,-0.08341160266513167
15.66872501373291,0.30916357171418746,-0.08263927443681403
15.68043303489685,0.31013581937024726,-0.08173822483711164
15.693926572799683,0.31110590435967506,-0.08083484728639934
15.705820798873901,0.31221704453802995,-0.0798050763153101
15.717427492141724,0.3131892921940907,-0.0789040267156069
15.729737043380737,0.3140244962537192,-0.07813369831160774
15.743292570114136,0.3151381016665584,-0.0771065937729411
15.75469183921814,0.3159733057261883,-0.0763362653689407
15.766482591629028,0.3168085097858182,-0.0755659369649403
15.77822208404541,0.31764371384544765,-0.07479560856094031
15.79437255859375,0.31875731925828554,-0.07376850402227492
15.80621600151062,0.31959252331791543,-0.07299817561827451
15.817914962768555,0.3204277273775449,-0.07222784721427453
15.830090284347534,0.3212629314371734,-0.07145751881027537
15.843686580657959,0.32209813549680283,-0.07068719040627539
15.855632066726685,0.32307254023303783,-0.06978847393494143
15.867430925369263,0.3236305723573529,-0.06927625783265236
15.879438161849976,0.3244676205438268,-0.0685079336792175
15.89241909980774,0.3253046687303011,-0.06773960952578222
15.904407024383545,0.3258627008546166,-0.06722739342349272
15.916314125061035,0.3266997490410905,-0.06645906927005786
15.928071022033691,0.3275367972275635,-0.06569074511662383
15.945003509521484,0.32851335344511706,-0.06479436693761587
15.957324504852295,0.32921242636486997,-0.06415577069750099
15.969437599182129,0.32977045848918546,-0.0636435545952115
15.980917930603027,0.33046799864458015,-0.06300328446734932
15.994406461715698,0.3313068861482848,-0.06223696897921039
16.00633478164673,0.3320059590680372,-0.061598372739095915
16.01830530166626,0.3327034992234319,-0.060958102611233744
16.03033185005188,0.33326275755923485,-0.060447225619141266
16.05972695350647,0.3349405325666414,-0.05891459464286589
16.08398723602295,0.3361988638221977,-0.057765121410658114
16.11024308204651,0.3375939441329871,-0.05648458115493376
16.134254932403564,0.3385705003505402,-0.05558820297592621
16.161593914031982,0.3398288316060947,-0.05443872974372008
16.180253267288208,0.34066955360684503,-0.0536744273240687
16.192399740219116,0.3412300349406795,-0.05316489237763362
16.204320430755615,0.341650395941054,-0.052782741167808546
16.22020936012268,0.3423494688608064,-0.05214414492769408
16.244719982147217,0.34333031119501584,-0.05125245877143352
16.257046461105347,0.3438920123063968,-0.05074426879840662
16.26941466331482,0.34431328813993306,-0.05036312631863603
16.282450914382935,0.3447354763860129,-0.049982994758934945
16.294541835784912,0.3452971774973948,-0.04947480478590722
16.306421279907227,0.3457184533309315,-0.04909366230613621
16.318187713623047,0.34627893466476417,-0.04858412735970279
16.335596799850464,0.3468394159985982,-0.048074592413268134
16.347382068634033,0.3473998973324322,-0.04756505746683347
16.359471559524536,0.34768013799934855,-0.04731028999361676
16.370888471603394,0.3482406193331821,-0.0468007550471825
16.384527683258057,0.348520860000098,-0.046545987573966205
16.396505117416382,0.3490813413339325,-0.04603645262753112
16.408230781555176,0.3493615820008488,-0.04578168515431441
16.420101642608643,0.34964182266776517,-0.0455269176810977
16.433648347854614,0.3502023040015992,-0.04501738273466303
16.44622302055359,0.35062266500197414,-0.04463523152483755
16.45791459083557,0.35090351555766464,-0.0443811365383241
16.470072031021118,0.3513247913912022,-0.04399999405855227
16.48373007774353,0.3517451523915767,-0.043617842848727204
16.495493173599243,0.35202600294726766,-0.04336374786221334
16.507010459899902,0.35244727878080434,-0.042982605382442335
16.51932668685913,0.3525873991142625,-0.042855221645833975
16.531917810440063,0.3530086749477987,-0.042474079166063376
16.544304847717285,0.35328891561471504,-0.042219311692846664
16.55612850189209,0.3535691562816314,-0.04196454421962995
16.567900896072388,0.35370927661509044,-0.04183716048302077
16.58072257041931,0.3541305524486271,-0.041456018003249766
16.593538522720337,0.35427067278208485,-0.04132863426664182
16.604897260665894,0.3545515233377763,-0.04107453928012754
16.616682052612305,0.3548323738934677,-0.04082044429361326
16.62870216369629,0.35511322444915866,-0.040566349307099396
16.641544342041016,0.35539407500484826,-0.04031225432058677
16.65407133102417,0.3556749255605397,-0.040058159334072495
16.665969848632812,0.35595577611623064,-0.03980406434755863
16.677669763565063,0.3562366266719221,-0.03954996936104435
16.690515518188477,0.35651747722761257,-0.039295874374530894
16.702908754348755,0.356798327783304,-0.03904177938801661
16.714569807052612,0.3570791783389945,-0.03878768440150316
16.726356744766235,0.357360028894685,-0.03853358941498971
16.74351739883423,0.3576408794503759,-0.03827949442847584
16.755568504333496,0.3580621552839126,-0.03789835194870484
16.76738452911377,0.3582022756173708,-0.03777096821209649
16.779581308364868,0.3584831261730617,-0.03751687322558262
16.792418718338013,0.3586235514509079,-0.03738982573232507
16.804422616958618,0.35890379211782425,-0.03713505825910836
16.81631302833557,0.3591840327847406,-0.036880290785891646
16.82792353630066,0.3591840327847406,-0.036880290785891646
16.84061050415039,0.35974451411857417,-0.03637075583945739
16.8530113697052,0.35974451411857417,-0.03637075583945739
16.864599466323853,0.36002475478549095,-0.03611598836624027
16.88050365447998,0.3603049954524082,-0.03586122089302273
16.909676790237427,0.3608654767862422,-0.035351685946588066
16.93463444709778,0.3612858377866167,-0.034969534736762994
16.95423984527588,0.36156668834230815,-0.03471543975024871
16.966115713119507,0.3617071136201534,-0.034588392256991986
16.977757215499878,0.3618478430355129,-0.034461681737092034
16.990824460983276,0.3621286935912029,-0.034207586750579
17.003519535064697,0.3621286935912029,-0.034207586750579
17.014850854873657,0.36240954414689436,-0.03395349176406472
17.026698112487793,0.36254996942474055,-0.033826444270807166
17.039955139160156,0.3626900897581987,-0.03369906053419881
17.051945447921753,0.3629709403138892,-0.03344496554768536
