0.013759136199951172,0.0,0.0
0.03756976127624512,0.000757472895365492,0.0
0.04983711242675781,0.0011362093430482378,0.0
0.06120038032531738,0.003408601914895637,-1.0894233974830495e-05
0.07389950752258301,0.005302088299441281,-3.812898428547063e-05
0.08826518058776855,0.009846090039666888,-0.0001252778483657781
0.10337162017822266,0.014010467539264014,-0.00024509835602852287
0.11454653739929199,0.0181742227493834,-0.000384881986726254
0.12744665145874023,0.02271571790099155,-0.0005591476678098146
0.1392812728881836,0.027635670981900434,-0.0007479354889836692
0.15102458000183105,0.032556472593859576,-0.0009131343252627966
0.16234397888183594,0.03747800963883802,-0.0010547403797733137
0.1745293140411377,0.043914679575151654,-0.0012090611726948881
0.1866011619567871,0.04959546514940142,-0.001263531716595622
0.19786643981933594,0.05565517867432779,-0.00129258300719517
0.21023964881896973,0.06285042693560104,-0.0011890909560147334
0.22156858444213867,0.06890909592256868,-0.0010728924705743087
0.23410272598266602,0.07609979657928159,-0.0007969718088586774
0.2460010051727295,0.08366399520634091,-0.00039770015729909873
0.25759053230285645,0.09046801559995891,2.6901594368675282e-05
0.2698395252227783,0.09802316726808266,0.0005711460183098337
0.2823350429534912,0.10557275336859705,0.0011878051074891737
0.29372739791870117,0.11236738085905983,0.0017427982877505658
0.30555176734924316,0.11953354100405167,0.0023973644970418516
0.3171350955963135,0.12631948390402067,0.003050019936495303
0.33014678955078125,0.13423641728731797,0.0038114512825243394
0.3415238857269287,0.14064824478546847,0.0043971157855744345
0.35327601432800293,0.14781118451321376,0.005086029860553091
0.3644697666168213,0.15422301201136426,0.005671694363603174
0.37617015838623047,0.16177546768722006,0.006252152790693004
0.3884849548339844,0.16819505501169735,0.006745542453719341
0.40050387382507324,0.17461693392960273,0.007208150214069347
0.4118654727935791,0.18066669196704754,0.00755657476835905
0.42356300354003906,0.18747266975917307,0.007948552391934972
0.4360485076904297,0.19428209302808191,0.00827525548211481
0.4475376605987549,0.2010943357554941,0.008536654003740143
0.459775447845459,0.2079087716639257,0.008732723925370094
0.4712057113647461,0.2143461074625787,0.008856184816150544
0.48374295234680176,0.22267744755457933,0.008976017717517366
0.5005087852478027,0.23138588335076837,0.009184804672646565
0.5124716758728027,0.23782440296137558,0.009184804672646565
0.5238127708435059,0.24426225666883064,0.009092206521590384
0.536306619644165,0.25145791839621356,0.009023210499316129
0.5478355884552002,0.2575170748267596,0.008936059298322075
0.5602023601531982,0.2647129846376096,0.008901560890735105
0.5715563297271729,0.27115120828842587,0.008839827607647614
0.58388352394104,0.27796838600396806,0.008872510309572106
0.5955901145935059,0.2844062397114232,0.008965108460628294
0.6074080467224121,0.2908435755100762,0.00908856935140873
0.6198360919952393,0.2976588730897024,0.009251967838031566
0.633019208908081,0.3048508139071813,0.00949341229105491
0.6440742015838623,0.31090809027023164,0.009667696665837092
0.6556751728057861,0.3173418750683432,0.009914573047372132
0.6675598621368408,0.3241527863363381,0.01020862723249542
0.6798205375671387,0.3302069296856669,0.01047000873038279
0.6921546459197998,0.33701784095366194,0.010764062915506085
0.7035741806030273,0.34269568896746105,0.010954676957366615
0.7151265144348145,0.34912947376557274,0.01120155333890167
0.7269036769866943,0.35442879857845194,0.011379459777971505
0.7398390769958496,0.3608654685147654,0.011533780570893081
0.7514684200286865,0.3673013246505064,0.011718957719099147
0.7630860805511475,0.3726021116568824,0.011846045430916916
0.7741923332214355,0.37828257081051925,0.011927749681848841
0.7869946956634521,0.38396335638476886,0.011982220225749579
0.7982044219970703,0.3900230699096952,0.012011271516349132
0.8103151321411133,0.39494658714869796,0.012034875689961266
0.8217165470123291,0.40024889741625663,0.01203487568996126
0.8415572643280029,0.4093385721606432,0.01203487568996126
0.853722095489502,0.414640882428202,0.01203487568996126
0.8655173778533936,0.42032192914344346,0.012034875689961266
0.8772509098052979,0.4256241784777541,0.01200945581068666
0.8941476345062256,0.43244135619329627,0.01204213851261116
0.9061219692230225,0.43850106971822256,0.012013087222011606
0.9179105758666992,0.4426671227666096,0.011993114459724412
0.9302349090576172,0.44872690592953385,0.011993114459724412
0.9425325393676758,0.45365047974940975,0.011993114459724412
0.9538755416870117,0.4581952648931045,0.011971325991774756
0.9657537937164307,0.4631187821321072,0.011994930165386884
0.9774079322814941,0.4680421296297904,0.012042137970100853
0.9904358386993408,0.473344378964101,0.012067557849375458
1.0018725395202637,0.47826789620310367,0.012091162022987592
1.0136089324951172,0.4824338056242201,0.012131107088514791
1.025376558303833,0.4873568702240388,0.01220191743932246
1.0377657413482666,0.4919014986834386,0.012245493874443042
1.0500154495239258,0.49644612714283826,0.012289070309563624
1.061387062072754,0.500990755602238,0.012332646744684216
1.073065996170044,0.5051566650233545,0.012372591810211424
1.0842900276184082,0.5097014501670494,0.01235080334226176
1.0970666408538818,0.514246235310744,0.012329014874312094
1.1082868576049805,0.518412288359131,0.01230904211202491
1.1204147338867188,0.5225783892836414,0.01230904211202491
1.1317360401153564,0.5263657102367205,0.012290885055400188
1.144413709640503,0.5309104953804153,0.012269096587450531
1.156113624572754,0.5350765484288021,0.012249123825163346
1.1675598621368408,0.5384850197733521,0.01221644149882291
1.179380178451538,0.5430298049170469,0.012194653030873245
1.19181489944458,0.5468171258701258,0.012176495974248525
1.2035198211669922,0.5506044468232049,0.012158338917623803
1.2149710655212402,0.5547704998715915,0.012138366155336618
1.2263381481170654,0.5581791279007365,0.012138366155336618
1.2377264499664307,0.5619664488538156,0.012120209098711905
1.2509431838989258,0.5661325019022024,0.012140181860999098
1.262500286102295,0.5699198663790302,0.012140181860999098
1.2738256454467773,0.5733283377235802,0.012107499534658662
1.2853779792785645,0.5767369265813512,0.012091158183696413
1.3030974864959717,0.5816602740790344,0.012043950378982449
1.3143248558044434,0.5854472468481255,0.011989480878361167
1.3263311386108398,0.5892342196172167,0.011935011377739885
1.3376853466033936,0.5918851005555806,0.011896882727304986
1.3511054515838623,0.5964297290149805,0.011853306292184404
1.3623936176300049,0.5994594813212468,0.011824255335437352
1.3737022876739502,0.6024892336275135,0.011795204378690296
1.385512113571167,0.6055189859337798,0.011766153421943244
1.3978004455566406,0.6093061763166132,0.011729839726009423
1.410135269165039,0.6123359286228796,0.011700788769262371
1.4214255809783936,0.6153656809291462,0.011671737812515315
1.4330074787139893,0.6183954332354127,0.011642686855768261
1.445563554763794,0.6218039045799627,0.011610004529427816
1.457144021987915,0.6252124934377338,0.011593663178465568
1.4683454036712646,0.6282422457440002,0.011564612221718513
1.480431079864502,0.6308932790119833,0.011539192634564837
1.4917175769805908,0.6335441599503473,0.011501063984129938
1.5042598247528076,0.6365739122566137,0.011472013027382884
1.515909194946289,0.639224579938412,0.011421176190002706
1.527538537979126,0.642254158153685,0.011377600589505679
1.5393669605255127,0.6449050390920488,0.011339471939070781
1.5522146224975586,0.6483135104365987,0.011306789612730338
1.5637929439544678,0.6505856940980534,0.011274107912357568
1.5753047466278076,0.6532365750364172,0.011235979261922671
1.5869357585906982,0.6558876083044003,0.011210559674768994
1.5999348163604736,0.6589171865196733,0.011166984074271967
1.6112937927246094,0.6615680674580373,0.011128855423837068
1.6236624717712402,0.6638400683281501,0.01108528099179691
1.6351373195648193,0.6664907360099485,0.011034444154416723
1.647474765777588,0.6687625018698239,0.010979977992209107
1.6598987579345703,0.6717915230163244,0.010907356442598952
1.6712098121643066,0.6740632888761998,0.010852890280391339
1.6830275058746338,0.6763350547360752,0.010798424118183726
1.6985633373260498,0.6797427035258882,0.01071672487487231
1.7136719226837158,0.682772038019372,0.010658625632152103
1.7254269123077393,0.6850440388894848,0.010615051200111948
1.736903190612793,0.6873160397595975,0.010571476768071797
1.7499792575836182,0.6899667074413958,0.010520639930691614
1.7613837718963623,0.6922384733012713,0.010466173768483997
1.7729861736297607,0.694889354239635,0.0104280451180491
1.7842473983764648,0.6967826882980623,0.010391733091348972
1.7959403991699219,0.6990548719595171,0.010359051390976207
1.808398962020874,0.7013270556209719,0.010326369690603443
1.820460557937622,0.7039779365593356,0.01028824104016855
1.8317718505859375,0.7058712706177629,0.010251929013468419
1.8434550762176514,0.7077647570023086,0.010224694263157776
1.855757236480713,0.7100367578724216,0.010181119831117618
1.8674569129943848,0.7123087587425344,0.01013754539907746
1.878899335861206,0.7145807596126472,0.010093970967037302
1.8909204006195068,0.7164740936710745,0.01005765894033717
1.9032909870147705,0.7187458595309499,0.010003192778129553
1.9145283699035645,0.7206389977475127,0.009957804309623206
1.9265153408050537,0.722531896610966,0.00990334044250378
1.9377412796020508,0.7244245126155657,0.009839802428550266
1.9500579833984375,0.7266959912517096,0.00977444578800695
1.9624710083007812,0.7285888901151628,0.00971998192088752
1.9738478660583496,0.7304815061197625,0.009656443906934008
1.9856762886047363,0.7327529847559063,0.00959108726639069
1.9973564147949219,0.7342673038466688,0.009547516172695149
2.0103416442871094,0.7365387824828127,0.009482159532151832
2.021710157394409,0.7384316813462659,0.009427695665032402
2.0333430767059326,0.7403248195628287,0.009382307196526059
2.0445666313171387,0.742217718426282,0.009327843329406624
2.0573325157165527,0.7441103344308817,0.009264305315453115
2.0686142444610596,0.746003233294335,0.009209841448333686
2.0809390544891357,0.7478963715108977,0.009164452979827348
2.096112012863159,0.7501678501470416,0.009099096339284036
2.1085546016693115,0.7520607490104949,0.009044632472164606
2.121016025543213,0.753575259583745,0.009008321697359534
2.1324751377105713,0.7554683978003078,0.008962933228853191
2.1438584327697754,0.7573612966637612,0.008908469361733756
2.156393527984619,0.759254434880324,0.00886308089322741
2.1679043769836426,0.7607687539710866,0.00881950979953186
2.1803109645843506,0.7626616528345399,0.008765045932412426
2.1916425228118896,0.76417616340779,0.00872873515760735
2.203270673751831,0.7656906739810404,0.008692424382802271
2.215636968612671,0.7672051845542905,0.0086561136079972
2.227379560470581,0.7687196951275409,0.008619802833192122
2.238906145095825,0.7706128333441039,0.008574414364685772
2.2510573863983154,0.7721271524348664,0.00853084327099023
2.263381242752075,0.7740200512983196,0.0084763794038708
2.2744524478912354,0.77553456187157,0.008440068629065723
2.2862963676452637,0.7770486546752496,0.008389238217902918
2.297614574432373,0.7781842242780095,0.008351115409530813
2.310961961746216,0.7800771231414628,0.008296651542411378
2.322283983230591,0.7815912159451425,0.008245821131248573
2.333585739135742,0.7827267855479023,0.008207698322876468
2.3452847003936768,0.7842411046386648,0.008164127229180926
2.3576548099517822,0.7857554237294274,0.008120556135485379
2.369847536087036,0.78726974282019,0.008076985041789836
2.38120698928833,0.7884054821382618,0.008044306721518181
2.3925089836120605,0.7899199927115119,0.00800799594671311
2.4039835929870605,0.7914345032847624,0.007971685171908029
2.41640567779541,0.7929490138580125,0.007935374397102957
2.42769193649292,0.7940848967879502,0.007908141315999151
2.4401984214782715,0.7955992158787129,0.007864570222303607
2.4514973163604736,0.7967349551967848,0.007831891902031948
2.464027166366577,0.7982490480004645,0.007781061490869144
2.4755795001983643,0.7993846176032243,0.007742938682497038
2.4871625900268555,0.8008989366939868,0.007699367588801496
2.503316879272461,0.8024132557847496,0.007655796495105945
2.5157692432403564,0.8039275748755121,0.007612225401410403
2.527555465698242,0.8046847344208935,0.007590439854562628
2.539750337600708,0.806199053511656,0.007546868760867086
2.551039934158325,0.8073347928297281,0.0075141904405954234
2.563528537750244,0.8088488856334077,0.007463360029432616
2.574592351913452,0.8099844552361676,0.007425237221060507
2.5866050720214844,0.8111201945542396,0.007392558900788846
2.5978951454162598,0.8118772409560795,0.007367143695207437
2.610233783721924,0.8133913337597591,0.0073163132840446295
2.6233646869659424,0.814905426563439,0.0072654828728818165
2.63439679145813,0.8160409961661986,0.007227360064509716
2.646293878555298,0.8167979120248001,0.007198315784329118
2.6576144695281982,0.8179332858127022,0.007154749364058229
2.6705894470214844,0.8194473786163821,0.007103918952895416
2.6818883419036865,0.8202044250182219,0.0070785037473140135
2.6935997009277344,0.8213399946209817,0.007040380938941905
2.7055559158325195,0.8224757339390535,0.007007702618670253
2.7177789211273193,0.8239898267427334,0.006956872207507444
2.7300515174865723,0.8247468731445732,0.00693145700192604
2.741349935531616,0.825882442747333,0.006893334193553934
2.7529001235961914,0.827018182065405,0.006860655873282276
2.7652933597564697,0.8285322748690849,0.006809825462119466
2.7769274711608887,0.8289107980700047,0.006797117859328767
2.7881951332092285,0.8300461718579069,0.006753551439057872
2.8003177642822266,0.8311817414606665,0.006715428630685771
2.811659336090088,0.831938657319268,0.006686384350505174
2.8241920471191406,0.8330740311071698,0.006642817930234289
2.8358216285705566,0.8342096007099298,0.006604695121862178
2.847484588623047,0.8349665165685309,0.006575650841681593
2.8589274883270264,0.8361018903564331,0.006532084421410698
2.871783494949341,0.8372374599591927,0.006493961613038597
2.8835666179656982,0.8379943758177942,0.0064649173328579996
2.898602247238159,0.8391297496056961,0.006421350912587115
2.9110774993896484,0.840265319208456,0.006383228104215004
2.923731565475464,0.8406437771377566,0.006368705964124711
2.935276508331299,0.8421578699414365,0.006317875552961898
2.9470505714416504,0.8425363931423565,0.006305167950171195
2.9584500789642334,0.8436717669302584,0.006261601529900311
2.971703052520752,0.8444288133320983,0.006236186324318903
2.9832701683044434,0.8451858597339381,0.0062107711187375
2.996274471282959,0.846321429336698,0.006172648310365392
3.0078723430633545,0.8470783451952995,0.006143604030184794
3.0214409828186035,0.8482137189832015,0.006100037609913905
3.033254384994507,0.8489707653850412,0.006074622404332507
3.0442585945129395,0.8497278117868812,0.006049207198751098
3.0559029579162598,0.8504848581887211,0.006023791993169689
3.0684916973114014,0.8512419045905608,0.005998376787588291
3.080589771270752,0.8519989509924007,0.0059729615820068825
3.092294216156006,0.8527559973942407,0.005947546376425474
3.103595018386841,0.8535130437960804,0.005922131170844076
3.1150097846984863,0.8542700901979203,0.005896715965262667
3.1276309490203857,0.8554056598006802,0.005858593156890558
3.139805316925049,0.8557842395733707,0.005847700383466674
3.1511542797088623,0.8569198091761306,0.00580957757509456
3.162477970123291,0.8572983889488214,0.005798684801670673
3.174527883529663,0.8580554353506612,0.005773269596089269
3.1863811016082764,0.858812481752501,0.005747854390507867
3.197673797607422,0.859191004953421,0.005735146787717162
3.2099452018737793,0.860326744271493,0.005702468467445504
3.222388744354248,0.8607052674724128,0.0056897608646548055
3.2337758541107178,0.8614624270177942,0.00566797531780703
3.2455503940582275,0.8622195865631755,0.005646189770959255
3.25718355178833,0.8629767461085567,0.005624404224111488
3.2684292793273926,0.8633553258812474,0.005613511450687601
3.2814557552337646,0.8641123722830872,0.005588096245106197
3.2930424213409424,0.8648694186849272,0.00556268103952479
3.308182716369629,0.865626465086767,0.005537265833943387
3.320389747619629,0.8663835114886068,0.0055118506283619835
3.333137035369873,0.8667620346895268,0.00549914302557128
3.3444297313690186,0.8675189505481283,0.005470098745390683
3.3560986518859863,0.8678974084774289,0.00545557660530039
3.367680549621582,0.8686544548792687,0.005430161399718986
3.380499839782715,0.8694115012811087,0.005404746194137579
3.391782283782959,0.8694115012811087,0.005404746194137579
3.405822992324829,0.8701685476829485,0.005379330988556176
3.41742205619812,0.8709255940847883,0.005353915782974773
3.430487632751465,0.8709255940847883,0.005353915782974773
3.4417784214019775,0.8716826404866282,0.005328500577393365
3.4533324241638184,0.872439686888468,0.005303085371811967
3.464423894882202,0.872439686888468,0.005303085371811967
3.477363109588623,0.8735752564912278,0.005264962563439861
3.4898879528045654,0.8739538362639185,0.005254069790015974
3.501248359680176,0.8743323594648383,0.005241362187225275
3.5129165649414062,0.8750892753234398,0.005212317907044677
3.5249950885772705,0.8754677332527405,0.005197795766954379
3.536386013031006,0.8758462564536605,0.005185088164163676
3.547898769378662,0.8766031723122617,0.005156043883983091
3.560167074203491,0.8769816302415624,0.0051415217438927924
3.571476459503174,0.8773601534424824,0.005128814141102089
3.583925724029541,0.8781170693010839,0.005099769860921492
3.5954906940460205,0.8784955272303845,0.005085247720831199
3.6073837280273438,0.8788740504313043,0.0050725401180405
3.6189117431640625,0.8788740504313043,0.0050725401180405
3.6325464248657227,0.8796309662899058,0.005043495837859902
3.643829822540283,0.8800094242192065,0.005028973697769604
3.65537428855896,0.8803879474201263,0.005016266094978906
3.6671669483184814,0.8811448632787275,0.0049872218147983165
3.6802170276641846,0.8815233212080282,0.004972699674708018
3.6915369033813477,0.8819018444089483,0.004959992071917315
3.7071480751037598,0.8826587602675494,0.00493094779173673
3.718553304672241,0.8830372181968501,0.004916425651646432
3.7318918704986572,0.8834157413977701,0.004903718048855728
3.7435874938964844,0.8837941993270708,0.00488919590876543
3.75502347946167,0.8841725832864039,0.004872859565147467
3.7664272785186768,0.8849294991450051,0.004843815284966882
3.777679443359375,0.8853079570743058,0.004829293144876584
3.7910213470458984,0.8856863410336389,0.004812956801258621
3.8023555278778076,0.8860647989629395,0.004798434661168323
3.813713550567627,0.8864433221638596,0.00478572705837762
3.825192451477051,0.8868217800931602,0.004771204918287327
3.837599039077759,0.8872001640524931,0.004754868574669371
3.8500938415527344,0.8875786219817938,0.004740346434579073
3.8614680767059326,0.8879571451827138,0.004727638831788369
3.8732666969299316,0.8883356031120144,0.004713116691698076
3.8855578899383545,0.8883356031120144,0.004713116691698076
3.8971362113952637,0.8887139870713475,0.004696780348080114
3.9179441928863525,0.8894709029299488,0.004667736067899524
3.930206775665283,0.8898493608592495,0.004653213927809226
3.94250750541687,0.8902277448185826,0.004636877584191263
3.953885555267334,0.8902277448185826,0.004636877584191263
3.9656083583831787,0.8909846606771838,0.004607833304010672
3.9772775173187256,0.8909846606771838,0.004607833304010672
3.9903194904327393,0.8913631186064844,0.004593311163920379
4.001840829849243,0.8917415025658175,0.004576974820302416
4.013481140136719,0.8917415025658175,0.004576974820302416
4.0249316692352295,0.892498418424419,0.004547930540121819
4.0373499393463135,0.892498418424419,0.004547930540121819
4.0488831996917725,0.8928768763537197,0.004533408400031521
4.060871839523315,0.8928768763537197,0.004533408400031521
4.072141408920288,0.8932552603130527,0.004517072056413564
4.0842554569244385,0.8936337182423533,0.004502549916323271
4.09591007232666,0.8943904861610195,0.004469877229087345
4.1117026805877686,0.8943904861610195,0.004469877229087345
4.123688459396362,0.8943904861610195,0.004469877229087345
4.136190891265869,0.8943904861610195,0.004469877229087345
4.147693157196045,0.8951472540796857,0.004437204541851419
4.159934759140015,0.8955256380390186,0.004420868198233462
4.171309947967529,0.8955256380390186,0.004420868198233462
4.182895183563232,0.8959040959683192,0.004406346058143169
4.195266246795654,0.8959040959683192,0.004406346058143169
4.2069995403289795,0.8959040959683192,0.004406346058143169
4.218168020248413,0.8962824799276523,0.004390009714525207
4.230285167694092,0.896660937856953,0.0043754875744349084
4.2429022789001465,0.8970393218162861,0.004359151230816946
4.254233121871948,0.8974177797455868,0.004344629090726648
4.265986680984497,0.8974177797455868,0.004344629090726648
4.277451515197754,0.8974177797455868,0.004344629090726648
4.290421724319458,0.8974177797455868,0.004344629090726648
4.301734924316406,0.8974177797455868,0.004344629090726648
4.313239574432373,0.8974177797455868,0.004344629090726648
4.324387550354004,0.8977961637049198,0.004328292747108691
4.336034774780273,0.8977961637049198,0.004328292747108691
4.348239898681641,0.8977961637049198,0.004328292747108691
4.360321283340454,0.8977961637049198,0.004328292747108691
4.37160325050354,0.8977961637049198,0.004328292747108691
4.383357286453247,0.8977961637049198,0.004328292747108691
4.395770311355591,0.8977961637049198,0.004328292747108691
4.407263517379761,0.8977961637049198,0.004328292747108691
4.418513774871826,0.8981744649976369,0.004310142575432039
4.430545330047607,0.8981744649976369,0.004310142575432039
4.443296194076538,0.89855284895697,0.0042938062318140765
4.454326152801514,0.89855284895697,0.0042938062318140765
4.465934753417969,0.89855284895697,0.0042938062318140765
4.4774250984191895,0.8989313068862707,0.004279284091723778
4.490390300750732,0.8989313068862707,0.004279284091723778
4.505935430526733,0.8989313068862707,0.004279284091723778
4.517625331878662,0.8993096908456036,0.004262947748105822
4.529983997344971,0.8993096908456036,0.004262947748105822
4.542342185974121,0.8993096908456036,0.004262947748105822
4.553609848022461,0.9000666067042051,0.004233903467925223
4.565395355224609,0.8996881487749044,0.004248425608015522
4.576998949050903,0.8996881487749044,0.004248425608015522
4.588183879852295,0.8996881487749044,0.004248425608015522
4.601282358169556,0.8996881487749044,0.004248425608015522
4.6128950119018555,0.8996881487749044,0.004248425608015522
4.625238656997681,0.8996881487749044,0.004248425608015522
4.636860132217407,0.8996881487749044,0.004248425608015522
4.650123357772827,0.8996881487749044,0.004248425608015522
4.661504507064819,0.8996881487749044,0.004248425608015522
4.673129081726074,0.8996881487749044,0.004248425608015522
4.684400320053101,0.8996881487749044,0.004248425608015522
4.697206258773804,0.8996881487749044,0.004248425608015522
4.708550214767456,0.8996881487749044,0.004248425608015522
4.720895528793335,0.8996881487749044,0.004248425608015522
4.732388019561768,0.8996881487749044,0.004248425608015522
4.744980812072754,0.8996881487749044,0.004248425608015522
4.756336688995361,0.8996881487749044,0.004248425608015522
4.767704725265503,0.8996881487749044,0.004248425608015522
4.780177354812622,0.8996881487749044,0.004248425608015522
4.79155421257019,0.8996881487749044,0.004248425608015522
4.804105520248413,0.8996881487749044,0.004248425608015522
4.81572151184082,0.8996881487749044,0.004248425608015522
4.827371597290039,0.8996881487749044,0.004248425608015522
4.853345632553101,0.8996881487749044,0.004248425608015522
4.8761537075042725,0.8996881487749044,0.004248425608015522
4.90442681312561,0.8996881487749044,0.004248425608015522
4.930477857589722,0.8996881487749044,0.004248425608015522
4.952621936798096,0.8996881487749044,0.004248425608015522
4.977666854858398,0.8996881487749044,0.004248425608015522
4.990133762359619,0.8996881487749044,0.004248425608015522
5.001499652862549,0.8996881487749044,0.004248425608015522
5.017488956451416,0.8996881487749044,0.004248425608015522
5.04144811630249,0.8996881487749044,0.004248425608015522
5.053726434707642,0.8996881487749044,0.004248425608015522
5.0652854442596436,0.8996881487749044,0.004248425608015522
5.077660083770752,0.8996881487749044,0.004248425608015522
5.090012311935425,0.8996881487749044,0.004248425608015522
5.101406574249268,0.8996881487749044,0.004248425608015522
5.113207101821899,0.8996881487749044,0.004248425608015522
5.124245643615723,0.8996881487749044,0.004248425608015522
5.137001276016235,0.8996881487749044,0.004248425608015522
5.148213624954224,0.8996881487749044,0.004248425608015522
5.16031551361084,0.8996881487749044,0.004248425608015522
5.171924352645874,0.8996881487749044,0.004248425608015522
5.18426251411438,0.8996881487749044,0.004248425608015522
5.195971488952637,0.8996881487749044,0.004248425608015522
5.22035026550293,0.8996881487749044,0.004248425608015522
5.233234882354736,0.8996881487749044,0.004248425608015522
5.244286298751831,0.8996881487749044,0.004248425608015522
5.2560038566589355,0.8996881487749044,0.004248425608015522
5.267477750778198,0.8996881487749044,0.004248425608015522
5.280390501022339,0.8996881487749044,0.004248425608015522
5.292433500289917,0.8996881487749044,0.004248425608015522
5.307574987411499,0.8996881487749044,0.004248425608015522
5.321557998657227,0.8996881487749044,0.004248425608015522
5.340008497238159,0.8996881487749044,0.004248425608015522
5.3615803718566895,0.8996881487749044,0.004248425608015522
5.387013912200928,0.8996881487749044,0.004248425608015522
5.411323547363281,0.8996881487749044,0.004248425608015522
5.4355528354644775,0.8996881487749044,0.004248425608015522
5.447255611419678,0.8996881487749044,0.004248425608015522
5.458847284317017,0.8996881487749044,0.004248425608015522
5.471203327178955,0.8996881487749044,0.004248425608015522
5.483577489852905,0.8996881487749044,0.004248425608015522
5.495131969451904,0.8996881487749044,0.004248425608015522
5.506418228149414,0.8996881487749044,0.004248425608015522
5.51783561706543,0.8996881487749044,0.004248425608015522
5.5303239822387695,0.8996881487749044,0.004248425608015522
5.5426106452941895,0.8996881487749044,0.004248425608015522
5.5541932582855225,0.8996881487749044,0.004248425608015522
5.565921068191528,0.8996881487749044,0.004248425608015522
5.577465295791626,0.8996881487749044,0.004248425608015522
5.5910186767578125,0.8996881487749044,0.004248425608015522
5.602409362792969,0.8996881487749044,0.004248425608015522
5.61378812789917,0.8996881487749044,0.004248425608015522
5.626106023788452,0.8996881487749044,0.004248425608015522
5.638505220413208,0.8996881487749044,0.004248425608015522
5.6510138511657715,0.8996881487749044,0.004248425608015522
5.66237211227417,0.8996881487749044,0.004248425608015522
5.6737799644470215,0.8996881487749044,0.004248425608015522
5.686584234237671,0.8996881487749044,0.004248425608015522
5.6978819370269775,0.8996881487749044,0.004248425608015522
5.71433162689209,0.8996881487749044,0.004248425608015522
5.726241111755371,0.8996881487749044,0.004248425608015522
5.738907098770142,0.8996881487749044,0.004248425608015522
5.750973463058472,0.8996881487749044,0.004248425608015522
5.762488842010498,0.8996881487749044,0.004248425608015522
5.773867845535278,0.8996881487749044,0.004248425608015522
5.785577297210693,0.8996881487749044,0.004248425608015522
5.797795534133911,0.8996881487749044,0.004248425608015522
5.8101348876953125,0.8996881487749044,0.004248425608015522
5.821786403656006,0.8996881487749044,0.004248425608015522
5.841736793518066,0.8996881487749044,0.004248425608015522
5.86015772819519,0.8996881487749044,0.004248425608015522
5.871768951416016,0.8996881487749044,0.004248425608015522
5.883873701095581,0.8996881487749044,0.004248425608015522
5.896306037902832,0.8996881487749044,0.004248425608015522
5.9076292514801025,0.8996881487749044,0.004248425608015522
5.9197678565979,0.8996881487749044,0.004248425608015522
5.931171417236328,0.8996881487749044,0.004248425608015522
5.943626642227173,0.8996881487749044,0.004248425608015522
5.955238103866577,0.8996881487749044,0.004248425608015522
5.966563940048218,0.8996881487749044,0.004248425608015522
5.977845907211304,0.8996881487749044,0.004248425608015522
5.991045951843262,0.8996881487749044,0.004248425608015522
6.002618789672852,0.8996881487749044,0.004248425608015522
6.013995409011841,0.8996881487749044,0.004248425608015522
6.025626182556152,0.8996881487749044,0.004248425608015522
6.037290573120117,0.8996881487749044,0.004248425608015522
6.050231456756592,0.8996881487749044,0.004248425608015522
6.0616044998168945,0.8996881487749044,0.004248425608015522
6.073568105697632,0.8996881487749044,0.004248425608015522
6.085022211074829,0.8996881487749044,0.004248425608015522
6.097450017929077,0.8996881487749044,0.004248425608015522
6.113588094711304,0.8996881487749044,0.004248425608015522
6.125556230545044,0.8996881487749044,0.004248425608015522
6.137351036071777,0.8996881487749044,0.004248425608015522
6.150331020355225,0.8996881487749044,0.004248425608015522
6.16167688369751,0.8996881487749044,0.004248425608015522
6.173332929611206,0.8996881487749044,0.004248425608015522
6.1849236488342285,0.8996881487749044,0.004248425608015522
6.1973559856414795,0.8996881487749044,0.004248425608015522
6.209805250167847,0.8996881487749044,0.004248425608015522
6.221234321594238,0.8996881487749044,0.004248425608015522
6.2325990200042725,0.8996881487749044,0.004248425608015522
6.245385646820068,0.8996881487749044,0.004248425608015522
6.256955146789551,0.8996881487749044,0.004248425608015522
6.268182277679443,0.8996881487749044,0.004248425608015522
6.280309200286865,0.8996881487749044,0.004248425608015522
6.291692018508911,0.8996881487749044,0.004248425608015522
6.304229497909546,0.8996881487749044,0.004248425608015522
6.315913200378418,0.8996881487749044,0.004248425608015522
6.327519416809082,0.8996881487749044,0.004248425608015522
6.339949131011963,0.8996881487749044,0.004248425608015522
6.35224723815918,0.8996881487749044,0.004248425608015522
6.363858699798584,0.8996881487749044,0.004248425608015522
6.375530004501343,0.8996881487749044,0.004248425608015522
6.387177228927612,0.8996881487749044,0.004248425608015522
6.400313377380371,0.8996881487749044,0.004248425608015522
6.41167140007019,0.8996881487749044,0.004248425608015522
6.423464059829712,0.8996881487749044,0.004248425608015522
6.434554815292358,0.8996881487749044,0.004248425608015522
6.447251081466675,0.8996881487749044,0.004248425608015522
6.458571195602417,0.8996881487749044,0.004248425608015522
6.4710609912872314,0.8996881487749044,0.004248425608015522
6.4828596115112305,0.8996881487749044,0.004248425608015522
6.494035720825195,0.8996881487749044,0.004248425608015522
6.5111353397369385,0.8996881487749044,0.004248425608015522
6.523088693618774,0.8996881487749044,0.004248425608015522
6.5343451499938965,0.8996881487749044,0.004248425608015522
6.546294689178467,0.8996881487749044,0.004248425608015522
6.558912992477417,0.8996881487749044,0.004248425608015522
6.571046590805054,0.8996881487749044,0.004248425608015522
6.58241605758667,0.8996881487749044,0.004248425608015522
6.593971490859985,0.8996881487749044,0.004248425608015522
6.606907367706299,0.8996881487749044,0.004248425608015522
6.6180078983306885,0.8996881487749044,0.004248425608015522
6.63114595413208,0.8996881487749044,0.004248425608015522
6.642552614212036,0.8996881487749044,0.004248425608015522
6.654967784881592,0.8996881487749044,0.004248425608015522
6.6665825843811035,0.8996881487749044,0.004248425608015522
6.677835464477539,0.8996881487749044,0.004248425608015522
6.690093040466309,0.8996881487749044,0.004248425608015522
6.702343940734863,0.8996881487749044,0.004248425608015522
6.7137956619262695,0.8996881487749044,0.004248425608015522
6.725674152374268,0.8996881487749044,0.004248425608015522
6.737337350845337,0.8996881487749044,0.004248425608015522
6.748865842819214,0.8996881487749044,0.004248425608015522
6.761747598648071,0.8996881487749044,0.004248425608015522
6.7734010219573975,0.8996881487749044,0.004248425608015522
6.7849953174591064,0.8996881487749044,0.004248425608015522
6.79634690284729,0.8996881487749044,0.004248425608015522
6.808462858200073,0.8996881487749044,0.004248425608015522
6.8206095695495605,0.8996881487749044,0.004248425608015522
6.83221173286438,0.8996881487749044,0.004248425608015522
6.847889423370361,0.8996881487749044,0.004248425608015522
6.861300706863403,0.8996881487749044,0.004248425608015522
6.873030424118042,0.8996881487749044,0.004248425608015522
6.884088516235352,0.8996881487749044,0.004248425608015522
6.895712375640869,0.8996881487749044,0.004248425608015522
6.9135003089904785,0.8996881487749044,0.004248425608015522
6.925152778625488,0.8996881487749044,0.004248425608015522
6.936616897583008,0.8996881487749044,0.004248425608015522
6.94791579246521,0.8996881487749044,0.004248425608015522
6.9611732959747314,0.8996881487749044,0.004248425608015522
6.973012685775757,0.8996881487749044,0.004248425608015522
6.984277963638306,0.8996881487749044,0.004248425608015522
6.995953798294067,0.8996881487749044,0.004248425608015522
7.011510372161865,0.8996881487749044,0.004248425608015522
7.0233423709869385,0.8996881487749044,0.004248425608015522
7.034541130065918,0.8996881487749044,0.004248425608015522
7.046229600906372,0.8996881487749044,0.004248425608015522
7.058576583862305,0.8996881487749044,0.004248425608015522
7.070915222167969,0.8996881487749044,0.004248425608015522
7.082542896270752,0.8996881487749044,0.004248425608015522
7.093958377838135,0.8996881487749044,0.004248425608015522
7.1056084632873535,0.8996881487749044,0.004248425608015522
7.118002414703369,0.8996881487749044,0.004248425608015522
7.1302809715271,0.8996881487749044,0.004248425608015522
7.14160418510437,0.8996881487749044,0.004248425608015522
7.153460502624512,0.8996881487749044,0.004248425608015522
7.1659629344940186,0.8996881487749044,0.004248425608015522
7.177491664886475,0.8996881487749044,0.004248425608015522
7.18936824798584,0.8996881487749044,0.004248425608015522
7.201042413711548,0.8996881487749044,0.004248425608015522
7.213636159896851,0.8996881487749044,0.004248425608015522
7.2252037525177,0.8996881487749044,0.004248425608015522
7.236547946929932,0.8996881487749044,0.004248425608015522
7.247942924499512,0.8996881487749044,0.004248425608015522
7.261160850524902,0.8996881487749044,0.004248425608015522
7.27304220199585,0.8996881487749044,0.004248425608015522
7.284096002578735,0.8996881487749044,0.004248425608015522
7.2957985401153564,0.8996881487749044,0.004248425608015522
7.313042879104614,0.8996881487749044,0.004248425608015522
7.324468612670898,0.8996881487749044,0.004248425608015522
7.336312532424927,0.8996881487749044,0.004248425608015522
7.347695827484131,0.8996881487749044,0.004248425608015522
7.360036134719849,0.8996881487749044,0.004248425608015522
7.372589111328125,0.8996881487749044,0.004248425608015522
7.3841392993927,0.8996881487749044,0.004248425608015522
7.395765542984009,0.8996881487749044,0.004248425608015522
7.407373905181885,0.8996881487749044,0.004248425608015522
7.420419931411743,0.8996881487749044,0.004248425608015522
7.43178391456604,0.8996881487749044,0.004248425608015522
7.443694114685059,0.8996881487749044,0.004248425608015522
7.45527458190918,0.8996881487749044,0.004248425608015522
7.467711925506592,0.8996881487749044,0.004248425608015522
7.4800591468811035,0.8996881487749044,0.004248425608015522
7.491404056549072,0.8996881487749044,0.004248425608015522
7.503290176391602,0.8996881487749044,0.004248425608015522
7.515688180923462,0.8996881487749044,0.004248425608015522
7.527379035949707,0.8996881487749044,0.004248425608015522
7.539254903793335,0.8996881487749044,0.004248425608015522
7.550954103469849,0.8996881487749044,0.004248425608015522
7.562533378601074,0.8996881487749044,0.004248425608015522
7.575021505355835,0.8996881487749044,0.004248425608015522
7.586366415023804,0.8996881487749044,0.004248425608015522
7.597771406173706,0.8996881487749044,0.004248425608015522
7.610069036483765,0.8996881487749044,0.004248425608015522
7.623516798019409,0.8996881487749044,0.004248425608015522
7.6351776123046875,0.8996881487749044,0.004248425608015522
7.646556854248047,0.8996881487749044,0.004248425608015522
7.657819986343384,0.8996881487749044,0.004248425608015522
7.671069622039795,0.8996881487749044,0.004248425608015522
7.68284273147583,0.8996881487749044,0.004248425608015522
7.693942546844482,0.8996881487749044,0.004248425608015522
7.70558500289917,0.8996881487749044,0.004248425608015522
7.723063707351685,0.8996881487749044,0.004248425608015522
7.73432731628418,0.8996881487749044,0.004248425608015522
7.746320009231567,0.8996881487749044,0.004248425608015522
7.757666826248169,0.8996881487749044,0.004248425608015522
7.771101474761963,0.8996881487749044,0.004248425608015522
7.78250789642334,0.8996881487749044,0.004248425608015522
7.793906211853027,0.8996881487749044,0.004248425608015522
7.805762529373169,0.8996881487749044,0.004248425608015522
7.817381858825684,0.8996881487749044,0.004248425608015522
7.830413341522217,0.8996881487749044,0.004248425608015522
7.89093017578125,0.8996881487749044,0.004248425608015522
7.93522834777832,0.8996881487749044,0.004248425608015522
7.9932684898376465,0.8996881487749044,0.004248425608015522
8.023872137069702,0.8996881487749044,0.004248425608015522
8.041369915008545,0.8996881487749044,0.004248425608015522
8.053259134292603,0.8996881487749044,0.004248425608015522
8.064280271530151,0.8996881487749044,0.004248425608015522
8.077149152755737,0.8996881487749044,0.004248425608015522
8.088340759277344,0.8996881487749044,0.004248425608015522
8.100435733795166,0.8996881487749044,0.004248425608015522
8.115822553634644,0.8996881487749044,0.004248425608015522
8.128363847732544,0.8996881487749044,0.004248425608015522
8.140856981277466,0.8996881487749044,0.004248425608015522
8.152515411376953,0.8996881487749044,0.004248425608015522
8.164061546325684,0.8996881487749044,0.004248425608015522
8.176598310470581,0.8996881487749044,0.004248425608015522
8.187853336334229,0.8996881487749044,0.004248425608015522
8.200124740600586,0.8996881487749044,0.004248425608015522
8.211488485336304,0.8996881487749044,0.004248425608015522
8.223336219787598,0.8996881487749044,0.004248425608015522
8.235785961151123,0.8996881487749044,0.004248425608015522
8.247434616088867,0.8996881487749044,0.004248425608015522
8.259308338165283,0.8996881487749044,0.004248425608015522
8.271003246307373,0.8996881487749044,0.004248425608015522
8.283536195755005,0.8996881487749044,0.004248425608015522
8.29461932182312,0.8996881487749044,0.004248425608015522
8.306321859359741,0.8996881487749044,0.004248425608015522
8.320247173309326,0.8996881487749044,0.004248425608015522
8.332918405532837,0.8996881487749044,0.004248425608015522
8.344185590744019,0.8996881487749044,0.004248425608015522
8.355908393859863,0.8996881487749044,0.004248425608015522
8.36743426322937,0.8996881487749044,0.004248425608015522
8.380446910858154,0.8996881487749044,0.004248425608015522
8.391839742660522,0.8996881487749044,0.004248425608015522
8.403639793395996,0.8996881487749044,0.004248425608015522
8.415502071380615,0.8996881487749044,0.004248425608015522
8.427124500274658,0.8996881487749044,0.004248425608015522
8.440203666687012,0.8996881487749044,0.004248425608015522
8.451614379882812,0.8996881487749044,0.004248425608015522
8.4633948802948,0.8996881487749044,0.004248425608015522
8.474517822265625,0.8996881487749044,0.004248425608015522
8.487404584884644,0.8996881487749044,0.004248425608015522
8.498900175094604,0.8996881487749044,0.004248425608015522
8.51451325416565,0.8996881487749044,0.004248425608015522
8.526605367660522,0.8996881487749044,0.004248425608015522
8.540042400360107,0.8996881487749044,0.004248425608015522
8.551653146743774,0.8996881487749044,0.004248425608015522
8.563358783721924,0.8996881487749044,0.004248425608015522
8.574496507644653,0.8996881487749044,0.004248425608015522
8.58749008178711,0.8996881487749044,0.004248425608015522
8.59977126121521,0.8996881487749044,0.004248425608015522
8.611183166503906,0.8996881487749044,0.004248425608015522
8.623372793197632,0.8996881487749044,0.004248425608015522
8.635727405548096,0.8996881487749044,0.004248425608015522
8.647878170013428,0.8996881487749044,0.004248425608015522
8.660308122634888,0.8996881487749044,0.004248425608015522
8.671844005584717,0.8996881487749044,0.004248425608015522
8.68453598022461,0.8996881487749044,0.004248425608015522
8.696271419525146,0.8996881487749044,0.004248425608015522
8.707809448242188,0.8996881487749044,0.004248425608015522
8.720118284225464,0.8996881487749044,0.004248425608015522
8.7315034866333,0.8996881487749044,0.004248425608015522
8.743804931640625,0.8996881487749044,0.004248425608015522
8.755370140075684,0.8996881487749044,0.004248425608015522
8.76715350151062,0.8996881487749044,0.004248425608015522
8.778452634811401,0.8996881487749044,0.004248425608015522
8.791519403457642,0.8996881487749044,0.004248425608015522
8.803311109542847,0.8996881487749044,0.004248425608015522
8.814411163330078,0.8996881487749044,0.004248425608015522
8.826285123825073,0.8996881487749044,0.004248425608015522
8.838899612426758,0.8996881487749044,0.004248425608015522
8.851007223129272,0.8996881487749044,0.004248425608015522
8.8623685836792,0.8996881487749044,0.004248425608015522
8.876245737075806,0.8996881487749044,0.004248425608015522
8.889334440231323,0.8996881487749044,0.004248425608015522
8.90100622177124,0.8996881487749044,0.004248425608015522
8.916151762008667,0.8996881487749044,0.004248425608015522
8.927736759185791,0.8996881487749044,0.004248425608015522
8.941239833831787,0.8996881487749044,0.004248425608015522
8.95317816734314,0.8996881487749044,0.004248425608015522
8.964247941970825,0.8996881487749044,0.004248425608015522
8.97594165802002,0.8996881487749044,0.004248425608015522
8.988365411758423,0.8996881487749044,0.004248425608015522
9.000911235809326,0.8996881487749044,0.004248425608015522
9.012508153915405,0.8996881487749044,0.004248425608015522
9.023886919021606,0.8996881487749044,0.004248425608015522
9.035638570785522,0.8996881487749044,0.004248425608015522
9.047892808914185,0.8996881487749044,0.004248425608015522
9.060245275497437,0.8996881487749044,0.004248425608015522
9.071783304214478,0.8996881487749044,0.004248425608015522
9.083489894866943,0.8996881487749044,0.004248425608015522
9.096022367477417,0.8996881487749044,0.004248425608015522
9.107531070709229,0.8996881487749044,0.004248425608015522
9.119349241256714,0.8996881487749044,0.004248425608015522
9.131303310394287,0.8996881487749044,0.004248425608015522
9.143615007400513,0.8996881487749044,0.004248425608015522
9.155189752578735,0.8996881487749044,0.004248425608015522
9.166538953781128,0.8996881487749044,0.004248425608015522
9.17785096168518,0.8996881487749044,0.004248425608015522
9.191334247589111,0.8996881487749044,0.004248425608015522
9.20309829711914,0.8996881487749044,0.004248425608015522
9.214190244674683,0.8996881487749044,0.004248425608015522
9.225799322128296,0.8996881487749044,0.004248425608015522
9.237435102462769,0.8996881487749044,0.004248425608015522
9.250534296035767,0.8996881487749044,0.004248425608015522
9.261927604675293,0.8996881487749044,0.004248425608015522
9.273552656173706,0.8996881487749044,0.004248425608015522
9.285004377365112,0.8996881487749044,0.004248425608015522
9.297384977340698,0.8996881487749044,0.004248425608015522
9.309863328933716,0.8996881487749044,0.004248425608015522
9.32561469078064,0.8996881487749044,0.004248425608015522
9.337411403656006,0.8996881487749044,0.004248425608015522
9.350547552108765,0.8996881487749044,0.004248425608015522
9.362313985824585,0.8996881487749044,0.004248425608015522
9.373716354370117,0.8996881487749044,0.004248425608015522
9.385288000106812,0.8996881487749044,0.004248425608015522
9.397575616836548,0.8996881487749044,0.004248425608015522
9.409754514694214,0.8996881487749044,0.004248425608015522
9.421157836914062,0.8996881487749044,0.004248425608015522
9.432943105697632,0.8996881487749044,0.004248425608015522
9.445085287094116,0.8996881487749044,0.004248425608015522
9.456614017486572,0.8996881487749044,0.004248425608015522
9.46791934967041,0.8996881487749044,0.004248425608015522
9.480218172073364,0.8996881487749044,0.004248425608015522
9.491762638092041,0.8996881487749044,0.004248425608015522
9.504116535186768,0.8996881487749044,0.004248425608015522
9.515716314315796,0.8996881487749044,0.004248425608015522
9.527389526367188,0.8996881487749044,0.004248425608015522
9.538881063461304,0.8996881487749044,0.004248425608015522
