2.3113229274749756,0.9556850315811166,-0.02126347160879778
2.3229196071624756,0.9563304021056767,-0.02095434579509785
2.3338229656219482,0.9566530873679525,-0.020799782888249938
2.3463940620422363,0.9579411350046825,-0.02017593930516679
2.357560634613037,0.9592237231890787,-0.019540947116327357
2.3681795597076416,0.9601772583515038,-0.019048088181104855
2.3792314529418945,0.9620713428125423,-0.018037642240733922
2.389902114868164,0.9633161115636154,-0.017331385710150613
2.4018394947052,0.9654726895474414,-0.016057835765222496
2.412928581237793,0.9675896171543602,-0.014719412973368535
2.4236772060394287,0.9693684683394432,-0.013517645356377644
2.4397990703582764,0.9722801033217584,-0.011438239480598746
2.451862096786499,0.9745350986738378,-0.009675291357491908
2.4733848571777344,0.9794681899259967,-0.005535047017689312
2.4981229305267334,0.984318671152294,-0.0007720210064696897
2.5349113941192627,0.9894620289162348,0.005186616313772396
2.5580313205718994,0.9931866423844472,0.010440592618253215
2.5836050510406494,0.9970407740207802,0.016890436949179372
2.6082990169525146,0.9998278204777755,0.0226964152941428
2.634737730026245,1.0021536025327678,0.02870205850102005
2.6583895683288574,1.0043123460978796,0.03589890842187506
2.6843507289886475,1.0056651944134003,0.04256099415724428
2.709747076034546,1.006423012028388,0.04895651797926616
2.7349774837493896,1.006679769679507,0.055391662733211215
2.759436845779419,1.006433903490431,0.06182723281772619
2.770838975906372,1.0060604072447445,0.0650256314292671
2.782283306121826,1.005617723085303,0.06785353186201547
2.7938461303710938,1.0050096469118928,0.07101572990946592
2.807154893875122,1.0041161922969266,0.07484869361936504
2.8190526962280273,1.0032364644942906,0.0779463269283992
2.833782196044922,1.002014323424645,0.0816874822521417
2.845211982727051,1.0007423622800962,0.08503168049885046
2.858635902404785,0.9992164428907782,0.08865955066850348
2.869788408279419,0.9977016029630409,0.09190097119965923
2.881202459335327,0.9959125993729827,0.09540658642459675
2.8927042484283447,0.9941902476312826,0.09854267499865325
2.90521240234375,0.9916655373688813,0.10286897484280365
2.91729998588562,0.9895651173425531,0.10619735397736865
2.9282126426696777,0.9871645935685395,0.10975708899366309
2.939636707305908,0.984497522191799,0.11356777722729035
2.950810670852661,0.9815020497307627,0.117582522173804
2.9632174968719482,0.9786562902054272,0.1212616888276007
2.974336862564087,0.9750564566777095,0.12571288631400312
2.9866299629211426,0.9720692961837591,0.1292782035124905
2.9979498386383057,0.968569342254093,0.1333468400642066
3.0099449157714844,0.9647799110430796,0.1376377807055276
3.0210742950439453,0.9609534042664722,0.14189569174016897
3.0326337814331055,0.9572973497403696,0.14582465422431298
3.0438051223754883,0.9536242902162069,0.14973772394407311
3.0567786693573,0.9486594118998071,0.15489099199158143
3.06807279586792,0.9444014310879228,0.15923450099098396
3.0793581008911133,0.9404116865646435,0.16333985105272184
3.0903306007385254,0.9358833334076444,0.16791926479041924
3.1018548011779785,0.9308961527535554,0.1730509523675821
3.1140246391296387,0.9261162244211634,0.17788477797960137
3.126079797744751,0.9218582436092791,0.18222828697900387
3.13736891746521,0.9173697810205946,0.18684680579845395
3.1483139991760254,0.9126319593992142,0.19172190899675345
3.1602623462677,0.9077119654825163,0.196918046805349
3.171402931213379,0.9035299706533297,0.20133476394264926
3.1833302974700928,0.898340363926625,0.20676825311496233
3.194209575653076,0.8934203700099405,0.2119643909235449
3.2079918384552,0.8880581567049758,0.21772686923363674
3.2193422317504883,0.8837119504371079,0.2224795004598798
3.2478322982788086,0.872122067056115,0.23515318372987146
3.259960651397705,0.8668606202382791,0.2410078114025042
3.2710800170898438,0.8626395408663015,0.2458719147557297
3.282355308532715,0.8581839570847525,0.25100624607304284
3.2937283515930176,0.8537955494435431,0.2561981111796102
3.3051300048828125,0.8486882114756997,0.26218765095193813
3.318073272705078,0.843813025233671,0.2679049389164276
3.3293356895446777,0.8395153393319107,0.2731721469814181
3.34028697013855,0.8351948506755245,0.2784206670280841
3.3514766693115234,0.8309430123515129,0.28372495357546107
3.3641157150268555,0.8255432620599246,0.2904017498050792
3.3756344318389893,0.8215370358211059,0.29544428526047417
3.3873322010040283,0.8171344376476207,0.30108550122769423
3.3983356952667236,0.8131720992914703,0.30616259559821113
3.410682201385498,0.8079478961281453,0.31297762402159257
3.4219613075256348,0.804029743755648,0.31808889533913465
3.433378219604492,0.8001560721435073,0.32323395906436586
3.444267988204956,0.7956367885959911,0.32923653341049375
3.457239866256714,0.7913575422230805,0.3349718833340868
3.469341278076172,0.7872922581688194,0.34042046576149493
3.480703592300415,0.782825208843666,0.3464620129880164
3.4918863773345947,0.7790188037519911,0.35165703876019366
3.503418445587158,0.7750486460027871,0.35717532040911115
3.515669584274292,0.7704239536850332,0.36354491292102953
3.527379035949707,0.7666854594402637,0.36878902135596286
3.538818120956421,0.762901620271183,0.3740005061384568
3.549730062484741,0.7591631260264128,0.37924461457338976
3.5609307289123535,0.7545384337086432,0.3856142070853313
3.5733847618103027,0.7507999394638736,0.3908583155202646
3.5842678546905518,0.746595673720453,0.39664885416747414
3.596130132675171,0.7430220478385461,0.4015708120176015
3.607647180557251,0.7392608457603618,0.4067986577902478
3.619840145111084,0.7352429737191398,0.4122822961053368
3.6310503482818604,0.7303504911249387,0.4188992287819819
3.6473822593688965,0.7253723345411678,0.42545194890492166
3.658914089202881,0.7215434351196174,0.43063041795621143
3.6707468032836914,0.7170763857944695,0.4366719651827254
3.681694984436035,0.7138669510147894,0.44097347762541644
3.6932320594787598,0.7097780754241808,0.4464043782242923
3.70414662361145,0.7054492436122165,0.4521023957224858
3.717423915863037,0.7015532949814407,0.4572306114708715
3.728330373764038,0.6976130125617428,0.46232484222228576
3.739647150039673,0.6939335055215694,0.4671681570957562
3.7510766983032227,0.6899711671654242,0.4722452514662653
3.762300968170166,0.6855685689919333,0.47788646743349267
3.774353504180908,0.6816062306357995,0.48296356180398703
3.786792039871216,0.6773774362725926,0.4882862381180281
3.797886610031128,0.6737969408418523,0.49275300573686426
3.809276580810547,0.669545102517835,0.4980572922842485
3.8210608959198,0.6652703002036681,0.5033430892993527
3.832296848297119,0.6614250022915642,0.5080558544101379
3.8438808917999268,0.6576001791683544,0.5127852517394536
3.855071544647217,0.6532569690192109,0.5180149850510545
3.8683834075927734,0.648431555913597,0.5237743436024621
3.8798532485961914,0.6447741157879978,0.5281783295490791
3.891054153442383,0.6403857081467884,0.5333701946556465
3.9023776054382324,0.6364391288080029,0.5379984753888061
3.9137909412384033,0.6322816899900197,0.5429170844371287
3.926624298095703,0.6278484150124445,0.5480706907359668
3.9377803802490234,0.623901835673659,0.5526989714691264
3.949188470840454,0.6194240268909361,0.5578139312359002
3.9602608680725098,0.6153977562292358,0.5623730556673011
3.9728269577026367,0.610684273300056,0.5677572238428499
3.9838709831237793,0.6066382681945216,0.5722988440061992
3.9950592517852783,0.6025726047443845,0.5768228744804966
4.007398843765259,0.5977664337728833,0.5821244694158999
4.019726991653442,0.5934408798985461,0.5868959048577477
4.030909776687622,0.5878611093949797,0.592944569595481
4.046751260757446,0.5824491160866165,0.5986603211849314
4.058173894882202,0.5783055876236973,0.6031131453336311
4.070211172103882,0.5739388107078652,0.6078468829544621
4.081775426864624,0.5695720337920274,0.6125806205753005
4.093309164047241,0.56491949172809,0.617537175553661
4.1041648387908936,0.5604914972030708,0.6222136995813887
4.1156907081604,0.5560635026780446,0.6268902236091227
4.128286123275757,0.5514325002783145,0.6318669094223708
4.139765501022339,0.5470248288493191,0.636562593086083
4.150922536849976,0.5423294703822968,0.6414786070991332
4.162024259567261,0.5378610798975396,0.646116548341888
4.17424201965332,0.5329410859808488,0.6513126861504773
4.186076641082764,0.5287209394119091,0.6556929639908583
4.200082778930664,0.523037084425516,0.6616439283224416
4.211315155029297,0.5188550895963353,0.6660606454597345
4.226776599884033,0.5123717547460118,0.6727318393100543
4.237906455993652,0.5081326511900364,0.6770937737506416
4.249316453933716,0.5033737314591118,0.6819482838087946
4.26067328453064,0.4990969534774932,0.6862732856721839
4.27299952507019,0.4938370948275203,0.6916387967890923
4.283956050872803,0.48905716649512115,0.6964726224011177
4.295152425765991,0.48526702410252964,0.7002723989134177
4.307311058044434,0.4801915762791626,0.7053168035025184
4.318380832672119,0.475877445629313,0.7096045474032405
4.33038592338562,0.47107659859868256,0.7144175976521684
4.3415186405181885,0.46650869555764707,0.7189575617823629
4.353008985519409,0.46164563577764467,0.7237077443563503
4.364015102386475,0.4570580864820611,0.7282278554120906
4.376926422119141,0.45191743916851024,0.7332058001148445
4.388217210769653,0.4475478889519875,0.7374370531121907
4.399714469909668,0.4429407796867075,0.741937226077036
4.410914659500122,0.4380367014243799,0.7466450494920475
4.42207670211792,0.4331122520858683,0.7513315603074384
4.439182758331299,0.4266060313053165,0.7574698630305416
4.450390100479126,0.42219994505506425,0.7616630569180015
4.462936878204346,0.41673471959939995,0.766819231205409
4.474066495895386,0.41176980635430976,0.7714628527854848
4.486903190612793,0.4067848010398635,0.7760848985365737
4.4981865882873535,0.4023066399031548,0.7802010306840909
4.509496212005615,0.3975840032894667,0.784579810869335
4.520685195922852,0.3925590954936868,0.7891584445688136
4.532994747161865,0.38751437803641553,0.7937152428622041
4.5439536571502686,0.38271649486620346,0.7980114422966333
4.555145263671875,0.3784517098260049,0.8018302862383572
4.567440032958984,0.37338727759076223,0.8063651634191614
4.5794148445129395,0.36830322583187347,0.8108780341931844
4.590657472610474,0.36346825941785754,0.8151324568650745
4.601524829864502,0.3592034743776659,0.8189513008067921
4.612989902496338,0.3540998987184431,0.823442080293772
4.624173164367676,0.34897689514941316,0.8279106840289504
4.637287616729736,0.3438345600265462,0.8323570279646291
4.6482014656066895,0.3392163132227713,0.8363153442078931
4.659726142883301,0.3346152765338925,0.8402936519398134
4.670842409133911,0.3291418575635498,0.8449031934616157
4.683433532714844,0.3242157804902371,0.8490517808312413
4.694291591644287,0.31870258586842,0.8536136744433094
4.70613694190979,0.314292030170939,0.8572631893329864
4.717532396316528,0.3093301550112931,0.8613688935838554
4.728833436965942,0.3040552272902208,0.8656571009538186
4.740945816040039,0.2987617517987679,0.8699223913462013
4.752119541168213,0.2940089779622717,0.8737181273593626
4.763513565063477,0.28927271041728403,0.8775344398157069
4.7746710777282715,0.2839241903742779,0.8817304996651107
4.787890911102295,0.27855752288432084,0.8859033242435534
4.7994065284729,0.27317280888631923,0.8900528350665079
4.81032395362854,0.26862320111559046,0.893527461610897
4.8214662075042725,0.26378924285920136,0.8972192523143028
4.833894491195679,0.2577590554114818,0.9017016246670562
4.849818468093872,0.2516330957343656,0.9060521925148031
4.861196279525757,0.2463984949563612,0.9098039877105127
4.872862339019775,0.241131549333635,0.9135102386872762
4.884949445724487,0.23612703812945549,0.9169673095036621
4.896928071975708,0.23048396541690547,0.9207579974717252
4.909818649291992,0.2257181049147978,0.9239295166920178
4.9212563037872314,0.22059668637285512,0.9272109101674352
4.9338295459747314,0.21543300948070032,0.9304253948813033
4.945020437240601,0.21022794831595065,0.9335724267040838
4.9572224617004395,0.20559950917970685,0.9362892321924714
4.968199968338013,0.20124700832852266,0.9387684999454039
4.979696989059448,0.19624833241805092,0.9415586970052043
4.991544246673584,0.19120200807252163,0.9442617639836878
5.003326892852783,0.1864278322632111,0.9467134422336709
5.014255523681641,0.18162216353248417,0.9491027996682461
5.026180267333984,0.17743066177987823,0.9511192142090242
5.0383758544921875,0.17288886675784795,0.9532318263902897
5.049886703491211,0.16831110838077556,0.9552653357931514
5.061127185821533,0.16402821738144016,0.9570795737131459
5.072646856307983,0.15939084420916294,0.9589731951936501
5.083776235580444,0.15506962253937387,0.9606941419746128
5.096799612045288,0.15037690812720955,0.9624461304723896
5.108112573623657,0.14667797425429127,0.9637906601872933
5.119365930557251,0.14296186075502385,0.9650869519796934
5.13033127784729,0.13956852977027068,0.9662213469261057
5.142700672149658,0.13548487855211178,0.9675472505818316
5.153879880905151,0.1317311303608395,0.9687301480698138
5.1656012535095215,0.1276196900341089,0.9699671954478438
5.177471876144409,0.12418467721582699,0.9709683118270779
5.1894848346710205,0.12074111027990564,0.9719395964529356
5.200631380081177,0.11763443449645908,0.9727868382722501
5.211675643920898,0.1148697047711047,0.9735279588213158
5.2234437465667725,0.11105950559754174,0.9745139883383224
5.234282970428467,0.10793860045508342,0.9753072122762402
5.251523733139038,0.10480763940013955,0.9760597652619717
5.263408899307251,0.10202749016476487,0.9767407647859102
5.274715900421143,0.0995948595838188,0.9773366393693548
5.28693151473999,0.09716483610760401,0.9779430583398536
5.299304246902466,0.09473746544125959,0.9785600102915645
5.310646295547485,0.09300173438684362,0.9789931666990574
5.322012186050415,0.09057436372049016,0.9796101186507705
5.333512783050537,0.08849148645518382,0.9801299063397642
5.346636533737183,0.08675575540076788,0.9805630627472574
5.357763290405273,0.085018162128661,0.9809886874497186
5.369117736816406,0.08293085475868942,0.9814903894402086
5.380131959915161,0.08119143195038424,0.9819084744322824
5.392350435256958,0.07945383867826822,0.9823340991347453
5.404021501541138,0.07771441586998118,0.9827521841268148
5.415162563323975,0.07666968409282492,0.9829985065776993
5.427310943603516,0.07527814584619529,0.9833329745713548
5.43834662437439,0.07353872303789011,0.9837510595634286
5.450641393661499,0.07249399126074292,0.983997382014311
5.462981700897217,0.0707545684524378,0.9844154670063849
5.474018812179565,0.0700580806010124,0.9845796819736385
5.485184192657471,0.069361592749587,0.9847438969408921
5.498121976852417,0.06796861704671807,0.9850723268754036
5.509413957595825,0.06727212919527453,0.9852365418426614
5.520772933959961,0.06622530020318693,0.9854737933912225
5.531771183013916,0.06587670346336054,0.9855543898157445
5.550964117050171,0.06482987447126384,0.9857916413643077
5.563335180282593,0.06378202639583808,0.9860243507255212
5.57468843460083,0.06343241057906268,0.9861004049911727
5.586930990219116,0.0627325258470497,0.986249479618709
5.599141359329224,0.062032641115045854,0.9863985542462433
5.610060691833496,0.0616826987490485,0.9864730915600096
5.621256113052368,0.06098217408238326,0.9866191294799032
5.632697105407715,0.0602816494157089,0.9867651673997986
5.649518251419067,0.05993138708237627,0.9868381863597453
5.660915374755859,0.0595808113696132,0.9869096855924963
5.672290563583374,0.0592299288712187,0.9869796637532591
5.683658838272095,0.05887935315845563,0.98705116298601
5.696657657623291,0.05817758816164835,0.9871911193075393
5.707973480224609,0.05817758816164835,0.9871911193075393
5.7192981243133545,0.057826705663253854,0.9872610974683022
5.730306625366211,0.057475522978797114,0.9873295532408934
5.741492509841919,0.05712464048040262,0.9873995314016563
5.753892183303833,0.05677345779594588,0.9874679871742476
5.765648126602173,0.05642257529755138,0.9875379653350104
5.777281761169434,0.05607139261308549,0.9876064211076034
5.78823709487915,0.05607139261308549,0.9876064211076034
5.800079822540283,0.055719916347781735,0.9876733532044736
5.81129264831543,0.055368733663315836,0.9877418089770666
5.823039770126343,0.05501785116492134,0.9878117871378295
5.834204196929932,0.05501785116492134,0.9878117871378295
5.847355365753174,0.05466666848045545,0.9878802429104225
5.858276605606079,0.05466666848045545,0.9878802429104225
5.869535207748413,0.05466666848045545,0.9878802429104225
5.880841016769409,0.05431519221515169,0.9879471750072927
5.891881227493286,0.05431519221515169,0.9879471750072927
5.9039270877838135,0.05431519221515169,0.9879471750072927
5.918265104293823,0.053964009530685794,0.9880156307798857
5.929581642150879,0.053964009530685794,0.9880156307798857
5.940941095352173,0.053964009530685794,0.9880156307798857
5.953442096710205,0.053964009530685794,0.9880156307798857
5.964727878570557,0.053964009530685794,0.9880156307798857
5.976710557937622,0.053964009530685794,0.9880156307798857
5.987834930419922,0.053964009530685794,0.9880156307798857
6.000021457672119,0.053964009530685794,0.9880156307798857
6.0112388134002686,0.053964009530685794,0.9880156307798857
6.022803783416748,0.053964009530685794,0.9880156307798857
6.033857107162476,0.053964009530685794,0.9880156307798857
6.050366401672363,0.053964009530685794,0.9880156307798857
6.062059164047241,0.053964009530685794,0.9880156307798857
6.073643684387207,0.053964009530685794,0.9880156307798857
6.084921360015869,0.053964009530685794,0.9880156307798857
6.097246170043945,0.053964009530685794,0.9880156307798857
6.109376907348633,0.053964009530685794,0.9880156307798857
6.120764970779419,0.053964009530685794,0.9880156307798857
6.131681680679321,0.053964009530685794,0.9880156307798857
6.143309593200684,0.053964009530685794,0.9880156307798857
6.155666351318359,0.053964009530685794,0.9880156307798857
6.1673643589019775,0.053964009530685794,0.9880156307798857
6.178878307342529,0.053964009530685794,0.9880156307798857
6.189777851104736,0.053964009530685794,0.9880156307798857
6.2019569873809814,0.053964009530685794,0.9880156307798857
6.213459014892578,0.053964009530685794,0.9880156307798857
6.2341179847717285,0.053964009530685794,0.9880156307798857
6.246667385101318,0.053964009530685794,0.9880156307798857
6.269270658493042,0.053964009530685794,0.9880156307798857
6.293458938598633,0.053964009530685794,0.9880156307798857
6.319239854812622,0.053964009530685794,0.9880156307798857
6.34352970123291,0.053964009530685794,0.9880156307798857
6.369277477264404,0.053964009530685794,0.9880156307798857
6.38730788230896,0.053964009530685794,0.9880156307798857
6.398197650909424,0.053964009530685794,0.9880156307798857
6.4095025062561035,0.053964009530685794,0.9880156307798857
6.42944860458374,0.053964009530685794,0.9880156307798857
6.453085899353027,0.053964009530685794,0.9880156307798857
6.466136455535889,0.053964009530685794,0.9880156307798857
6.477835178375244,0.053964009530685794,0.9880156307798857
6.489997386932373,0.053964009530685794,0.9880156307798857
6.5010974407196045,0.053964009530685794,0.9880156307798857
6.512310266494751,0.053964009530685794,0.9880156307798857
6.5236992835998535,0.053964009530685794,0.9880156307798857
6.536369800567627,0.053964009530685794,0.9880156307798857
6.547899007797241,0.053964009530685794,0.9880156307798857
6.559216499328613,0.053964009530685794,0.9880156307798857
6.57015323638916,0.053964009530685794,0.9880156307798857
6.581321954727173,0.053964009530685794,0.9880156307798857
6.593712568283081,0.053964009530685794,0.9880156307798857
6.605129957199097,0.053964009530685794,0.9880156307798857
6.617357492446899,0.053964009530685794,0.9880156307798857
6.628242015838623,0.053964009530685794,0.9880156307798857
6.6401495933532715,0.053964009530685794,0.9880156307798857
6.651333570480347,0.053964009530685794,0.9880156307798857
6.662986993789673,0.053964009530685794,0.9880156307798857
6.6739747524261475,0.053964009530685794,0.9880156307798857
6.68516731262207,0.053964009530685794,0.9880156307798857
6.698041677474976,0.053964009530685794,0.9880156307798857
6.7093658447265625,0.053964009530685794,0.9880156307798857
6.720707178115845,0.053964009530685794,0.9880156307798857
6.731518030166626,0.053964009530685794,0.9880156307798857
6.744075775146484,0.053964009530685794,0.9880156307798857
6.755608797073364,0.053964009530685794,0.9880156307798857
6.767277479171753,0.053964009530685794,0.9880156307798857
6.778337001800537,0.053964009530685794,0.9880156307798857
6.790341138839722,0.053964009530685794,0.9880156307798857
6.801468849182129,0.053964009530685794,0.9880156307798857
6.812978744506836,0.053964009530685794,0.9880156307798857
6.823947191238403,0.053964009530685794,0.9880156307798857
6.8351359367370605,0.053964009530685794,0.9880156307798857
6.851967096328735,0.053964009530685794,0.9880156307798857
6.863556623458862,0.053964009530685794,0.9880156307798857
6.87505030632019,0.053964009530685794,0.9880156307798857
6.887171983718872,0.053964009530685794,0.9880156307798857
6.899492502212524,0.053964009530685794,0.9880156307798857
6.910342216491699,0.053964009530685794,0.9880156307798857
6.9214348793029785,0.053964009530685794,0.9880156307798857
6.93294095993042,0.053964009530685794,0.9880156307798857
6.945016384124756,0.053964009530685794,0.9880156307798857
6.95732045173645,0.053964009530685794,0.9880156307798857
6.96827244758606,0.053964009530685794,0.9880156307798857
6.979527235031128,0.053964009530685794,0.9880156307798857
6.9903740882873535,0.053964009530685794,0.9880156307798857
7.003085613250732,0.053964009530685794,0.9880156307798857
7.014071226119995,0.053964009530685794,0.9880156307798857
7.026105165481567,0.053964009530685794,0.9880156307798857
7.037436485290527,0.053964009530685794,0.9880156307798857
7.050098657608032,0.053262244533896795,0.9881555871014115
7.061486005783081,0.053262244533896795,0.9881555871014115
7.073286771774292,0.05256171986721329,0.9883016250213087
7.0847437381744385,0.05186119520054803,0.9884476629412021
7.097639322280884,0.05116067053388277,0.9885937008610955
7.108981132507324,0.05046014586721751,0.988739738780989
7.11997127532959,0.04975962120054313,0.9888857767008843
7.131258010864258,0.049410005383758636,0.9889618309665379
7.143009185791016,0.04836017828576653,0.9891854429078365
