15.517754077911377,-0.04578462015865264,-0.987072487863311
15.531359910964966,-0.04543839062036546,-0.9871627130121375
15.54297161102295,-0.044055050668531076,-0.987529616416726
15.553820848464966,-0.04301754570465301,-0.9878047939701677
15.566317319869995,-0.04094016847492095,-0.9883461448631292
15.57765531539917,-0.03885371319471687,-0.9888513787769038
15.588703155517578,-0.03675880773835922,-0.9893203436720956
15.599735736846924,-0.03395517411802727,-0.9898970833408862
15.61071228981018,-0.031137483817073878,-0.9904006818818611
15.622357845306396,-0.029015104407713824,-0.9907232692137325
15.633602857589722,-0.02617503227847376,-0.9910796123394874
15.644251585006714,-0.022611627535423087,-0.9914016274070474
15.655634880065918,-0.020110926308759082,-0.99154037695697
15.667946577072144,-0.01689180566181056,-0.9916210948870624
15.683385133743286,-0.012240956595551257,-0.9915561525633517
15.694760799407959,-0.008669832860352198,-0.9913356478368046
15.706926107406616,-0.005467447586993452,-0.9909980361000067
15.719456672668457,-0.001926589923107607,-0.9904843493562617
15.730735778808594,0.0015886673602431571,-0.9898176310511925
15.741973161697388,0.004375104369333781,-0.9891628341994623
15.753536462783813,0.007482406635128407,-0.9883178929276355
15.764777421951294,0.011237029665121726,-0.9871377751991645
15.777878999710083,0.014942742440630699,-0.985812043410308
15.789302587509155,0.018593900062363986,-0.9843427170436555
15.80031967163086,0.021543344131996007,-0.983050419553129
15.811539888381958,0.02543765102782969,-0.9812424921273456
15.824801921844482,0.030224213205198514,-0.9788150853995744
15.837462425231934,0.034306799414677916,-0.9765863852437595
15.849099159240723,0.038650355608847574,-0.9740914800675106
15.86009955406189,0.042010991121400394,-0.9720430658266102
15.872659921646118,0.04655694656320354,-0.9691903881334968
15.883843660354614,0.050764839371676404,-0.9664729131358419
15.89506459236145,0.055196015209277305,-0.9634450159123701
15.907444477081299,0.05929466177774981,-0.9605654102871084
15.918384075164795,0.06363188860483833,-0.9574044065936227
15.930829048156738,0.06821400511438801,-0.953972764307012
15.941980600357056,0.07219716198894385,-0.9509354145472759
15.953514337539673,0.07643644284901217,-0.9476442173958879
15.964940547943115,0.0809122857275287,-0.944075073098291
15.978148460388184,0.08591259236121888,-0.9400162621807058
15.989461183547974,0.09035730936894108,-0.9364084302539654
16.00038743019104,0.09477056611380415,-0.9327621821282673
16.01167917251587,0.09890799431212945,-0.9293438245104121
16.02430510520935,0.10467958437818681,-0.9245330479958823
16.036361694335938,0.1090610488350315,-0.9208486579915728
16.047772884368896,0.1137501341264467,-0.9169745193580201
16.05921483039856,0.11838841896066361,-0.9130397023586128
16.070310592651367,0.12441293258883042,-0.9079736661026827
16.08829927444458,0.13093694639202702,-0.9023902840632079
16.099924325942993,0.13617768877656858,-0.8980603644139287
16.11117386817932,0.14088353158752437,-0.8942065981443112
16.12282967567444,0.14612427397205155,-0.8898766784950439
16.13493061065674,0.1516605596320086,-0.8853428358249005
16.147318840026855,0.1572359619933469,-0.8808571835005248
16.15822672843933,0.16225382411856998,-0.8768200964085726
16.169577836990356,0.16702580878295234,-0.8730485405777447
16.181702613830566,0.1723408722011998,-0.8688101817243411
16.193339109420776,0.17795497180637332,-0.8643730572174728
16.204766273498535,0.1835690714115317,-0.8599359327106155
16.216803073883057,0.1911997769596414,-0.8540117778381273
16.24204134941101,0.2025424822158114,-0.8452843618095179
16.267679452896118,0.2131041110526482,-0.8373028096012104
16.293668031692505,0.22590711529232316,-0.8275398996591756
16.318094968795776,0.23818144069727376,-0.8182640416873753
16.34376072883606,0.25073166506787486,-0.8093650263762429
16.360942840576172,0.25820171854847446,-0.8038209521372969
16.372210025787354,0.2637300612880249,-0.7998648162114027
16.383804321289062,0.26930940651781154,-0.7959809403486593
16.395051956176758,0.27604289730887405,-0.7912501596785861
16.42196750640869,0.288515462647324,-0.7822426228821815
16.43569326400757,0.29495619296922626,-0.7777175283281859
16.447739839553833,0.29996326256419875,-0.7742641640129881
16.460391998291016,0.30612990729183626,-0.7699714591120751
16.471811771392822,0.31467137895383934,-0.7640804258685101
16.488898515701294,0.31995707443467697,-0.7604009645248665
16.500213146209717,0.3258653088848325,-0.7563637682268908
16.512884378433228,0.33206895505746964,-0.7521247121140341
16.523964643478394,0.33792416444103013,-0.7480109897922118
16.535165309906006,0.3429010924170428,-0.7445143258186725
16.547325134277344,0.3481867878978885,-0.7408348644750242
16.559537649154663,0.3540241015586248,-0.7366957875861304
16.57073163986206,0.3595695495363266,-0.7327636645416805
16.581825256347656,0.3642537170431723,-0.7294726866842254
16.593400955200195,0.36981616595753447,-0.7255646504785075
16.604308366775513,0.37536161393525147,-0.7216325274340468
16.617554187774658,0.38088995667480147,-0.717676391508152
16.62900471687317,0.3867272703355458,-0.7135373146192534
16.639944314956665,0.39168898694718535,-0.7100190992636848
16.651184797286987,0.39666591492319037,-0.7065224352901508
16.663660526275635,0.40246710810386893,-0.7023328832918211
16.674885988235474,0.4079782416255082,-0.6983528088934108
16.68723177909851,0.41347206227314914,-0.6943488708816655
16.698188304901123,0.4186602349035142,-0.690533130160253
16.710322856903076,0.42446142808417714,-0.6863435781619335
16.7215576171875,0.4293924422877543,-0.6827824589633529
16.73333430290222,0.4348513275235573,-0.6787310200964445
16.744771003723145,0.440578973160508,-0.674441467238172
16.75714111328125,0.44602023651559913,-0.670366392022822
16.769352912902832,0.4514437756480281,-0.666267757105044
16.780319452285767,0.45656497734389323,-0.662362593128233
16.791528701782227,0.4617198584171328,-0.6585019955558006
16.803475379943848,0.46712557131833005,-0.6543798780247193
16.816164016723633,0.4730804915778132,-0.6497979846097041
16.827614545822144,0.478201693273694,-0.6458928206328828
16.838967084884644,0.4832888303057524,-0.6419433840512354
16.849944353103638,0.4883415199504128,-0.6379499719950488
16.86237072944641,0.4937112757064797,-0.6337811222699715
16.87383270263672,0.5010345527317721,-0.6280445665280115
16.889851331710815,0.5058228492483069,-0.6242937416198072
16.90123152732849,0.5111194814915878,-0.6200323719116436
16.913894653320312,0.5169531725642197,-0.6152970925078007
16.925655603408813,0.5222126439411661,-0.610989941971173
16.937442779541016,0.5272129505748635,-0.6069311310535819
16.948391914367676,0.5321778644128381,-0.6028291019121687
16.959747076034546,0.5377337606724962,-0.5983193120037387
16.971840620040894,0.542662908186434,-0.594174373248901
16.98363471031189,0.5479036505709612,-0.5898444535996337
16.994927406311035,0.5531255653926435,-0.5854918462769545
17.007312536239624,0.558602395963681,-0.580886358771582
17.01942539215088,0.5638053850061832,-0.5765111456414652
17.030343532562256,0.5687524622056594,-0.5723876229147258
17.04189133644104,0.5739743770273273,-0.5680350155920586
17.0534565448761,0.5789392908653095,-0.5639329864506399
17.066357851028442,0.5846899629649043,-0.5590972245699943
17.077767372131348,0.5896370401643958,-0.554973701843244
17.089243412017822,0.5948210055673478,-0.5505759651968444
17.100664377212524,0.5999858498282278,-0.5461557877489132
17.11168599128723,0.6048606533843092,-0.5419470702738372
17.124046802520752,0.6107739053499223,-0.536751597341236
17.135643005371094,0.61537788648623,-0.5327766975036567
17.14756751060486,0.620270896838631,-0.5285891609740475
17.15917992591858,0.625397207748069,-0.5241243517541596
17.171189785003662,0.6307728913531628,-0.5194011945427118
17.18270182609558,0.6356110065977516,-0.5151503530524051
17.19387722015381,0.6402149877340523,-0.5111754532148319
17.205122709274292,0.6455701370889942,-0.5064290268062035
17.218051195144653,0.6511930439116814,-0.5014452790771464
17.229411602020264,0.6560311591562632,-0.4971944375868459
17.2406325340271,0.6608322221005312,-0.49290179188741856
17.251665115356445,0.6654015531648598,-0.48888710825768805
17.263362169265747,0.6707153322408057,-0.4840944117100057
17.297847747802734,0.6853282246996575,-0.47091449620387293
17.30944299697876,0.6903166510073523,-0.4662961428303436
17.321332693099976,0.6955464933436902,-0.461411991173883
17.332900047302246,0.7005148435631996,-0.4567720471002553
17.34413981437683,0.7054630242473842,-0.4521105995968497
17.356093645095825,0.7101315782189002,-0.44767420282574405
17.36835479736328,0.7150999284384038,-0.4430342587521239
17.379793643951416,0.7194909056726513,-0.4388252458095701
17.391075611114502,0.7246352374595646,-0.4338511088258901
17.402974128723145,0.7295223526571285,-0.4291256786913989
17.414027452468872,0.734388928341788,-0.4243790982364084
17.42726469039917,0.7394899226984537,-0.41936052823694386
17.43820571899414,0.743825767901606,-0.4150947437374113
17.44963049888611,0.7484362080239111,-0.41059798330637265
17.461783170700073,0.753261430472016,-0.40580937043451487
17.474140405654907,0.7590772946063087,-0.3999873511668195
17.486125707626343,0.7633572738313653,-0.39566551719783566
17.49761199951172,0.7679088196755918,-0.39110915429268645
17.50906252861023,0.7729219911625954,-0.3860028542713252
17.521254539489746,0.7776845040752376,-0.38115186925104244
17.533043146133423,0.7824259341321649,-0.37628027547431153
17.54412078857422,0.7873946267869862,-0.3711306850470849
17.555691719055176,0.7916180155435648,-0.3667535331839616
17.567549228668213,0.7958603476997735,-0.3623947387521388
17.5799560546875,0.80127657171078,-0.3566829960001828
17.5912082195282,0.8054999604673846,-0.35230584413703264
17.602820873260498,0.8101561713005985,-0.347352735457968
17.613908767700195,0.8145469265349021,-0.34264123028786053
17.627237558364868,0.8196216046834143,-0.3371002498464119
17.6383798122406,0.8237490920867336,-0.33263255259193
17.649730920791626,0.8281398473210505,-0.32792104742180933
17.66119122505188,0.8329728741291474,-0.3226439231918703
17.673678398132324,0.8380475522776533,-0.31710294275042855
17.689709424972534,0.8434726408281841,-0.3109151646192234
17.70125675201416,0.8480203602572315,-0.30586226120584986
17.713017463684082,0.8525461231576836,-0.300789682465297
17.725072622299194,0.8570498444067742,-0.2956975238051162
17.737231492996216,0.8612955658811083,-0.29085491483286446
17.7481849193573,0.8654991245557946,-0.2859756621273793
17.759684324264526,0.8695089726148841,-0.2814020869869236
17.77088975906372,0.8739236843462759,-0.2762325700618203
17.783334970474243,0.8780847639724857,-0.27131704070682133
17.79475450515747,0.8822030514972297,-0.26636560451526503
17.806755542755127,0.8862782370869221,-0.2613786340015084
17.818101167678833,0.8903100141507039,-0.25635650435326973
17.8301682472229,0.8943417912144676,-0.25133437470505243
17.841390132904053,0.8978867380702639,-0.24683934274964478
17.85301637649536,0.9018307913955096,-0.2417480309478463
17.86404013633728,0.9055138836238996,-0.23690744186599635
17.87691855430603,0.9091336867589959,-0.23201934445640643
17.888240575790405,0.9124804173964001,-0.22737484722518872
17.89957308769226,0.9158271480338201,-0.22273034999394795
17.910738706588745,0.9192969124525703,-0.21773463123678785
17.922029733657837,0.92230086107204,-0.213287185498914
17.934111833572388,0.9260813954417771,-0.20763730543033498
17.94628596305847,0.9289686119840878,-0.20311320756031115
17.957727909088135,0.9316450097060589,-0.19887906922006945
17.96919059753418,0.9347600489492165,-0.1936547987891155
17.981249809265137,0.9374484075644524,-0.18900977899845436
17.992913246154785,0.9400761056869017,-0.18433017607972052
18.004204750061035,0.9428138047034217,-0.17930255590857713
18.016164541244507,0.944966990436553,-0.17517964361979382
18.02834153175354,0.9472278432157692,-0.17070979161317282
18.039817810058594,0.9494498410227481,-0.16622049790521035
18.051223516464233,0.9515542826551102,-0.1616749112911016
18.063108205795288,0.9534717229000695,-0.15743721882357037
18.074187517166138,0.9557635929783661,-0.15219133548188696
18.09168815612793,0.9576488723937825,-0.1475505646648476
18.1037859916687,0.9594938284750976,-0.14289361616733387
18.115628957748413,0.9610405375704045,-0.13888837975105922
18.127655744552612,0.9624264558947521,-0.1352047535011909
18.153603315353394,0.9655887083886915,-0.1264561183313851
18.178821325302124,0.9680060651267794,-0.11896506538783706
18.191109895706177,0.9690752883281288,-0.11555063881633766
18.202669858932495,0.9699069422832368,-0.11281178105779814
18.213918685913086,0.9709465097271259,-0.10938820885961036
18.229270696640015,0.9722592932459575,-0.1049260105252444
18.241501808166504,0.9731547373217784,-0.10183288378504672
18.25338578224182,0.973938756149579,-0.09908001172114456
18.264325857162476,0.9746247726239027,-0.09667124866523688
18.27667260169983,0.9753968452436761,-0.09391500230608188
18.28902840614319,0.9760724087859809,-0.09150328674181003
18.30020523071289,0.9768325206762116,-0.08874371792821938
18.31182360649109,0.9774026045938838,-0.08667404131802856
18.32342839241028,0.9780677024978339,-0.08425941860614226
18.33611559867859,0.978722322253946,-0.08184193416203435
18.347556591033936,0.9792924061716182,-0.07977225755184353
18.359224319458008,0.9798624900892854,-0.0777025809416707
18.370155096054077,0.9803375600206822,-0.07597785043316636
18.381405115127563,0.9809166144855163,-0.0739106656637867
18.39381504058838,0.9813991598728765,-0.0721880116893081
18.405148029327393,0.9818742298042659,-0.07046328118083073
18.417500019073486,0.9823567751916261,-0.06874062720635211
18.428824186325073,0.9827487846055263,-0.06736419117440098
18.44103240966797,0.9832387963729011,-0.06564364613446437
18.452316999435425,0.9835283236053167,-0.064610053749779
18.46427869796753,0.9839203330192171,-0.06323361771782791
18.47666907310486,0.9844103447865943,-0.06151307267788228
18.493468761444092,0.9847963810964838,-0.06013494949829589
18.50492525100708,0.9849893992514311,-0.05944588790849372
18.517271757125854,0.9852789264838443,-0.058412295523817326
18.52825689315796,0.9856589824289582,-0.057032511117026445
18.5406334400177,0.9858490104015164,-0.05634261891362649
18.55165958404541,0.9860390383740721,-0.055652726710235544
18.56328773498535,0.9863240803329058,-0.054617888405149126
18.574708223342896,0.9865111145489388,-0.053927178563971584
18.587628602981567,0.9866046316569541,-0.0535818236433873
18.599286556243896,0.9867886685986311,-0.05289030915563974
18.610301733016968,0.9869727055403058,-0.052198794667901206
18.621490478515625,0.9870647240111455,-0.05185303742402293
18.63312077522278,0.9872457602170077,-0.05116073129605619
18.64755415916443,0.9874267964228699,-0.05046842516808944
18.659067630767822,0.9875173145258009,-0.05012227210410607
18.670111179351807,0.987695346590838,-0.04942918735712444
18.681312084197998,0.9877843626233542,-0.049082644983642655
18.693822145462036,0.9878718749111985,-0.04873571981860045
18.70518183708191,0.9878718749111985,-0.04873571981860045
18.71750235557556,0.9879608909437148,-0.04838917744511866
