10.392983198165894,-0.9883863755179207,0.047226886208000855
10.40499496459961,-0.9885572134925177,0.046531993216894406
10.416905879974365,-0.9886426324798206,0.04618454672132308
10.42797327041626,-0.9889782779014149,0.044793292006479
10.43926477432251,-0.9892209520571602,0.04374770676838353
10.451104879379272,-0.9896027025089972,0.04199995010364484
10.468247652053833,-0.990083972990597,0.0395420776931775
10.479461669921875,-0.9904323533249856,0.037423779299038756
10.490341186523438,-0.9907255011212285,0.035297133744773224
10.502876996994019,-0.9910424568238779,0.03245239663826989
10.513906002044678,-0.9912605433395959,0.02959837694767074
10.524913311004639,-0.9913497594655009,0.027453476617399445
10.536657571792603,-0.9913831386510995,0.025306981154108597
10.547844886779785,-0.9913456713932651,0.021729252367426274
10.56014084815979,-0.99121088978633,0.019228334139839744
10.571373462677002,-0.9909701685343895,0.01637613439202699
10.582947969436646,-0.9905882156368367,0.013178734650358799
10.594053506851196,-0.9901380548258653,0.010352014754998726
10.607290744781494,-0.9895216185508535,0.0071914357822947875
10.618634939193726,-0.9889466083139986,0.0047537891118040465
10.629765272140503,-0.9880198420749924,0.0012979749668058029
10.641193389892578,-0.9869737580531414,-0.002123611695220995
10.6537504196167,-0.9858096153406529,-0.005506852569229009
10.664989709854126,-0.9844007351068058,-0.009181757797542099
10.677366256713867,-0.9828809578542963,-0.012812205297972688
10.688719511032104,-0.9815479157151338,-0.0157434595993027
10.699772119522095,-0.979531057818933,-0.01993474803710952
10.712053298950195,-0.9776873950242607,-0.02341192784985566
10.723540782928467,-0.9754552408997352,-0.027492626626624727
10.734686851501465,-0.9731002518494187,-0.03150369146222926
10.746934413909912,-0.9706588457575294,-0.03546275079961395
10.759197473526001,-0.9681321705598027,-0.03936794311082648
10.77039384841919,-0.9655214142850219,-0.0432174321959164
10.781550168991089,-0.9628939878473726,-0.04705556258154713
10.793350219726562,-0.9597670304491543,-0.05141739915912253
10.806248426437378,-0.9561591301850625,-0.05631428865212023
10.817661762237549,-0.953135702742076,-0.060308023589165954
10.829098463058472,-0.949422472927052,-0.06512553283806154
10.840044736862183,-0.9463131613494128,-0.06905277280571602
10.851258754730225,-0.942759662403537,-0.07354104705446714
10.868879318237305,-0.9373712199202205,-0.08022697247337365
10.880059957504272,-0.9333298880577341,-0.08524141653755127
10.891412258148193,-0.9299259935852794,-0.08939075182410483
10.903333902359009,-0.925135392988679,-0.09517909947150949
10.915630578994751,-0.9212370025090039,-0.09984804182394409
10.927608013153076,-0.9173588972641361,-0.10453384706232031
10.938957214355469,-0.9130018726103912,-0.10975207675032277
10.949954748153687,-0.9091237673655175,-0.11443788198870618
10.961885929107666,-0.9050390939985848,-0.1194170843325546
10.973455429077148,-0.9007274943334915,-0.12467290902883753
10.98486852645874,-0.8963931414127545,-0.12990998547173158
10.996926307678223,-0.8920815417476546,-0.13516581016802123
11.009195804595947,-0.8877927764328616,-0.14044028426359187
11.02019715309143,-0.8837514445703745,-0.14545472832776904
11.031535148620605,-0.8797537582562679,-0.1505040368576095
11.043459415435791,-0.8753118845739195,-0.15611437966855438
11.054629802703857,-0.8710921045756916,-0.1614442053389468
11.067588329315186,-0.8668954789965232,-0.1667922815031844
11.079081296920776,-0.8622827823235508,-0.1727233734740202
11.090080499649048,-0.8583511272252965,-0.17782426561989875
11.101501703262329,-0.8544638633700239,-0.1829590676818215
11.113906383514404,-0.8499287222055378,-0.188949670087397
11.125221014022827,-0.8455848374915169,-0.1946362203472138
11.137315273284912,-0.8415524783728231,-0.2001092144864492
11.148234844207764,-0.8374964215378566,-0.20556466935856937
11.160947561264038,-0.8330922389738145,-0.2116521974698876
11.172227382659912,-0.8292946316013351,-0.21685365791287908
11.183687686920166,-0.8253338188969271,-0.22237865091113873
11.194939374923706,-0.8209296363328891,-0.2284661790224484
11.207157611846924,-0.8169688236284757,-0.23399117202071562
11.226706266403198,-0.8097167972746676,-0.24420033777156605
11.237952947616577,-0.8060099891941275,-0.24946689132676678
11.24931526184082,-0.8019422242977974,-0.2553541213217909
11.271489381790161,-0.7944168592395873,-0.2662454968125848
11.300210237503052,-0.7837743864514,-0.28150628334643846
11.33282732963562,-0.7737973210378652,-0.2963554194289634
11.356259822845459,-0.7655108222729526,-0.30846029218367216
11.38284707069397,-0.7575807639641899,-0.3203741046836179
11.403491020202637,-0.7509534595743642,-0.33014588466884004
11.414638042449951,-0.7471133747808735,-0.33575545984784355
11.426804542541504,-0.743045609884544,-0.3416426898428681
11.441319227218628,-0.7375541272745034,-0.3495904503361416
11.467247009277344,-0.7295846540633764,-0.36060597739471906
11.479035139083862,-0.7259007211751606,-0.3658885573487412
11.489936351776123,-0.7222167882869347,-0.37117113730277906
11.502153873443604,-0.7183281924604862,-0.37674719392091144
11.513768196105957,-0.7146672040537859,-0.38204570091643775
11.525582313537598,-0.7105485284087556,-0.3878974270888614
11.537338972091675,-0.707090928246875,-0.3929015725846307
11.548821926116943,-0.7033613146934764,-0.39815200068508694
11.560807943344116,-0.6990633929905571,-0.40431501063144737
11.571843385696411,-0.6959364355923389,-0.40867684720902275
11.583581686019897,-0.6919516989867835,-0.41418461073830015
11.594830751419067,-0.6881993501089216,-0.41941881463139064
11.607720613479614,-0.6839797863617247,-0.42519821512359873
11.61910605430603,-0.6803931571766039,-0.43011070554198166
11.630054473876953,-0.6763607980579046,-0.4355836996812245
11.641452550888062,-0.6727741688727892,-0.44049619009959995
11.65305495262146,-0.6689540391813884,-0.44568113191572795
11.669856071472168,-0.6631566016498399,-0.4534085503839352
11.681296825408936,-0.6592693377945668,-0.4585433524458575
11.693023920059204,-0.6551661148362303,-0.46396342128898777
11.705606698989868,-0.6506050358865038,-0.46993429906180006
11.717433214187622,-0.6471496902373729,-0.4744985675612833
11.72836422920227,-0.6434364604223539,-0.4793160768101711
11.739667177200317,-0.6395269641797318,-0.4844339720440107
11.750859498977661,-0.6355732241743335,-0.4895177651618615
11.763393878936768,-0.6311313504919844,-0.4951281079728059
11.774301290512085,-0.6273557578619927,-0.49989689936210124
11.78635287284851,-0.6231129028123932,-0.5052083742926811
11.797776460647583,-0.6195594038665121,-0.5096966485414399
11.8099844455719,-0.6148445166936154,-0.5155468332829739
11.82134199142456,-0.6110482779650116,-0.5202992055893007
11.83287787437439,-0.6067824276657154,-0.5255922298792707
11.8439359664917,-0.6024936623509224,-0.5308667039748414
11.855216264724731,-0.5981820626858284,-0.5361225286711239
11.868001222610474,-0.5943039574409601,-0.5408083339094997
11.879503011703491,-0.5902192840740156,-0.5457875362533625
11.89075493812561,-0.5860915765073084,-0.5507311222735772
11.901684761047363,-0.5824225031146828,-0.5551254209582098
11.914029121398926,-0.5773775271998137,-0.5611675816495904
11.925217866897583,-0.5737084538071817,-0.5655618803342296
11.93757939338684,-0.5695807462404691,-0.570505466354452
11.948943853378296,-0.5649469337691474,-0.5759583527686932
11.961024045944214,-0.5605448119213787,-0.5811385948622388
11.972333908081055,-0.5565860071935189,-0.5857564229392617
11.983789443969727,-0.5526472665928975,-0.5903913763913654
11.995043992996216,-0.5482227201323404,-0.5955524783598132
12.00735855102539,-0.5440098790072068,-0.6004237186690052
12.019469738006592,-0.5393289444237228,-0.6058362079014445
12.030663967132568,-0.5353501500277611,-0.6104368237490163
12.04154109954834,-0.5313913452998952,-0.6150546518260462
12.053297519683838,-0.5269000259944047,-0.620157752433162
12.070157766342163,-0.5205491348660672,-0.6274371383956469
12.081520557403564,-0.5163362937409219,-0.6323083787048535
12.093357801437378,-0.5120813596620465,-0.6371428950694776
12.104265213012695,-0.5075900403565498,-0.6422459956766003
12.117736577987671,-0.5030766318293352,-0.647329570046722
12.129207611083984,-0.4985853125238384,-0.6524326706538447
12.143094539642334,-0.4933592605449571,-0.6583189146613554
12.154180765151978,-0.48884585201774255,-0.663402489031477
12.167484998703003,-0.48454914509910424,-0.6681999177334965
12.17896032333374,-0.47977502630061397,-0.673530394069075
12.189956665039062,-0.47595573126182594,-0.6777947751375341
12.201306343078613,-0.4716590243431928,-0.6825922038395457
12.213712930679321,-0.46707985914698036,-0.6876166272906633
12.225062131881714,-0.46272110005053163,-0.6923577486384586
12.237498760223389,-0.45812018767093565,-0.6973622656166991
12.248794317245483,-0.4539842012785487,-0.7018220960601542
12.260354995727539,-0.4491411356158181,-0.7070900086688263
12.272894382476807,-0.4444969888854606,-0.7120544306953192
12.283956527709961,-0.43983135580090876,-0.7169986649970514
12.295573949813843,-0.4356376958719994,-0.721404307676948
12.307558059692383,-0.43170874169552426,-0.7255678734047356
12.319663047790527,-0.4270003995655639,-0.7304714536576941
12.331100702285767,-0.4225197599696537,-0.7350975623147963
12.342650890350342,-0.41828804479574844,-0.7394666649353816
12.35387396812439,-0.41382751014630453,-0.7441121620171399
12.367271661758423,-0.40832670315170955,-0.7497424915110891
12.378243923187256,-0.40403850293688975,-0.7540561685898435
12.389623641967773,-0.40002019512347475,-0.7581335651620569
12.400856733322144,-0.3949532919195365,-0.763186552415954
12.412034749984741,-0.39089976935638454,-0.767228942219073
12.424194097518921,-0.38557952099224413,-0.772534578835669
12.436161041259766,-0.3815085052499444,-0.7765593510424136
12.44758677482605,-0.3769286125398473,-0.781087219775011
12.459733486175537,-0.3710265651977311,-0.7868218532552985
12.476757764816284,-0.36500156310549364,-0.7924271662501862
12.4888014793396,-0.3606025798932664,-0.796627811167435
12.499806880950928,-0.35596416602114256,-0.8010957110372311
12.511044025421143,-0.35128717363725276,-0.8055232108663165
12.523411273956299,-0.3466101812533499,-0.8099507106954152
12.534286975860596,-0.3416330056119468,-0.814581186647703
12.546758890151978,-0.3369368557419207,-0.8189883613542069
12.557920694351196,-0.3327286784074874,-0.822869495726064
12.570142984390259,-0.32746845673946173,-0.8277209136908684
12.581341743469238,-0.322734257238222,-0.8320871898592087
12.593090295791626,-0.31796236427666213,-0.8364122389986902
12.604358911514282,-0.3131531368614423,-0.84069573572032
12.616360902786255,-0.30807673014536546,-0.8452172044820515
12.62915325164795,-0.3032489710096311,-0.8494798039498467
12.64009141921997,-0.2986894207147624,-0.8535055923361061
12.6514573097229,-0.2941473726003936,-0.8575511170176413
12.66333818435669,-0.2890125700111697,-0.8620061576773649
12.675654172897339,-0.2835872276839187,-0.8666721890637143
12.687330722808838,-0.2795182209384889,-0.8701717126034685
12.698303937911987,-0.2748554698922444,-0.8740775062108213
12.709652662277222,-0.2702097015958568,-0.8780034848096462
12.722089529037476,-0.26496072456792724,-0.8823234182663804
12.733568906784058,-0.26055635177097153,-0.8859803925287553
12.744705200195312,-0.2555308121499309,-0.8900079183217038
12.756691932678223,-0.25103278199851853,-0.8935490601216652
12.7678701877594,-0.24653475184712,-0.8970902019216141
12.78013014793396,-0.24112120025562198,-0.9012020195338792
12.791332244873047,-0.23683330571906414,-0.9044296256658296
12.802880764007568,-0.23192651225355462,-0.9080240447995839
12.813992738723755,-0.22697336972450746,-0.9115543210082125
12.827205657958984,-0.22229722263711282,-0.9148566851473398
12.838313579559326,-0.21756449420510177,-0.9180774369352267
12.849853754043579,-0.21312756130008864,-0.9210968917363718
12.861093282699585,-0.207125748353467,-0.9249936121035385
12.878205299377441,-0.20163469777658447,-0.928358931710594
12.902003526687622,-0.19095765498819234,-0.9349026087243206
12.927446365356445,-0.1822182485934874,-0.9398002515114082
12.938953399658203,-0.17776623024948418,-0.9420960226051693
12.950026512145996,-0.173933290033434,-0.9440306535974009
12.961373805999756,-0.1707391731867354,-0.9456428460909226
12.972970485687256,-0.16624800078685514,-0.9478610441715586
13.012168169021606,-0.15207295032953586,-0.9547098320745709
13.042224168777466,-0.14388880773198004,-0.9583194690519938
13.071034669876099,-0.1359027938992026,-0.9614754941099105
13.099569320678711,-0.12786323523092052,-0.9644925137522267
13.124389410018921,-0.12040214152517344,-0.9670008136777007
13.151433944702148,-0.11356229637909196,-0.9691038368929521
13.175654411315918,-0.10770388660822527,-0.9707395342912747
13.199753046035767,-0.10286219677680043,-0.9720236962073354
13.232642650604248,-0.09592984524545803,-0.9737981511975098
13.246631860733032,-0.09385013978606518,-0.9743304876945593
13.258108139038086,-0.09177043432665422,-0.9748628241916133
13.273122310638428,-0.0889974937141244,-0.9755726061876809
13.286173343658447,-0.08726440583129552,-0.9760162199352226
13.298381090164185,-0.08553325813984161,-0.9764673456793599
13.309814929962158,-0.08414991818800723,-0.9768342490839483
13.321240186691284,-0.08242074324821655,-0.9772928783396835
13.333768129348755,-0.08069357358322772,-0.9777590024809005
13.345050573348999,-0.07931346805946478,-0.9781378906885803
13.357219696044922,-0.0775883361547634,-0.9786115009481795
13.368370771408081,-0.0765544991363741,-0.9789001534302367
13.379960298538208,-0.07483354005464125,-0.9793887090622967
13.393805265426636,-0.07380224559612675,-0.9796863178253181
13.405098915100098,-0.07242892016826774,-0.9800890892242973
13.417234182357788,-0.07174225745433374,-0.9802904749237881
13.428212642669678,-0.07105559474040872,-0.9804918606232763
13.440784931182861,-0.06968226931254078,-0.9808946320222581
13.451828241348267,-0.06899560659861576,-0.9810960177217464
13.463883399963379,-0.06830894388469073,-0.9812974034212346
13.475128412246704,-0.06727894981378531,-0.9815994819704723
13.488049745559692,-0.06659142017478163,-0.9817978878124849
13.499513864517212,-0.06590389053577796,-0.9819962936544975
13.51074481010437,-0.06487259607725453,-0.9822939024175216
13.521780967712402,-0.06452840426090078,-0.9823916135439356
13.534089803695679,-0.06418379192144066,-0.9824878310379537
13.545653581619263,-0.0634937391595547,-0.9826772751417948
13.557491064071655,-0.06280368639766876,-0.982866719245636
13.568838357925415,-0.0624586600167213,-0.9829614412975578
13.579827070236206,-0.062113226083728934,-0.9830546661257997
13.592092037200928,-0.06176739109577259,-0.9831463919769462
13.603553056716919,-0.061074932019198246,-0.9833268422745992
13.614718198776245,-0.06072870248090205,-0.983417067423428
13.627289772033691,-0.06003546732777411,-0.9835945129224438
13.639453172683716,-0.05968884975121014,-0.9836832356719517
13.650710821151733,-0.05934185065572184,-0.9837704543534003
13.661688089370728,-0.05934185065572184,-0.9837704543534003
13.677940845489502,-0.058647102479953084,-0.9839418802992755
13.690165042877197,-0.05829972839205965,-0.9840275932722155
13.701513528823853,-0.057951985845360474,-0.9841117989245108
13.713208436965942,-0.05760461175747608,-0.9841975118974484
13.724175453186035,-0.05760461175747608,-0.9841975118974484
13.736080408096313,-0.057256869210776905,-0.9842817175497438
13.74839186668396,-0.05690876474576531,-0.9843644142976181
13.759876728057861,-0.05690876474576531,-0.9843644142976181
13.771078109741211,-0.05690876474576531,-0.9843644142976181
13.782367706298828,-0.05621327965236697,-0.9845328256022089
13.794896364212036,-0.05621327965236697,-0.9845328256022089
13.807258129119873,-0.05621327965236697,-0.9845328256022089
13.818197965621948,-0.05621327965236697,-0.9845328256022089
13.8295259475708,-0.05621327965236697,-0.9845328256022089
13.841514110565186,-0.05621327965236697,-0.9845328256022089
13.853086709976196,-0.05621327965236697,-0.9845328256022089
13.86471676826477,-0.05621327965236697,-0.9845328256022089
13.87671947479248,-0.05621327965236697,-0.9845328256022089
13.888020515441895,-0.05621327965236697,-0.9845328256022089
13.900156021118164,-0.05621327965236697,-0.9845328256022089
13.911344528198242,-0.05621327965236697,-0.9845328256022089
13.923207521438599,-0.05621327965236697,-0.9845328256022089
13.934194564819336,-0.05621327965236697,-0.9845328256022089
13.947486162185669,-0.05621327965236697,-0.9845328256022089
13.960894584655762,-0.05621327965236697,-0.9845328256022089
13.972060680389404,-0.05621327965236697,-0.9845328256022089
13.983682632446289,-0.05621327965236697,-0.9845328256022089
13.996761798858643,-0.05621327965236697,-0.9845328256022089
14.00789475440979,-0.05621327965236697,-0.9845328256022089
14.0194091796875,-0.05621327965236697,-0.9845328256022089
14.030699968338013,-0.05621327965236697,-0.9845328256022089
14.043126821517944,-0.05621327965236697,-0.9845328256022089
14.054147481918335,-0.05621327965236697,-0.9845328256022089
14.069046020507812,-0.05621327965236697,-0.9845328256022089
14.081166505813599,-0.05621327965236697,-0.9845328256022089
14.093806266784668,-0.05621327965236697,-0.9845328256022089
14.1056387424469,-0.05621327965236697,-0.9845328256022089
14.117361545562744,-0.05621327965236697,-0.9845328256022089
14.128247261047363,-0.05621327965236697,-0.9845328256022089
14.139583349227905,-0.05621327965236697,-0.9845328256022089
14.151848077774048,-0.05621327965236697,-0.9845328256022089
14.163583517074585,-0.05621327965236697,-0.9845328256022089
14.174826383590698,-0.05621327965236697,-0.9845328256022089
14.186789512634277,-0.05621327965236697,-0.9845328256022089
14.199028968811035,-0.05621327965236697,-0.9845328256022089
14.209948539733887,-0.05621327965236697,-0.9845328256022089
14.221320629119873,-0.05621327965236697,-0.9845328256022089
14.232843160629272,-0.05621327965236697,-0.9845328256022089
14.244763851165771,-0.05621327965236697,-0.9845328256022089
14.25679063796997,-0.05621327965236697,-0.9845328256022089
14.267892837524414,-0.05621327965236697,-0.9845328256022089
14.27940821647644,-0.05621327965236697,-0.9845328256022089
14.2903892993927,-0.05621327965236697,-0.9845328256022089
14.302709341049194,-0.05621327965236697,-0.9845328256022089
14.313865661621094,-0.05621327965236697,-0.9845328256022089
14.325062036514282,-0.05621327965236697,-0.9845328256022089
14.339255571365356,-0.05621327965236697,-0.9845328256022089
14.351345300674438,-0.05621327965236697,-0.9845328256022089
14.363090991973877,-0.05621327965236697,-0.9845328256022089
14.374257564544678,-0.05621327965236697,-0.9845328256022089
14.386176109313965,-0.05621327965236697,-0.9845328256022089
14.398311614990234,-0.05621327965236697,-0.9845328256022089
14.409828424453735,-0.05621327965236697,-0.9845328256022089
14.421045541763306,-0.05621327965236697,-0.9845328256022089
14.432279825210571,-0.05621327965236697,-0.9845328256022089
14.443664312362671,-0.05621327965236697,-0.9845328256022089
14.457651615142822,-0.05621327965236697,-0.9845328256022089
14.472655057907104,-0.05621327965236697,-0.9845328256022089
14.483909368515015,-0.05621327965236697,-0.9845328256022089
14.495672464370728,-0.05621327965236697,-0.9845328256022089
14.508390188217163,-0.05621327965236697,-0.9845328256022089
14.519914865493774,-0.05621327965236697,-0.9845328256022089
14.53113579750061,-0.05621327965236697,-0.9845328256022089
14.54287052154541,-0.05621327965236697,-0.9845328256022089
14.555046319961548,-0.05621327965236697,-0.9845328256022089
14.5672025680542,-0.05621327965236697,-0.9845328256022089
14.578327894210815,-0.05621327965236697,-0.9845328256022089
14.589636325836182,-0.05621327965236697,-0.9845328256022089
14.601781129837036,-0.05621327965236697,-0.9845328256022089
14.613332271575928,-0.05621327965236697,-0.9845328256022089
14.624218940734863,-0.05621327965236697,-0.9845328256022089
14.636136531829834,-0.05621327965236697,-0.9845328256022089
14.647708415985107,-0.05621327965236697,-0.9845328256022089
14.659853219985962,-0.05621327965236697,-0.9845328256022089
14.67118525505066,-0.05621327965236697,-0.9845328256022089
14.682682991027832,-0.05621327965236697,-0.9845328256022089
14.693851709365845,-0.05621327965236697,-0.9845328256022089
14.707184076309204,-0.05621327965236697,-0.9845328256022089
14.718168020248413,-0.05621327965236697,-0.9845328256022089
14.729389667510986,-0.05621327965236697,-0.9845328256022089
14.740321636199951,-0.05621327965236697,-0.9845328256022089
14.751517534255981,-0.05621327965236697,-0.9845328256022089
14.764116048812866,-0.05621327965236697,-0.9845328256022089
14.775633335113525,-0.05621327965236697,-0.9845328256022089
14.787317752838135,-0.05621327965236697,-0.9845328256022089
14.798382043838501,-0.05621327965236697,-0.9845328256022089
14.810394287109375,-0.05621327965236697,-0.9845328256022089
14.821998119354248,-0.05621327965236697,-0.9845328256022089
14.833451986312866,-0.05621327965236697,-0.9845328256022089
14.844338178634644,-0.05621327965236697,-0.9845328256022089
14.857542037963867,-0.05621327965236697,-0.9845328256022089
14.872251987457275,-0.05621327965236697,-0.9845328256022089
14.883930921554565,-0.05621327965236697,-0.9845328256022089
14.895626068115234,-0.05621327965236697,-0.9845328256022089
14.90827488899231,-0.05621327965236697,-0.9845328256022089
14.919567346572876,-0.05621327965236697,-0.9845328256022089
14.930907011032104,-0.05621327965236697,-0.9845328256022089
14.942251443862915,-0.05621327965236697,-0.9845328256022089
14.953647375106812,-0.05621327965236697,-0.9845328256022089
14.966184377670288,-0.05621327965236697,-0.9845328256022089
14.97762155532837,-0.05621327965236697,-0.9845328256022089
14.98890233039856,-0.05621327965236697,-0.9845328256022089
15.00004243850708,-0.05621327965236697,-0.9845328256022089
15.012126445770264,-0.05621327965236697,-0.9845328256022089
15.023532152175903,-0.05621327965236697,-0.9845328256022089
15.03437614440918,-0.05621327965236697,-0.9845328256022089
15.04631495475769,-0.05621327965236697,-0.9845328256022089
15.05838418006897,-0.05621327965236697,-0.9845328256022089
15.069679498672485,-0.05621327965236697,-0.9845328256022089
15.08091115951538,-0.05621327965236697,-0.9845328256022089
15.092034339904785,-0.05621327965236697,-0.9845328256022089
15.103524208068848,-0.05621327965236697,-0.9845328256022089
15.11623477935791,-0.05621327965236697,-0.9845328256022089
15.127816200256348,-0.05621327965236697,-0.9845328256022089
15.1392080783844,-0.05621327965236697,-0.9845328256022089
15.15018105506897,-0.05621327965236697,-0.9845328256022089
15.162684202194214,-0.05621327965236697,-0.9845328256022089
15.173816442489624,-0.05621327965236697,-0.9845328256022089
15.185145378112793,-0.05621327965236697,-0.9845328256022089
15.197443962097168,-0.05621327965236697,-0.9845328256022089
15.208356380462646,-0.05621327965236697,-0.9845328256022089
15.220685005187988,-0.0558655371056678,-0.9846170312545043
15.231796026229858,-0.0558655371056678,-0.9846170312545043
15.243620872497559,-0.0558655371056678,-0.9846170312545043
15.254908323287964,-0.05551816301778342,-0.984702744227442
15.267930030822754,-0.05586516211327172,-0.9846155255459934
15.28324031829834,-0.05586516211327172,-0.9846155255459934
15.294720649719238,-0.05551778802537829,-0.9847012385189333
15.30725622177124,-0.05551778802537829,-0.9847012385189333
15.319585084915161,-0.05517004547867911,-0.9847854441712287
15.330825805664062,-0.05482267139079472,-0.9848711571441663
15.341988325119019,-0.05482267139079472,-0.9848711571441663
15.353509426116943,-0.05447492884409554,-0.9849553627964617
15.366770505905151,-0.05447492884409554,-0.9849553627964617
15.377926588058472,-0.05412682437909302,-0.9850380595443338
15.389354705810547,-0.05377836454308757,-0.9851192458323861
15.400333881378174,-0.05308074723713947,-0.9852785944348535
15.412830114364624,-0.05273264277213694,-0.9853612911827256
15.424159288406372,-0.05168726326415688,-0.985604850046874
15.436084747314453,-0.05133915879915435,-0.9856875467947461
15.447625875473022,-0.05064367370574691,-0.9858559580993389
15.459638357162476,-0.04994818861234856,-0.9860243694039296
15.471555233001709,-0.049252703518950204,-0.9861927807085202
15.48346996307373,-0.048558705327964545,-0.9863672180714195
15.494638681411743,-0.0475177080414906,-0.9866288741157673
