7.165094614028931,0.04696171501865587,0.9894896599704446
7.1812214851379395,0.04591286756831151,0.9897178227674033
7.192346811294556,0.04486501949288577,0.9899505321286168
7.204251766204834,0.043466556225775145,0.9902547491912251
7.215604066848755,0.04171524455909375,0.9906198439909625
7.2272326946258545,0.03925696576786911,0.991099034399107
7.237963914871216,0.03784662805598422,0.9913423347671194
7.254044055938721,0.03360359020176412,0.9919987321645342
7.265671968460083,0.03111421143727404,0.9922739619404458
7.2775115966796875,0.028263055732716383,0.9925267489474839
7.288193464279175,0.025762123262264906,0.9926612660127111
7.300267219543457,0.022900565353964224,0.9927281723655793
7.311455965042114,0.020038408713841646,0.992695776533113
7.323314189910889,0.01682168450202229,0.9925476601295521
7.334210157394409,0.01396968947858629,0.9923045253749229
7.346130132675171,0.010772614097973605,0.9919198669100622
7.3583385944366455,0.008296226798839823,0.9915453485429762
7.369707345962524,0.005128383261089645,0.9909674035246196
7.381091833114624,0.001629670780312536,0.9902186992816865
7.392903566360474,-0.0018409650276801754,0.9893490820355697
7.405053377151489,-0.005623185000461223,0.9882606501230808
7.417271852493286,-0.009711300842059852,0.9869485767099869
7.428192377090454,-0.01275074627274371,0.9858850803076123
7.4397056102752686,-0.016771641469958597,0.9843795473160204
7.451853513717651,-0.020752003993294146,0.982769906996364
7.464053153991699,-0.025345328010276526,0.9807718062167511
7.4756810665130615,-0.028897738284130007,0.9790776240551458
7.4874420166015625,-0.032748721384575,0.9771791623262914
7.498926639556885,-0.037182386746190774,0.9748481445847248
7.510924339294434,-0.04126119516811607,0.9726125380899054
7.52234411239624,-0.04467066677284809,0.9706464823106473
7.533794403076172,-0.048669471644182935,0.9682707352400716
7.545031547546387,-0.053222954912184726,0.9654300890059069
7.558043479919434,-0.05773909521428097,0.9625304411528688
7.569372653961182,-0.061918592559445436,0.9597694930924833
7.5803163051605225,-0.06575449818968909,0.9571388196923227
7.591533184051514,-0.06987314815346869,0.954287897959577
7.603987455368042,-0.07539478745403756,0.9503224113129592
7.6151673793792725,-0.07942500423436563,0.9473477878150962
7.627464056015015,-0.08374309364184945,0.94416069121025
7.662276029586792,-0.09999287765963943,0.9318372670283461
7.711350679397583,-0.11749219015513766,0.918204016079928
7.737913608551025,-0.1291022595542689,0.9086632834664916
7.769278526306152,-0.14302176625527738,0.8974255786357055
7.799553871154785,-0.15582682986087992,0.8865252795225417
7.822268962860107,-0.16485072641968881,0.8789109418329938
7.833882808685303,-0.16989665021897823,0.8749089841236471
7.845190763473511,-0.17546445289937437,0.8704139021913385
7.8582141399383545,-0.18110939241406449,0.8660160793047407
7.869585990905762,-0.18590759100152313,0.8622779298511543
7.88083291053772,-0.1915334046649945,0.8578556669812923
7.89211630821228,-0.19691416589844413,0.853701031803723
7.903559684753418,-0.20206250576047266,0.8498317154350756
7.916773319244385,-0.208597808952675,0.8448307159181678
7.928105354309082,-0.21429948755539854,0.8405067074332967
7.939660549163818,-0.21946455970451373,0.836659755108379
7.950838565826416,-0.2254904772117906,0.8321716440626586
7.963215351104736,-0.23096005712795173,0.8281346550298433
7.974171876907349,-0.23702467625820342,0.82369897950425
7.986324071884155,-0.24223936113566735,0.8199195517533512
7.997745513916016,-0.24777814629025127,0.8159780490041985
8.009132623672485,-0.25388101078036435,0.8115951427105595
8.021117925643921,-0.2597113109430814,0.8074461924482946
8.03261423110962,-0.26495858108952375,0.8037121372122583
8.044013500213623,-0.27170455857961734,0.7989991793633834
8.06171178817749,-0.279599680920409,0.7934322842378443
8.073524713516235,-0.2854657483031066,0.789334060021425
8.084935903549194,-0.2916251190549131,0.785030924594203
8.097325086593628,-0.29750890471745806,0.7809581792617083
8.108249425888062,-0.3028043118137531,0.7772927084624599
8.120640754699707,-0.3087232017095174,0.773271150223674
8.131554365158081,-0.31405020261570216,0.7696517478087688
8.144744634628296,-0.3208165561276367,0.7649680906763933
8.156826734542847,-0.3264228797410709,0.7611232603223116
8.169405937194824,-0.33230666540360776,0.7570505149898216
8.18036961555481,-0.33789626178302773,0.75318140692395
8.191521644592285,-0.343207515732599,0.7495389360621861
8.203117847442627,-0.34878027974614995,0.7456456230565971
8.215147018432617,-0.35462851851711386,0.7415219970376762
8.22940468788147,-0.3616464050422755,0.7365736458149652
8.240367412567139,-0.36690981993613997,0.7328623823979385
8.251676082611084,-0.3722052270324346,0.7291969115986895
8.263336420059204,-0.3789307016190433,0.7244547416769291
8.275635242462158,-0.3838864567573516,0.7209281339540039
8.287597894668579,-0.3888574597126698,0.7174230518379211
8.299135684967041,-0.3946877598753873,0.7132741015756568
8.310060024261475,-0.3996435150136956,0.7097474938527316
8.322338342666626,-0.4051993418461208,0.7058300491347491
8.33376407623291,-0.41044661199256266,0.7020959938987122
8.346669673919678,-0.4162407063008593,0.6978966297310445
8.35787034034729,-0.4211656864629107,0.6943271701885275
8.369913578033447,-0.42665272281885747,0.6903139399510834
8.381156921386719,-0.4321223027350186,0.686276950918268
8.392704248428345,-0.43728737488411096,0.6824299985933665
8.404012203216553,-0.4427744112400657,0.6784167683559175
8.415591955184937,-0.448494788864529,0.6741175279463179
8.428166627883911,-0.45335710984532873,0.6704631735981545
8.439458847045898,-0.45823523354171075,0.6668299408468468
8.454198598861694,-0.46533882396800447,0.6613940718067385
8.468209028244019,-0.4715691790804367,0.65658344160112
8.479771375656128,-0.4764156058927499,0.6529080343889809
8.490992069244385,-0.48149605145596264,0.6489499937910503
8.502187252044678,-0.48685874399489865,0.6447720620487967
8.51379680633545,-0.49138991134938836,0.6412734218992602
8.527148962020874,-0.49785959706238125,0.6361878195989208
8.538045644760132,-0.5026251917617053,0.6324081928734305
8.549400091171265,-0.5076884240588277,0.6284281562905571
8.560778856277466,-0.5129963066982594,0.624180808083015
8.572973251342773,-0.5182857192446519,0.6199104802473087
8.584174871444702,-0.5232791494243646,0.6158432124253119
8.59614372253418,-0.5282725796040705,0.6117759446033216
8.607564449310303,-0.5329885969960382,0.6079346361047563
8.61887526512146,-0.5382407712480197,0.6036185903986832
8.630911588668823,-0.5434741779990628,0.5992798073102639
8.642255544662476,-0.5481398197832547,0.5953774672733285
8.653688192367554,-0.5530977840737183,0.5912670411895604
8.664949178695679,-0.5582933608802993,0.5868830285804307
8.677962064743042,-0.5637823512146506,0.5822920403016765
8.68947172164917,-0.568722442515565,0.5781601508508001
8.7008376121521,-0.5741714057519818,0.5735217256962706
8.711963415145874,-0.578803024502949,0.5695790643149105
8.72408652305603,-0.5845455041312793,0.5647335766942913
8.736063480377197,-0.589413177705335,0.5605166149358739
8.747474431991577,-0.5940447964563026,0.5565739535545143
8.758953332901001,-0.5988941358590626,0.5523359210095432
8.769928455352783,-0.6042822907510361,0.5476269959595597
8.782196044921875,-0.6088622224092065,0.5436244096670789
8.793697834014893,-0.6137298959832759,0.5394074479086488
8.80494236946106,-0.6185608100060133,0.5351484242880952
8.817373275756836,-0.6239284922535029,0.5304161758208111
8.829455852508545,-0.6292961745009995,0.525683927353521
8.84037160873413,-0.6338587044113505,0.521661516156342
8.856160402297974,-0.6411327135155116,0.515304467338867
8.867863178253174,-0.645963627538256,0.5110454437183072
8.880213499069214,-0.6512900620097986,0.5062668158727198
8.891388416290283,-0.6558175313106027,0.502204982203976
8.902946710586548,-0.6611231914264633,0.4974032992697372
8.913996458053589,-0.6661635685365399,0.4928417004822031
8.92720651626587,-0.6711841152068594,0.4882582851572122
8.938293218612671,-0.6759215463873934,0.4838955155889977
8.949781894683838,-0.6806966404916709,0.4795740009481791
8.96105146408081,-0.6856972622933439,0.4749688552928442
8.972334861755371,-0.690677865172235,0.47034206592298955
8.984702348709106,-0.6956383554507297,0.46569371986153396
8.999521732330322,-0.7014053693104992,0.4603363848017026
9.010722637176514,-0.7066056686566,0.45542078972305705
9.02168869972229,-0.7105058931661743,0.45173409341407494
9.033999919891357,-0.7164616651596111,0.44605527628865094
9.045197010040283,-0.7208455126046961,0.44183883791004275
9.057480335235596,-0.7252476049476749,0.43764145133907356
9.068829774856567,-0.7298504279712341,0.4331368944563926
9.08095932006836,-0.735265768932807,0.4279283529298793
9.092233896255493,-0.7395943883433135,0.4236552363832427
9.10370683670044,-0.744197211366886,0.4191506795005487
9.114932775497437,-0.7490143224659799,0.414353907088908
9.127279043197632,-0.7540630201951399,0.40928272975954605
9.139352083206177,-0.7586462642768571,0.404758253416043
9.150640726089478,-0.7626852224601746,0.400701311552564
9.161550045013428,-0.7672290504164166,0.3961372519561402
9.173232078552246,-0.7719833465087742,0.3912782136174964
9.186190366744995,-0.7772147542005101,0.38588495892978786
9.197603225708008,-0.7814685980726106,0.38153739831101036
9.209195613861084,-0.7859526618083786,0.3769146085786945
9.220161199569702,-0.7903964604137099,0.37225309954718017
9.232786417007446,-0.7953787534534413,0.36711666651128483
9.244050741195679,-0.8002711969555938,0.3618945802572698
9.259997844696045,-0.8058975069830697,0.35588918106515177
9.271344184875488,-0.8098295429641322,0.3517285256439376
9.284044027328491,-0.8154297554739274,0.3456987823801702
9.295577764511108,-0.8195496756578537,0.3412241060007596
9.307659149169922,-0.8236889631650972,0.33676733924057983
9.319090604782104,-0.8284900848528626,0.331461171244226
9.33106803894043,-0.8328110943718439,0.3266856200475171
9.342939138412476,-0.8370905198946842,0.3218727695730086
9.35401177406311,-0.8416076912799096,0.3167925385165784
9.366089344024658,-0.8456296198414518,0.31222958315101584
9.379103899002075,-0.8503845370890611,0.30688197151266294
9.39119839668274,-0.8548574744130716,0.30176275120040463
9.402945756912231,-0.8593081683043275,0.29662418050451256
9.414145946502686,-0.8637365350519823,0.29146635607375854
9.426225662231445,-0.867678706490087,0.28683432030372646
9.438727617263794,-0.8718740013036572,0.2819479603166946
9.449733257293701,-0.8760267557335407,0.2770253956253373
9.461453199386597,-0.8801366573530963,0.2720669965718918
9.473291397094727,-0.8844293269377657,0.26679569950694226
9.486261129379272,-0.888699095248587,0.26150583528540977
9.497629404067993,-0.892722366886649,0.256476889290285
9.508959531784058,-0.8967018678710432,0.25141323602305593
9.519873857498169,-0.8997627586010294,0.24744814079223637
9.53109622001648,-0.903653823417118,0.24231621843383766
9.543651342391968,-0.9075002293719394,0.23715073939250284
9.554915189743042,-0.9110904949912555,0.23224090601398628
9.56691288948059,-0.9146165784869174,0.2272847778675397
9.578004360198975,-0.9178742768368398,0.22257740471987417
9.590004920959473,-0.9213355813336144,0.2175758207505054
9.60135293006897,-0.9243319986172667,0.21312329738031677
9.613019227981567,-0.927617724765327,0.2080046574533227
9.624068021774292,-0.9308365779356677,0.20284370257169793
9.63718032836914,-0.9336172561623696,0.1982533529663637
9.64817190170288,-0.9361565959435083,0.19393562373373346
9.663564920425415,-0.9399092866324276,0.1874262355015874
9.674988985061646,-0.9423163982096912,0.1830334179427777
9.687910079956055,-0.9448134147236498,0.1782827980433578
9.699374914169312,-0.9474107462756216,0.17318124638730578
9.710350751876831,-0.9492920807313803,0.1693218671054351
9.721966981887817,-0.9516018167135825,0.1644774269321677
9.733683109283447,-0.9533990271312491,0.16057816257970475
9.7462477684021,-0.9555606531904727,0.1556658460508223
9.75762677192688,-0.9572386792265105,0.15171382676972853
9.769065141677856,-0.958982000110718,0.14740158294115777
9.78022837638855,-0.9605392953860025,0.14340045070121687
9.792865514755249,-0.9620618276652289,0.1393859615388761
9.803945779800415,-0.9636355483790909,0.1350089742579904
9.815213203430176,-0.9648314895410971,0.1316368426170817
9.82732343673706,-0.9661148017792014,0.12791622685486082
9.839601755142212,-0.9672373448788846,0.12451895676612504
9.85085654258728,-0.968330379024686,0.12111207792726916
9.86225962638855,-0.9692874776878125,0.11803746977776293
9.873695850372314,-0.9703360949115827,0.1146166586189083
9.884961605072021,-0.971253111088971,0.11152985858420297
9.898223638534546,-0.9722571338867974,0.10809569416065294
9.909596920013428,-0.973036492521835,0.10534149913476888
9.92084813117981,-0.9739132709862511,0.10224302973065258
9.931855916976929,-0.974584751877912,0.0998301742698489
9.944201231002808,-0.9754346223255004,0.09672421655182299
9.956140756607056,-0.9759922172157712,0.09465114036357923
9.967720031738281,-0.976642744587758,0.09223255147727827
9.979113578796387,-0.9772827767481707,0.08981116408647793
9.991245746612549,-0.9779123016589617,0.08738702373384927
10.002884149551392,-0.9785523338193692,0.08496563634306689
10.013950109481812,-0.9790919266000502,0.08288780175508921
10.025717735290527,-0.9795415872506138,0.08115627293178951
10.037449598312378,-0.9800901862452496,0.07908079802540204
10.049633502960205,-0.9805473520741135,0.07735123560340948
10.06606411933899,-0.9811768769849095,0.07492709525076284
10.077949047088623,-0.9817254759795451,0.07285162034437531
10.089470624923706,-0.9821826418084088,0.0711220579223827
10.101363182067871,-0.9826323024589745,0.06939052909907394
10.112937211990356,-0.9829980351220665,0.06800687916147628
10.124197244644165,-0.9833637677851539,0.06662322922389666
10.136162281036377,-0.9837295004482436,0.06523957928630801
10.148897171020508,-0.9840952331113332,0.06385592934871932
10.159892082214355,-0.9844609657744229,0.062472279411130684
10.171249628067017,-0.9848266984375151,0.06108862947353307
10.182838201522827,-0.9851009979348355,0.06005089202033036
10.195027828216553,-0.9854607264552863,0.05866566896169056
10.207307577133179,-0.9856405907155164,0.057973057432352613
10.218245267868042,-0.9859103871058544,0.056934140138372766
10.229596853256226,-0.9861846866031698,0.055896402685188015
10.24084734916687,-0.9863645508633999,0.05520379115585007
10.253528833389282,-0.9865444151236252,0.054511179626530175
10.265049695968628,-0.9868142115139656,0.05347226233254131
10.277274370193481,-0.9869910703199004,0.052778877269657826
10.288187503814697,-0.9871679291258328,0.05208549220678335
10.300120115280151,-0.9873447879317675,0.05139210714389985
10.31136703491211,-0.9875216467376999,0.050698722081025396
10.323134183883667,-0.9876985055436347,0.050005337018141915
10.33417534828186,-0.9877839245309332,0.04965789052258869
10.347286224365234,-0.9880446995687223,0.04861667219023186
10.358242511749268,-0.9880446995687223,0.04861667219023186
10.369506597518921,-0.9882155375433238,0.047921779199107305
