0.005796670913696289,0.0,0.0
0.027933835983276367,0.0,0.0
0.03851199150085449,0.0005681046715239262,0.0
0.05009961128234863,0.0011362077109043143,-1.3617831591961644e-06
0.061589717864990234,0.002272403996827551,-6.808900146592562e-06
0.07369589805603027,0.0035979206308202685,-1.9518693723390614e-05
0.0844564437866211,0.005112757613273263,-3.7675385197857383e-05
0.09568119049072266,0.007006173274470553,-6.944886498720367e-05
0.10742998123168945,0.008899588935667843,-0.00010122234477653516
0.11841058731079102,0.011171478827715381,-0.00015024278273425816
0.12960481643676758,0.013443368719759836,-0.00019926322069193237
0.1401984691619873,0.016093906927148526,-0.0002564537316425863
0.15309810638427734,0.01874468885282473,-0.0003009366033476918
0.16378140449523926,0.02139522706021342,-0.0003581271142983664
0.17451071739196777,0.024235350552008428,-0.00040578733398241465
0.18580102920532227,0.02707558012882755,-0.00044663945944834827
0.1966402530670166,0.02972666671286535,-0.0004657042776163098
0.2090015411376953,0.03313520660663061,-0.0004902161866894203
0.21982598304748535,0.03616508948333094,-0.0004974790302051687
0.23046445846557617,0.03976299270452483,-0.00047160534840582225
0.24155712127685547,0.04279257091979823,-0.00042802974790873653
0.2540867328643799,0.046011497773526526,-0.0003817306723805785
0.2652170658111572,0.04941894093499306,-0.0002918633121319136
0.275986909866333,0.05263708169860424,-0.00020698858300802127
0.2869436740875244,0.05623305210734386,-8.626635649629703e-05
0.29782581329345703,0.05907121734366091,2.9453289867827824e-05
0.30998778343200684,0.06266507962447163,0.00020187992079595952
0.32061076164245605,0.06606852854157182,0.00038971098792251445
0.33213233947753906,0.06947103786328444,0.0005938564182352707
0.3434560298919678,0.07268355763615209,0.0008020640140872465
0.3552827835083008,0.07646113347021515,0.001074186226058011
0.3660895824432373,0.07929330434866176,0.0012918581362167771
0.3769655227661133,0.08268994315650029,0.0015774975070047621
0.3934743404388428,0.08759416482599215,0.0020136041181167933
0.40550780296325684,0.09117479871493608,0.0023666451778599257
0.41626882553100586,0.09418934805385205,0.002671169854449004
0.42739272117614746,0.09739071874723883,0.003010078953701782
0.4381732940673828,0.10040140182998178,0.0033507112638518194
0.44910264015197754,0.10303574952737789,0.0036487645352325693
0.4610300064086914,0.10679701884537061,0.004092591976770606
0.4720890522003174,0.10980249160842691,0.0044764884028344835
0.4834270477294922,0.1128079643714832,0.004860384828898361
0.4941978454589844,0.11543441141695049,0.005221493483903546
0.5051801204681396,0.11862366854358977,0.005659982564981381
0.5169246196746826,0.12181186542129943,0.006106115239196509
0.5275864601135254,0.12462207681042749,0.006519981030983753
0.5397508144378662,0.12743128806320467,0.006940581889822872
0.5505390167236328,0.13080112203310237,0.007453382100804009
0.5634243488311768,0.1336072360512118,0.007894173505631702
0.5740323066711426,0.13622528211225407,0.008311855640304209
0.5852651596069336,0.13902815378280467,0.008772814796424538
0.5959396362304688,0.141456344629696,0.009178134424645898
0.6076970100402832,0.1444436828374121,0.009684151645817774
0.6189799308776855,0.1468708951311837,0.010095290638020386
0.6298196315765381,0.14948374721711236,0.01054432016981655
0.6404018402099609,0.1524673693436994,0.011071806663632387
0.6515154838562012,0.15470508593864027,0.011467421533994372
0.6639480590820312,0.15731575529940212,0.011928972216082885
0.6751656532287598,0.15973786574420074,0.012369171924321883
0.6858527660369873,0.16216102441716895,0.012803564414547242
0.6965043544769287,0.16439681867390935,0.013209902606768423
0.7073464393615723,0.16682101165175858,0.013638485382993287
0.719641923904419,0.1692420599511311,0.014084489779892996
0.7303578853607178,0.17166417039593151,0.014524689488132287
0.741417646408081,0.1737127497261669,0.014902077823969889
0.7531185150146484,0.1759485439829061,0.015308416016190849
0.7645456790924072,0.1781843382396447,0.01571475420841168
0.7757315635681152,0.18042013249638147,0.01612109240063215
0.7903609275817871,0.18340119150536624,0.016662876656926617
0.8014931678771973,0.18545066957404419,0.01703535333312923
0.8141214847564697,0.18768743142601216,0.017436331016413655
0.8252983093261719,0.18973779645698835,0.01780389389275874
0.8359856605529785,0.1916025602861022,0.018133572951393073
0.8470859527587891,0.19365380049813108,0.018496219915891544
0.8577930927276611,0.19551934923159908,0.018821428069446627
0.86977219581604,0.19757145283841304,0.01917915703835707
0.880335807800293,0.1998110403406376,0.019564039494182388
0.8914206027984619,0.20149073096730571,0.0198527013360513
0.9032022953033447,0.2033578173471304,0.020168962099284125
0.9151675701141357,0.2054132565722024,0.020506998813772673
0.9258279800415039,0.2072825689498869,0.020809824926774953
0.9365668296813965,0.2089649500898043,0.02108236842847722
0.9474656581878662,0.21064797970047383,0.021350878372195178
0.9586160182952881,0.21251872237921365,0.02164473930874696
0.9705228805541992,0.2143908523624903,0.021929628314847627
0.9816393852233887,0.21626298234576696,0.022214517320948278
0.9933674335479736,0.21813645660518688,0.02249042784880665
1.0041868686676025,0.21944788858677802,0.022683565218307056
1.01605224609375,0.22132201883892344,0.02295498411610301
1.0271365642547607,0.22300988777418107,0.023191172002452135
1.0378401279449463,0.22451071465730496,0.023397519805312218
1.0489578247070312,0.22601251354804822,0.023596670101859535
1.059739589691162,0.22751431243879147,0.023795820398406886
1.071662187576294,0.22939273291570164,0.024035755664696838
1.083326816558838,0.23089637224963383,0.024220497382541065
1.0941367149353027,0.23240001158356358,0.02440523910038498
1.1052920818328857,0.23371645584486034,0.02456057870492319
1.1169393062591553,0.235409500922481,0.02475624327863545
1.1276395320892334,0.2367273740851063,0.024898953520300734
1.1386375427246094,0.23804558554709151,0.025038504325875652
1.1498205661773682,0.23955249090366235,0.02519437926031674
1.1603753566741943,0.241059396260235,0.02535025419475803
1.1732237339019775,0.24256703158189497,0.02549890306201823
1.1876440048217773,0.24426390354713484,0.025657999868550246
1.199019432067871,0.2455839856791069,0.02577857785447234
1.210036277770996,0.2467161986150545,0.02587379097806848
1.2229955196380615,0.24822581586298567,0.02600074180953009
1.233649730682373,0.24954724831484143,0.026105489893140748
1.2444593906402588,0.25086892805811545,0.026207070117881412
1.2556002140045166,0.2521908474985386,0.02630548190008001
1.266296148300171,0.25351299904045893,0.02640072467426962
1.2782433032989502,0.2546464642231232,0.02647964457620395
1.2891619205474854,0.255969266482539,0.02656537711567236
1.2999186515808105,0.25691426931498573,0.026624349581181782
1.3104338645935059,0.2582374673845407,0.026703739470747875
1.323256492614746,0.2593717970165624,0.026769069074677267
1.3339958190917969,0.2605064268106196,0.026828959822411114
1.3446435928344727,0.2616410566046799,0.02688885057014516
1.3558430671691895,0.2629651111291911,0.026952376171013533
1.3666367530822754,0.26410014226816625,0.027004106092573484
1.3784852027893066,0.2650461973469382,0.027042679308028176
1.3897292613983154,0.26599234217018847,0.02707898465825386
1.4002878665924072,0.26731706295394764,0.027126636845198598
1.4113175868988037,0.2682633709562479,0.02715840585217538
1.4237542152404785,0.2693990286793656,0.02719380651820205
1.4343762397766113,0.27034541011529495,0.027223307073224214
1.4456944465637207,0.27148129304523283,0.027250540154328047
1.4562950134277344,0.27242786215351467,0.02727323438858124
1.4672601222991943,0.27356380709954,0.027297744607560154
1.4791841506958008,0.27451051493013645,0.027313631347454806
1.4900281429290771,0.27545725812240907,0.027327248722610147
1.5011544227600098,0.27640403123644286,0.027338596654781725
1.5126550197601318,0.27735082883215156,0.027347675078765194
1.5243031978607178,0.27848700879673816,0.02735584571512289
1.5360028743743896,0.2792444795159157,0.027357661426001847
1.5466415882110596,0.280191317914883,0.027359931064600513
1.557584285736084,0.2809487821054983,0.027356299653275577
1.5689892768859863,0.2820849783914234,0.027350852536288172
1.5839145183563232,0.28341049502541427,0.02733814274271134
1.5989232063293457,0.28454662276225573,0.02732452522410547
1.6099598407745361,0.285114647460614,0.02731499318016867
1.6206457614898682,0.28606131448982813,0.0272968371668186
1.633596658706665,0.28700793527817825,0.027276411984336276
1.6443061828613281,0.2877651905648047,0.027258256596933723
1.6552696228027344,0.28871163999653054,0.027231024663374057
1.6659178733825684,0.28927946885809186,0.027213324330360653
1.6776843070983887,0.2902257768603891,0.027181555323383982
1.6891558170318604,0.2909827601653944,0.027154325502272737
1.6999130249023438,0.2917396042284116,0.027123466929909017
1.7104616165161133,0.29268565930718354,0.027084893714454356
1.7215731143951416,0.293442427225851,0.027052221027218385
1.7340316772460938,0.2940098791649259,0.02702499576970345
1.745246171951294,0.29495552091180643,0.026977353440010565
1.7560081481933594,0.29552283580883504,0.02694740806614365
1.7666516304016113,0.2962791577904125,0.026905667829004474
1.7789194583892822,0.2970352709730152,0.026860302177823866
1.7897396087646484,0.29779138415561857,0.026814936526643227
1.8002970218658447,0.29835829940965464,0.02677819400972815
1.8115551471710205,0.2993030086615738,0.026714691770720226
1.823232650756836,0.299869741252905,0.026675231819753144
1.8351049423217773,0.30043637762801345,0.026634413487957635
1.8458034992218018,0.30119176016539945,0.026578178183844094
1.8565053939819336,0.3017582970684379,0.026536001705759003
1.8675599098205566,0.3025132556784894,0.026474335796841064
1.8797616958618164,0.30326821428854034,0.026412669887923186
1.8904392719268799,0.30383420501414343,0.026363706469559312
1.9014999866485596,0.30458870065560384,0.026296613144772867
1.9132392406463623,0.3049659484763334,0.026263066482379704
1.9239304065704346,0.30572011379422004,0.026192356790587526
1.9359643459320068,0.3064742791121024,0.026121647098795733
1.9466214179992676,0.3070396423577264,0.026065903773573033
1.9575097560882568,0.3076048703587731,0.026008805396712596
1.9684374332427979,0.3081699598674869,0.025950352296297222
1.9801840782165527,0.3089232235600515,0.025870608978825697
1.9986214637756348,0.30986480317575255,0.025770929831986762
2.0098252296447754,0.31042930625376547,0.025707061273833803
2.020611047744751,0.3111817707327083,0.025620099241072784
2.033353567123413,0.31155800297217945,0.025576618224692312
2.0439703464508057,0.3123100418980422,0.025486049790877673
2.055148124694824,0.312686061360972,0.025440765573970528
2.065797805786133,0.3134376574491433,0.025346592820696852
2.0763418674468994,0.3138134554932308,0.02529950644405979
2.0880937576293945,0.3143768074752677,0.025226175262836357
2.0990793704986572,0.31494033361834106,0.02515419468294935
2.1099305152893066,0.31531566291838314,0.02510350727490018
2.1204612255096436,0.3158786568684426,0.02502747616282692
2.133324384689331,0.31644146694961334,0.024950095736754486
2.144028663635254,0.31700408992803497,0.024871366441304443
2.1551671028137207,0.31756652257091295,0.024791288728850124
2.1659510135650635,0.31812876164655546,0.024709863059511502
2.1765904426574707,0.3183161090724982,0.024682272006725563
2.188291549682617,0.3190652320732384,0.024570111777701836
2.1993789672851562,0.3192525128234221,0.02454207172044611
2.2100136280059814,0.31981415181840456,0.024456605018616007
2.220578670501709,0.32037558433068386,0.02436979227780806
2.233490228652954,0.32093680713430456,0.024281633996842734
2.244107723236084,0.3213108137144523,0.024221965120461136
2.255075216293335,0.32149781700452773,0.024192130682270097
2.265798330307007,0.3222455419556008,0.024071000237069328
2.2764909267425537,0.32261940443113735,0.024010435014468944
2.2885868549346924,0.3229929722537371,0.023948078148588566
2.2996673583984375,0.32355332398763637,0.023854542849768047
2.3102707862854004,0.3239267412635994,0.023791290697121818
2.3212180137634277,0.32430015853956357,0.02372803854447539
2.3329641819000244,0.3246732682862591,0.023662996913764042
2.3445019721984863,0.32523293290629873,0.023565434467697658
2.3557870388031006,0.32560588567212273,0.02349949865597058
2.3663814067840576,0.3259788384379455,0.02343356284424371
2.3774261474609375,0.3263514708140674,0.02336583981220713
2.393831491470337,0.32691041937825355,0.023264255264151667
2.4046101570129395,0.32709665386281905,0.02322994723362122
2.4160218238830566,0.32746895728478664,0.02316043853779763
2.426661252975464,0.32802741241773925,0.02305617549406201
2.4385955333709717,0.3282134802855242,0.023020975028465354
2.4496755599975586,0.3285854461964404,0.022949682266419302
2.4602482318878174,0.3289574121073542,0.02287838950437371
2.471308469772339,0.32932937801826917,0.02280709674232789
2.4829139709472656,0.32970099786899715,0.022734021552627753
2.4943413734436035,0.33007261771972335,0.022660946362927974
2.5052945613861084,0.33044423757044894,0.022587871173228306
2.5159096717834473,0.33044423757044894,0.022587871173228306
2.5266809463500977,0.33100113544447796,0.022475587266500764
2.5398693084716797,0.33137222019273926,0.022399841597240372
2.550452470779419,0.3315577625668681,0.022361968762610544
2.5614559650421143,0.3319286646818132,0.022285333797137
2.573119878768921,0.33211411573928395,0.022247016314400597
2.5837481021881104,0.3324848330897383,0.022169492493052403
2.5958213806152344,0.3326701917649658,0.02213073058237824
2.606355905532837,0.3332259874487375,0.022013112234713614
2.6172633171081543,0.33341115816483924,0.021973462138886443
2.627978563308716,0.33359642339276435,0.021934256022997978
2.7503838539123535,0.33655915485039634,0.021299854489762276
2.7611610889434814,0.33674393688496324,0.021258430777934614
2.772045850753784,0.3371133013017941,0.021174697723633465
2.7830820083618164,0.33729818210077184,0.021133717065145587
2.7984912395477295,0.3378531176040029,0.02101210495611686
2.8093369007110596,0.33859417851569906,0.020855280492563914
2.819851875305176,0.3393367090144034,0.020705568616927416
2.8302996158599854,0.34026662379169265,0.02052733671181253
2.8410215377807617,0.34119860789668,0.020360262677110587
2.8531343936920166,0.3421325274531766,0.020204370512410093
2.8635218143463135,0.34344253664848823,0.020001807450525926
2.873884439468384,0.3447557601712219,0.019821253123023352
2.8843352794647217,0.34607182829147815,0.01966275836384815
2.8958804607391357,0.3477670968176221,0.019487399062601784
2.906379222869873,0.34927701403772515,0.01936406724476593
2.9166839122772217,0.3511670197026193,0.019246122313747126
2.9274628162384033,0.3528700803844723,0.019180772683340837
2.9379026889801025,0.35438481291343016,0.019155353899509373
2.9497311115264893,0.3566572250709548,0.019160801032146253
2.960057497024536,0.35836071165563016,0.019213902031186246
2.9703409671783447,0.3604408662780715,0.019323701735365177
2.981065034866333,0.36232862692358125,0.019473341854809156
2.991520404815674,0.3645889849584402,0.019707154256471106
3.003753423690796,0.36646623357186947,0.019956092127155316
3.014315128326416,0.3683369762506081,0.020249953063706923
3.024681568145752,0.3703864543192842,0.02062242973990922
3.035524606704712,0.37261075842200375,0.021087572667997084
3.0466701984405518,0.37500493165525717,0.02166057294645447
3.0575149059295654,0.37683197628453297,0.02215850902942044
3.0689234733581543,0.3788280198253312,0.022754251768813325
3.079596757888794,0.3811675980785745,0.023520259854210173
3.0902087688446045,0.3834821741131913,0.024358789859588493
3.103071928024292,0.38541760414582166,0.025128991013245155
3.1136977672576904,0.3878541783495485,0.026173849708523943
3.1244115829467773,0.3895685673078164,0.026978152462374682
3.135660409927368,0.3919410333781515,0.02816138037299559
3.147404909133911,0.3941059325277867,0.029333389955658675
3.1583263874053955,0.39590598270030314,0.0303816831420933
3.169355869293213,0.39799991226397596,0.03167623085164909
3.1800098419189453,0.3997367098736875,0.0328262888028855
3.1962499618530273,0.40283829711648694,0.034999831131812924
3.2082173824310303,0.40463461374343995,0.03639164047962318
3.2193758487701416,0.40653645301420743,0.03795477904613347
3.229982376098633,0.40810371061020045,0.039326931681995754
3.2405779361724854,0.4100516660917889,0.04112529009597122
3.253504514694214,0.41193818513190666,0.04298799497185378
3.264120101928711,0.4133705094299169,0.0445004586354285
3.2774906158447266,0.41553316326622924,0.04688510998904803
3.2884433269500732,0.4169982446643486,0.04862218315440531
3.3001017570495605,0.4190021418568394,0.051141712820033255
3.311431884765625,0.4202393372928171,0.05281755490134572
3.323254346847534,0.42198589206407033,0.05529339605667589
3.3339362144470215,0.42334652489341745,0.05734499862385014
3.3446097373962402,0.4245521280008376,0.05927124051735786
3.356498956680298,0.4260009878614183,0.061714471584940624
3.3675625324249268,0.427477191849494,0.06436042411304838
3.3786065578460693,0.4286142803442593,0.06654386739030901
3.389697551727295,0.42987165283551554,0.06909094166551612
3.401517391204834,0.4311275497121042,0.07184828930968029
3.4132156372070312,0.432168315804294,0.07428661444893497
3.4238479137420654,0.43329062943800956,0.077100980292778
3.4346704483032227,0.43413636545587153,0.0794129330124568
3.4459381103515625,0.43505444155344475,0.08210100094766017
3.4576432704925537,0.43601424674867745,0.08517385103857453
3.468977689743042,0.43673768182129075,0.08772439318468317
3.479762315750122,0.4375084184055114,0.09065461640368103
3.4904778003692627,0.4381945605099822,0.09360579447487463
3.5032758712768555,0.43884822121192285,0.09675799392617565
3.5139033794403076,0.4392843534547796,0.09918084007413469
3.524606943130493,0.4397271595783236,0.10198663687400067
3.536367177963257,0.44017558131115575,0.10517451259986949
3.5475592613220215,0.4405183752495252,0.10818495032737961
3.559615135192871,0.44080582419835257,0.11139135123741348
3.570253372192383,0.441008637518949,0.11460421607288737
3.5814502239227295,0.4411263949810843,0.11744229748914399
3.5964479446411133,0.4412055050467757,0.12141824323451059
3.6085991859436035,0.4411834405272596,0.12482679984956714
3.619748830795288,0.4410912132273509,0.12785528744580485
3.6304664611816406,0.4409161252304197,0.13106978241194908
3.64151930809021,0.44068611103043276,0.134090930614738
3.653271198272705,0.4403622195996844,0.13748413549834992
3.665210723876953,0.43997959875035614,0.14068057648477642
3.675902843475342,0.43958122946704886,0.14349302645931816
3.6865644454956055,0.43910602691812956,0.1464854210744909
3.6975769996643066,0.438540250554133,0.14965457408436447
3.7097718715667725,0.43786894645405017,0.15299644419648548
3.720344066619873,0.43709283634052126,0.15650973754150788
3.7315261363983154,0.43637560012925275,0.1594535132144578
3.7432196140289307,0.4356503948695012,0.16219990180248126
3.7539093494415283,0.434724974148495,0.16548050259047975
3.7658183574676514,0.43366542278384185,0.16891895106939417
3.7764461040496826,0.43272471135572965,0.1717991081839351
3.787492513656616,0.43160447404716185,0.17501839590229015
3.798419237136841,0.4305540186534804,0.17786036466730143
3.810194253921509,0.4291899940739488,0.18139357377897078
3.821296215057373,0.42787142357862473,0.18453683910183752
3.8326854705810547,0.42665929890952836,0.18731370726255062
3.8436872959136963,0.42517262497131014,0.19059019587658968
3.8545403480529785,0.42377951242180917,0.1934924141865145
3.8663477897644043,0.42218374075163634,0.19671717616427017
3.877232551574707,0.420606405824398,0.19973889083782648
3.887981414794922,0.4191530837268403,0.20239748029018054
3.8990206718444824,0.41756846340901405,0.20519973155342805
3.9106624126434326,0.41545722006346375,0.20879125608335775
3.9220736026763916,0.41375975476676513,0.21152662539307662
3.933363914489746,0.4117243113550722,0.21472054145304326
3.9440228939056396,0.41015207612729176,0.21708626530288477
3.9551644325256348,0.4081105798161243,0.2200490123133486
3.966668128967285,0.40581510481243677,0.22329634929617292
3.9775893688201904,0.40401320603641805,0.22573220721411402
4.001214981079102,0.3993065477886524,0.23190704106777804
4.017272710800171,0.3958225934954586,0.23615210822105473
4.040170907974243,0.3908644375713851,0.24187864369671064
4.065606117248535,0.38581970366233415,0.24727254885868044
4.087067127227783,0.38050156124375956,0.2526664231561692
4.111148357391357,0.37473062820618075,0.25813944277664225
4.1332807540893555,0.3692044044306064,0.263038871711911
4.149688005447388,0.3657113635386012,0.2659464844898551
4.160342216491699,0.3626306995357516,0.2684612234970106
4.171362638473511,0.3599543358313883,0.2705721053892638
4.182990074157715,0.35709753235787206,0.2727593984538066
4.206156969070435,0.3510502508227549,0.2773208570753882
4.220419883728027,0.3467124029405573,0.28037004875915855
4.231574058532715,0.34357274605687643,0.2824882282447289
4.243933916091919,0.3404129241400103,0.28457620696445257
4.254663467407227,0.33753357333716344,0.2864005106659314
4.265902280807495,0.3343150065749833,0.28839674654320535
4.276595592498779,0.331384378413617,0.29013748305999676
4.287618160247803,0.32810972970759433,0.2920403244965016
4.29980206489563,0.3244681420066541,0.2940639934243519
4.310405969619751,0.32113149175560846,0.2958558904031241
4.321470260620117,0.31810562331675524,0.29742524225399636
4.333359479904175,0.31472698278490596,0.29913665039844645
4.344009160995483,0.31165723022473063,0.3006183265642682
4.3560004234313965,0.3082385406609756,0.30224826255902343
4.366682767868042,0.30513415663085725,0.3036559361130202
4.37769889831543,0.30218342131535186,0.30494310152269427
4.389140605926514,0.2988685358895,0.3063420695887987
4.405640602111816,0.2939687423754891,0.3083685240525202
4.416409015655518,0.2907885559315151,0.3095953733597423
4.427464485168457,0.2875967524959335,0.31079167427075316
4.43843412399292,0.28474459391385537,0.31181413914451883
4.450420141220093,0.28098844073924223,0.313120169887427
4.461532831192017,0.27811031664027935,0.3140670831180806
4.473272085189819,0.2748673571771231,0.3151168254490365
4.483914136886597,0.27215258938492926,0.315952653648884
4.4951465129852295,0.2692505006892126,0.3168233569264707
4.506998777389526,0.26579451504469137,0.31782422667891574
4.517658710479736,0.2630568311824101,0.31858163014827523
4.529005289077759,0.2603137715155505,0.31931932697573323
4.540513277053833,0.25683259959778726,0.32022873288921344
4.553354024887085,0.2538921186222916,0.32095935907829354
4.564083814620972,0.2513131863747456,0.32157395813941975
4.575260400772095,0.24817808393407725,0.32230523536493105
4.586087703704834,0.2457766932754973,0.3228471926462985
4.597020626068115,0.24281641529935016,0.3234929459268629
4.608922243118286,0.24003547768128936,0.3240717022742436
4.619860649108887,0.2374386485331429,0.3246056516339277
4.630648136138916,0.23446512927737342,0.32518739576237116
4.642049789428711,0.23167487237218778,0.32571941018723577
4.654130935668945,0.2292555514322966,0.32617469139674043
4.665201425552368,0.22683301905843187,0.3266125631673831
4.6758997440338135,0.22422301519008925,0.32707786237284137
4.686936378479004,0.22160866995244582,0.3275181151658833
4.697655916213989,0.21936601925296612,0.32788472739296487
4.709728956222534,0.21674959343690828,0.3283124416578931
4.720373630523682,0.2141311471774701,0.3287276075642694
4.731439113616943,0.21207225633928337,0.3290439424259621
4.743136405944824,0.2096381325599107,0.32941195902428466
4.754626750946045,0.20701772603858046,0.3298145670300756
4.765798807144165,0.20495734231545967,0.3301210276993481
4.776463270187378,0.20289622990596246,0.33042254861687353
4.7873475551605225,0.20045952260709354,0.3307730515834577
4.8041112422943115,0.19745947279012593,0.33119724975782655
4.81561803817749,0.19502030798147627,0.33153022096707346
4.826371431350708,0.1929570805872007,0.3318169123478473
4.837260007858276,0.19089317190295874,0.33209865721721005
4.84803581237793,0.1890162827073704,0.33235029061636207
4.859994649887085,0.18695170459222413,0.3326270873554291
4.871071815490723,0.18469872021061112,0.3329236477390497
4.882600545883179,0.1826334845274661,0.33319549475736854
4.893452405929565,0.180756595331879,0.3334471281565204
4.905361890792847,0.17869071394742528,0.3337140238920783
4.916024446487427,0.17718872435968183,0.3339117308144922
4.927063226699829,0.17512348867653926,0.3341835778328107
4.937686443328857,0.17362197732006734,0.33438488455213244
4.948976039886475,0.17193277704403873,0.3346113546113691
4.960483074188232,0.16986886835979614,0.3348930994807319
4.971521854400635,0.16799197916420777,0.3351447328798839
4.983317136764526,0.16630388402343704,0.33537929855506243
5.004532814025879,0.16292657890376847,0.33584033561401955
5.017795562744141,0.16142655399528466,0.33605243470120394
5.028943777084351,0.15992652908680208,0.3362645337883882
5.0398170948028564,0.15842753824353076,0.3364838217284068
5.05051851272583,0.15674117354484815,0.336730520660928
5.06327748298645,0.1552427126553067,0.33695340114767147
5.074182033538818,0.15393155937695696,0.3371484215735722
5.08526349067688,0.15224639676046914,0.33740320229548776
5.095932483673096,0.15093619349980403,0.33760450629838323
5.107074737548828,0.14925227169671562,0.3378673629538996
5.119016885757446,0.14813008044267076,0.3380452911994894
5.129916667938232,0.14663497997635278,0.3382896993508768
5.140655279159546,0.14532676706832387,0.3385035564833409
5.153982639312744,0.14401907054793542,0.3387205488712444
5.166170597076416,0.14233842003802188,0.3390035685239143
5.177306652069092,0.14103177883167925,0.3392268276642235
5.188052654266357,0.13991226258653716,0.3394208767510237
5.2036004066467285,0.13804640217796296,0.3397442918956914
5.215625762939453,0.13692782909153076,0.3399437058408878
5.226499557495117,0.13562395750290931,0.3401826090979396
5.237430095672607,0.13450684735180243,0.34039006169860925
5.248351812362671,0.13338973720069616,0.34059751429927876
5.2594568729400635,0.1322736344386225,0.3408103200692245
5.271464109420776,0.1309715145495381,0.3410585934674943
5.283229827880859,0.12985592510299676,0.341274073995618
5.29422664642334,0.1287413815148151,0.34149490031033064
5.305400609970093,0.12762790940127852,0.34172106733623636
5.317121267318726,0.12632885860215162,0.3419849288664599
5.3279337882995605,0.12540141962067308,0.34217562506634663
5.339005470275879,0.1242890445734461,0.34240712760529946
5.34991979598999,0.12336300089472829,0.34260448821465195
5.36052680015564,0.12225231937602286,0.3428439840084318
5.373239994049072,0.12114279879119154,0.3430888017836569
5.3839027881622314,0.1202181983038312,0.3432928165963447
5.394610643386841,0.11947891126823948,0.34345780103870105
5.405958414077759,0.11818655799339736,0.3437527228907949
5.41765284538269,0.11726395612521262,0.3439655935037124
5.428919076919556,0.11634186717207354,0.3441806750406278
5.439711570739746,0.11542029643223366,0.3443979662656988
5.450316905975342,0.11449924920096773,0.3446174659303866
5.461412668228149,0.11357873077054366,0.34483917277346277
5.473914623260498,0.1126587464301831,0.34506308552101833
5.48461389541626,0.11173930146605447,0.3452892028864657
5.49570369720459,0.11100506534634698,0.34547538158484575
5.5063066482543945,0.10990371116678753,0.34575464963241537
5.518215179443359,0.10898704226665236,0.3459917703454432
5.529386758804321,0.10825416396817616,0.3461832242219653
5.541071653366089,0.10733806609507929,0.3464225415676183
5.552104234695435,0.10623944019640386,0.34671235669143285
5.56343150138855,0.10550795761857532,0.34690907584542147
5.575259208679199,0.10477647504074618,0.34710579499941024
5.586043119430542,0.1040459439630174,0.3473060187035189
5.596926689147949,0.10313399047883107,0.3475606732689621
5.611619234085083,0.10222142919140556,0.3478131410920815
5.624166011810303,0.10131070703021865,0.3480721647399393
5.635267972946167,0.10040060838172345,0.34833337070278164
5.646082878112793,0.09985492643785233,0.348491402768957
5.657125949859619,0.09912785768692026,0.34870385563109746
5.669056415557861,0.09822030534646325,0.3489737757199254
5.679908037185669,0.09749478317253364,0.3491914515393222
5.690526247024536,0.09676926099860403,0.349409127358719
5.7015533447265625,0.09604479072492003,0.34963027891254994
5.713424921035767,0.09532138900246069,0.34985490111794276
5.725293159484863,0.09441713684938549,0.3501356788746841
5.735969066619873,0.09387499094159328,0.3503054455748074
5.746664524078369,0.09315267439677666,0.35053353326912207
5.7576210498809814,0.09243145963108121,0.3507650812100684
5.769867420196533,0.0918905485568105,0.3509387421657778
5.780518293380737,0.09116989089833073,0.35117201823932376
5.792036056518555,0.09027047711740453,0.3514679286239031
5.803352117538452,0.089731255988884,0.35164676791591254
5.814013719558716,0.0891924650987255,0.35182689924158583
5.825966119766235,0.08847465502412798,0.35206879567400884
5.836684465408325,0.08793629746818027,0.35225021799832595
5.847657680511475,0.0873983763398034,0.35243293027884853
5.858916759490967,0.08668173419320196,0.3526782651946842
5.87035608291626,0.08614514088254387,0.35286484101509935
5.8814756870269775,0.08525156665771375,0.35317794356977716
5.893312454223633,0.08489443820538971,0.35330404101361584
5.903891324996948,0.08435874552690133,0.35349318717937467
5.914595127105713,0.08364509520152556,0.35374709346189775
5.926558017730713,0.08311077655008162,0.35394008697610413
5.937464714050293,0.08257692205148563,0.3541343607317605
5.94854998588562,0.08204353477322458,0.3543299136125848
5.9595787525177,0.08151061778010374,0.35452674449494415
5.971292018890381,0.08097817413422208,0.35472485224786376
5.982939958572388,0.08026888448186889,0.3549906968947557
5.993549585342407,0.07991423965569605,0.3551236192182003
6.008331537246704,0.07920623264389468,0.35539286122542024
6.019515037536621,0.0786752273850402,0.35559479273083655
6.03134298324585,0.07814470769445447,0.3557979965096091
6.042999029159546,0.07761467662045948,0.3560024713941458
6.053746700286865,0.07726165034586682,0.3561396346044158
6.0644543170928955,0.07673211093398043,0.35634537941981975
6.076380729675293,0.07620306622689546,0.35655239298389707
6.08740758895874,0.07585070158527156,0.35669124706607547
6.098329305648804,0.0753221546228383,0.356899528189342
6.1093363761901855,0.07479410844204702,0.3571090756750305
6.119985580444336,0.074442413532021,0.35724961743774225
6.132571458816528,0.07391487116698225,0.3574604300818098
6.143423318862915,0.0735635141549398,0.35760181447589745
6.154042482376099,0.07321215714289733,0.35774319886998507
6.165125846862793,0.0726861444007641,0.3579577996922642
6.176985502243042,0.07233581318806673,0.3581017070868344
6.187901020050049,0.0719854819753665,0.3582456144814058
6.199007034301758,0.07145998515631873,0.35846147557326186
6.209815979003906,0.07110999990531859,0.35860622232067024
6.220466613769531,0.07058606896036047,0.3588258567504029
6.233419179916382,0.07041125032120493,0.35889864938467364
6.244081020355225,0.06988731937624852,0.3591182838144056
6.255250692367554,0.06953838406826125,0.35926554361083884
6.265933990478516,0.06936391641427046,0.3593391735090543
6.2776806354522705,0.0688410444427074,0.3595613171994031
6.288895130157471,0.06849281912486238,0.3597102481391557
6.299695014953613,0.06814459380701962,0.35985917907890735
6.310450553894043,0.06762225583025094,0.3600825754885368
6.321483612060547,0.06727438850981372,0.3602323407187298
6.333959102630615,0.06692724317857926,0.36038377194339666
6.344648838043213,0.06658009784734253,0.36053520316806453
6.355744361877441,0.0664065251817236,0.36061091878039875
6.366494178771973,0.06588635316633933,0.3608393131590913
6.378346920013428,0.06553993780297675,0.3609924068977888
6.389390707015991,0.06519352243961078,0.36114550063648776
6.400055885314941,0.06484710707624594,0.36129859437518624
6.415455341339111,0.06450069171288222,0.36145168811388423
6.426323413848877,0.06398217556248445,0.36168381721499515
6.438419818878174,0.06363687007418485,0.3618393981153432
6.44945216178894,0.06346421733003167,0.36191718856551874
6.460062026977539,0.06294681999168059,0.3621518008245173
6.470660209655762,0.06277416724752966,0.36222959127469184
6.483426570892334,0.06225676990917688,0.3624642035336912
6.4942100048065186,0.061912214261622675,0.3626214380799664
6.505196809768677,0.061739936437847254,0.36270005535310323
6.515840530395508,0.06156784755963894,0.3627790853613166
6.526517391204834,0.061224049671983354,0.3629379699396921
6.539428472518921,0.06070835284049773,0.3631762968072563
6.550216436386108,0.06053664481876523,0.3632561509209507
6.56120753288269,0.06019361259273754,0.3634166818796794
6.572988033294678,0.059850580366712085,0.36357721283840705
6.584453821182251,0.05967906425369768,0.3636574783177717
6.700254678726196,0.05659524631571018,0.36510965322680516
6.711438894271851,0.056254162697914466,0.3652742839118957
6.723133087158203,0.05608362088901494,0.3653565992544418
6.734643936157227,0.055572588877588265,0.3656047709714174
6.748309373855591,0.05454933802419723,0.366098663026691
6.759371519088745,0.05352373115507021,0.36658764382511777
6.77002477645874,0.05266711506118355,0.3669910257442943
6.781114101409912,0.05129498615707615,0.3676331495792076
6.793540954589844,0.04991676356686439,0.3682620877643062
6.808953762054443,0.04818652660354895,0.3690317061573225
6.819897174835205,0.04627523632038396,0.3698599987878421
6.831049680709839,0.04435415618887256,0.37066532503019456
6.843600034713745,0.042243986728724474,0.37150857560646194
6.854460000991821,0.040298747863241176,0.37225365612862876
6.865638017654419,0.0379894408930493,0.3731065899521864
6.876294136047363,0.036023577598428516,0.3737954155724757
6.888195991516113,0.03333178981868472,0.37470252719406294
6.899139165878296,0.03134692856430129,0.3753345280082606
6.910032510757446,0.02862622041206793,0.3761508123309979
6.921072721481323,0.026071048807270555,0.3768577222357339
6.932621002197266,0.023689194337221896,0.37747994733443085
6.944277048110962,0.020745244448077956,0.3781964681266063
6.955535888671875,0.017788096305709884,0.3788564058960318
6.966408014297485,0.015189994707459721,0.3793841289564782
6.977350234985352,0.012212368935280483,0.379944475060485
6.989515066146851,0.00903528044435302,0.3804638423821835
7.000284433364868,0.006035230627386005,0.38088804055655223
7.011448383331299,0.0032155752844099453,0.38123172164711333
7.023221492767334,0.0003905503561309337,0.3815280442750021
7.034067630767822,-0.002816328675337694,0.3818101091107523
7.046034812927246,-0.006217500112186296,0.38203544862847905
7.056993722915649,-0.009244048600028212,0.3821777414468227
7.067640542984009,-0.012272769129685744,0.38226197296492226
7.0789079666137695,-0.015113186779196215,0.38228647850576747
7.0906853675842285,-0.01908989705738389,0.3822731242574196
7.102084398269653,-0.02173988096403523,0.38219432807824555
7.113382816314697,-0.025334377769537827,0.38203567830129104
7.124141216278076,-0.02816877617639223,0.38184924167290507
7.13532567024231,-0.031565821668665395,0.3815684802715371
7.147271394729614,-0.03514524982288721,0.3812034170916928
7.158053398132324,-0.03796588060820973,0.38086783562902826
7.1691296100616455,-0.04134340433702079,0.3804084028239508
7.179927110671997,-0.04452671751254447,0.37992866235183564
7.192059278488159,-0.04825874514964513,0.37928360468290007
7.20342493057251,-0.052539464321302624,0.37848014038646494
7.219395875930786,-0.05660813239290307,0.37758440770516666
7.230411052703857,-0.06011049301548153,0.37676036455950207
7.243439197540283,-0.06377761872666565,0.3758136234656899
7.254378080368042,-0.0666962566174341,0.3750001151018893
7.265582799911499,-0.07015271727986834,0.37400088703704976
7.276249170303345,-0.07322533402768044,0.3730403351045128
7.287219285964966,-0.07682637379912885,0.37186703111799135
7.299362897872925,-0.08022535899253404,0.3706869986220294
7.310105323791504,-0.08324841291894418,0.36958030144029624
7.321112871170044,-0.08678260051013978,0.36821881410999874
7.332930564880371,-0.08993928821234994,0.3669327084410187
7.344381809234619,-0.09325817788222042,0.3655432666841479
7.3556809425354,-0.09672671416763638,0.36402228485746707
7.366322994232178,-0.09982157403142129,0.362593793532817
7.377285957336426,-0.10306634690886422,0.3610391147845434
7.3882856369018555,-0.10611519700252062,0.35951489099930756
7.400068044662476,-0.10931785337431216,0.3578752052974965
7.411104917526245,-0.11298437330363117,0.35589706765791773
7.422531366348267,-0.11579531661211584,0.3543279177573291
7.433448314666748,-0.11907994612670617,0.35244235719552597
7.445502758026123,-0.12249020889044343,0.35039674949735045
7.45620322227478,-0.12539206700194652,0.34860846413371877
7.467166423797607,-0.12874721255358157,0.34647365704643746
7.47818660736084,-0.1315919445588013,0.34459582721933646
7.489296913146973,-0.13457557407955467,0.3425849736892656
7.5011913776397705,-0.1379907499277718,0.34019897896191054
7.5130956172943115,-0.1409102791273957,0.33809614128652055
7.523800611495972,-0.1439567179781954,0.335845954625668
7.535622596740723,-0.14725972163300496,0.3333069462031679
7.547505855560303,-0.15037740671319855,0.3308382536922826
7.558542966842651,-0.15316029582449978,0.3285576605170964
7.569766283035278,-0.1559267129232926,0.3262571141750264
7.5803704261779785,-0.15908478692216924,0.32353995287491727
7.591484546661377,-0.16191994095022405,0.32102877161551785
7.604027032852173,-0.16473088715340503,0.31849052199754313
7.618470907211304,-0.16845925982861865,0.31499174885011877
7.629812240600586,-0.17118975756380547,0.3123671513955602
7.6405274868011475,-0.17415147306037776,0.30943719606645276
7.6534342765808105,-0.1770707439146473,0.3064649486688386
7.664050817489624,-0.17929327937577538,0.30413600688809866
7.675116062164307,-0.18187500097873252,0.30136493430782474
7.685964107513428,-0.18455778621577365,0.29842945030267465
7.697998762130737,-0.1870655519707575,0.29559127472698066
7.709142684936523,-0.18940890559897208,0.2928610236744878
7.719988822937012,-0.19197716075784146,0.289824830595728
7.731088399887085,-0.1946139658574062,0.2865993607415615
7.742945671081543,-0.19685090840325917,0.28378126473839904
7.754568576812744,-0.19930085615396456,0.2806488281482377
7.765772104263306,-0.20159821748560744,0.2776378049679506
7.77642822265625,-0.20373934600138005,0.2747462403887941
7.7873430252075195,-0.2058596255196655,0.27183935342834237
7.799321413040161,-0.20814885467332517,0.26858761037966644
7.810213088989258,-0.21007750534594272,0.2657770852287227
7.821439266204834,-0.21207042643762716,0.2627814479745134
7.833216667175293,-0.21404175396315803,0.2597715568097689
7.843918085098267,-0.2159913859790512,0.25674756738533294
7.855803966522217,-0.21790463532076546,0.2537004287286699
7.866661548614502,-0.21968245916548865,0.2507921496123866
7.87764048576355,-0.22154431222474777,0.24771333811730586
7.888979434967041,-0.22308100245189247,0.24510204990241877
7.90063214302063,-0.22508145425490142,0.24166510422982057
7.912077188491821,-0.2267606966950038,0.23869881195351883
7.923454284667969,-0.22824069882793216,0.23605498202670094
7.934270620346069,-0.2298771066709842,0.23306484584046042
7.9453699588775635,-0.23131893243482868,0.23040000410742267
7.957108974456787,-0.23291216719024507,0.22738664252022467
7.967956304550171,-0.23422780889658687,0.22486917159770456
7.9790403842926025,-0.23561181338896603,0.22217384702347054
7.990055799484253,-0.2369958178813471,0.21947852244923266
8.002982378005981,-0.23843879677772523,0.21660077235607805
8.018226623535156,-0.2403817239425636,0.21270267723995012
8.029584169387817,-0.24163053602546158,0.21015139494926036
8.04034686088562,-0.24302502695598283,0.20724983868774244
8.053342342376709,-0.2443309391523483,0.20451582399670828
8.064029455184937,-0.24546213041219483,0.202118110528213
8.075182914733887,-0.2465018363790858,0.1998866521951127
8.085922479629517,-0.24770766552667475,0.19731477564053157
8.096660852432251,-0.24881581523032445,0.1949063263930535
8.109149932861328,-0.2500822720344942,0.19215381296736733
8.119998931884766,-0.25110053472428256,0.18991248838477623
8.131158590316772,-0.25219133628796087,0.18749613255583866
8.142666101455688,-0.2532042234542334,0.18525237357182553
8.153610229492188,-0.25422248614402176,0.18301104898923443
8.165579319000244,-0.25531328770770056,0.18059469316029575
8.176288366317749,-0.2562383203448516,0.17851907245671556
8.187220811843872,-0.2571633529820014,0.1764434517531382
8.198085308074951,-0.25808838561915265,0.17436783104955741
8.210074186325073,-0.25901341825630364,0.1722922103459772
8.221068143844604,-0.26001553694654916,0.17004362125043512
8.232950687408447,-0.2609355915308051,0.1679657891477595
8.243638038635254,-0.2617880964577782,0.1660651748844755
8.254361629486084,-0.2627902151480242,0.1638165857889323
8.2662672996521,-0.2636335985169255,0.1619119063614794
8.277422904968262,-0.2645586311540763,0.15983628565789976
8.288509130477905,-0.2653294916850348,0.1581066017382512
8.299599885940552,-0.2661086356590914,0.15638063328900853
8.311483144760132,-0.26718784040243365,0.1539590758014995
8.323243379592896,-0.2678890699790838,0.152405704197183
8.333972692489624,-0.2686723489712289,0.1506816083644204
8.344672679901123,-0.2695339558625878,0.14878510294838296
8.35965371131897,-0.2704788472740754,0.14671844697666936
8.370391607284546,-0.27134499773460613,0.14482401233593106
8.381519556045532,-0.2721365332372115,0.14310369144487875
8.39341139793396,-0.2728563296758285,0.14155883567580888
8.40419864654541,-0.27349285523385825,0.14018410080579666
8.419930696487427,-0.27453790716176907,0.13795514112515883
8.431025505065918,-0.2753459009188031,0.13624248864766042
8.442662954330444,-0.27608047652925954,0.13470460538395193
8.45353889465332,-0.2767432460805191,0.13334232888089828
8.465445518493652,-0.27757170801959447,0.1316394832520791
8.476121664047241,-0.2782410008631187,0.13028039979678016
8.48706579208374,-0.27899395531208215,0.12875143090957156
8.4978346824646,-0.27958243545123523,0.12756364009816717
8.509931087493896,-0.2803500152225708,0.12604196090894818
8.52109980583191,-0.2811212403508247,0.12452212602915756
8.53299069404602,-0.28189610640459317,0.1230041441916565
8.564021110534668,-0.28371261230084177,0.11946653068797251
8.595315217971802,-0.28565989922413,0.11578353319250527
8.630078792572021,-0.287552295539175,0.11228592841789495
8.659605503082275,-0.28921016354750784,0.10930763717827217
8.671547889709473,-0.29006042856401726,0.1078305672198849
8.6834397315979,-0.29053868681019435,0.107013390889473
8.694176435470581,-0.29111494564537355,0.10603415780889046
8.705506324768066,-0.29188954133579836,0.10473221223966421
8.717258930206299,-0.29257276624200335,0.10359627227057017
8.72822117805481,-0.293160719839663,0.10262401600896756
8.739373922348022,-0.2937533277879034,0.1016545896368742
8.750044107437134,-0.2942510350200055,0.10084911113552464
8.76103663444519,-0.29495052623982976,0.09972311472379285
8.773686170578003,-0.29575302714895235,0.09843818163615364
8.784544467926025,-0.29635951600080845,0.097477378355662
8.795791387557983,-0.2968687560695892,0.09667914113693007
8.806509971618652,-0.29748213850716976,0.09572272404355736
8.823328733444214,-0.2983060859220514,0.09445143674071724
8.834251880645752,-0.2989286104037986,0.09350094479395483
8.845574140548706,-0.2994511721491654,0.09271136431844834
8.856294870376587,-0.30008051565180205,0.09176537360659358
8.868285179138184,-0.30071438710933834,0.09082241091032492
8.879369974136353,-0.30135277195308446,0.08988249790238202
8.890188694000244,-0.30188475932287595,0.08909923706242509
8.901359796524048,-0.3023118500169867,0.08847365035682976
8.913288593292236,-0.30295697739693866,0.08753835236428188
8.925158739089966,-0.3036065812882885,0.08660615793414964
8.935827016830444,-0.30415163584868377,0.0858319333987504
8.946658372879028,-0.30469854470878793,0.08505901761823961
8.957652807235718,-0.30513755272264054,0.08444173555063454
8.969874382019043,-0.3056900055843635,0.08367277265127207
8.980506896972656,-0.3063551590176014,0.08275160894080597
8.998528480529785,-0.30713631462960084,0.08168065058695599
9.009777545928955,-0.3076961150033876,0.08091702001755237
9.029847145080566,-0.3085947217821395,0.07969736162027748
9.05309247970581,-0.30972527632385255,0.07817819117286466
9.076469421386719,-0.31075583802634765,0.07682075651969857
9.099695205688477,-0.31179613457980476,0.07547076787487987
9.12532639503479,-0.3128396641534777,0.07412327676576946
9.145943641662598,-0.3137758353392099,0.07293220822875776
9.156660795211792,-0.3142467706120214,0.07233892485967046
9.16792917251587,-0.3146021012087283,0.07189566073428465
9.17905855178833,-0.3151960880558199,0.07115830889798248
9.199813842773438,-0.31591099119983024,0.07027519782573985
9.220073699951172,-0.3167499746406003,0.06924891196305123
9.231543064117432,-0.31723359858869504,0.06866592563041311
9.24338412284851,-0.31747541056274203,0.06837443246409453
9.255317449569702,-0.3180834271792949,0.06764860610812753
9.2660071849823,-0.31844928001240547,0.0672139860184917
9.276926517486572,-0.31881617360652914,0.06678024415009806
9.287635564804077,-0.31918410585352547,0.06634738299519173
9.299957752227783,-0.31967606423453804,0.0657714123895476
9.311031818389893,-0.320170778230725,0.06519780690736626
9.322083234786987,-0.32041813522881846,0.0649110041662756
9.33342981338501,-0.32091559346984355,0.06433977699110809
9.344116926193237,-0.32128868715061176,0.06391135660973314
9.35599684715271,-0.32166280671049796,0.0634838317885582
9.367141246795654,-0.3220379499998358,0.06305720498411271
9.377919435501099,-0.32241411486308325,0.06263147864775877
9.389026165008545,-0.3227912991388266,0.0622066552256863
9.40110731124878,-0.3232955678334468,0.06164143113663876
9.412128448486328,-0.3236737693544114,0.061217513069853784
9.423449754714966,-0.32405298594748144,0.06079450279415559
9.434315204620361,-0.3244332154337092,0.060372402740126924
9.44539737701416,-0.32481445562832306,0.059951215333124586
9.457175254821777,-0.32519670434074877,0.05953094299325635
9.468022346496582,-0.3257077110525657,0.05897180318275209
9.479068040847778,-0.3259632144084739,0.058692233277500186
9.490122556686401,-0.3263484754729826,0.058274720607054915
9.502594947814941,-0.3268608210105124,0.0577168073186427
9.513445854187012,-0.32711832818530334,0.05743908200158789
9.524128675460815,-0.3275045889474935,0.05702249402600161
9.535942554473877,-0.3277627611077881,0.056745386767975386
9.547079801559448,-0.32815001934823174,0.05632972588093424
9.559345245361328,-0.328538272841776,0.05591499447079017
9.570016384124756,-0.3289275193575432,0.05550119492056121
9.580654859542847,-0.32931775665895485,0.05508832960790554
9.592102289199829,-0.32957857388881096,0.054813710472711025
9.60413122177124,-0.3299717700708044,0.05440366208499198
9.61904263496399,-0.33036398221100366,0.053992672358978866
9.629960775375366,-0.3307591396931232,0.05358451371074079
9.640677452087402,-0.33102192500280164,0.05331177724852495
9.653466701507568,-0.3312860148222538,0.05304030374325464
9.664164781570435,-0.33168214955143366,0.05263309348534741
9.675285577774048,-0.332079259251515,0.052226833957569024
9.686082363128662,-0.33234464751099274,0.05195662964869633
9.697009563446045,-0.3326100357704714,0.051686425339822754
9.709178924560547,-0.3330100566703388,0.051283031986533445
9.719991683959961,-0.3332760918643441,0.051013464606542165
9.731147527694702,-0.33354341633783485,0.05074517572739341
9.742130756378174,-0.33394440304807316,0.050342742408668095
9.75426959991455,-0.33407838645359733,0.05020891875139724
9.76530122756958,-0.33461560167136745,0.04967491032729809
9.776003122329712,-0.33474990547581074,0.04954140822127254
9.787198781967163,-0.33501915233913426,0.049275048645900356
9.798000574111938,-0.3354230226341226,0.04887550928283904
9.809921026229858,-0.33555796491946777,0.04874265257873238
9.820660591125488,-0.3358284856467929,0.04847758686444287
9.832046270370483,-0.3362342667377787,0.048079988293010543
9.843326091766357,-0.3363698444025599,0.04794778004435434
9.854105234146118,-0.3366416327763294,0.04768401428332863
9.865981817245483,-0.33704931533697835,0.04728836564179523
9.876927375793457,-0.3371855252651264,0.04715680888721721
9.887669801712036,-0.3374585750386438,0.04689434914176259
9.898913145065308,-0.33773162481216296,0.046631889396306254
9.910631895065308,-0.337868149698923,0.04650065952357766
9.922093629837036,-0.33827866688165265,0.046107952813052196
9.933404684066772,-0.3384158193304459,0.04597737896425106
9.944027423858643,-0.33868949745226506,0.045715574490567984
9.955195188522339,-0.338964427549485,0.045455085069580306
9.967083930969238,-0.33923935764670543,0.04519459564859221
9.977977514266968,-0.33937682269531405,0.04506435093809965
9.989094257354736,-0.33951459955387714,0.04493443611428922
10.000028848648071,-0.3397907753075953,0.04467526773299978
10.012600660324097,-0.3400669510613153,0.04441609935170864
10.027432680130005,-0.34034312681503437,0.044156930970418354
10.038520336151123,-0.3406205418777252,0.04389908958546131
10.04977035522461,-0.3408979569404138,0.043641248200506355
10.06157898902893,-0.34117537200310327,0.043383406815550564
10.07333779335022,-0.34131469600092645,0.04325515258430928
10.084118127822876,-0.34173174449284544,0.04286938909044428
10.095255613327026,-0.34187106849066956,0.04274113485920216
10.106135368347168,-0.34201069952179797,0.04261321496494689
10.117830038070679,-0.3422905740460514,0.042358045320440005
10.128965854644775,-0.34257044857030533,0.042102875675932704
10.150347232818604,-0.3429902603566842,0.04172012120917363
10.163896799087524,-0.34327074573479216,0.04146562317485975
10.174635171890259,-0.34341098842384754,0.04133837415770157
10.185804605484009,-0.3436920830441653,0.04108454919590438
10.301326513290405,-0.34595054909056655,0.03906475363380829
10.313890933990479,-0.3460929071073616,0.038939875616305734
10.32525110244751,-0.3463782210041312,0.03869080278134579
10.336058139801025,-0.34666353490089796,0.03844172994638828
10.347086668014526,-0.34709150574605085,0.038068120693949575
10.357950210571289,-0.3475185797964324,0.037693486641445166
10.36982011795044,-0.34808681286533977,0.037192611041503856
10.380458116531372,-0.3489355507916397,0.036437220014491525
10.39204454421997,-0.34963676423691237,0.035800974928704356
10.403415203094482,-0.35047270822385296,0.035031449541255394
10.415295124053955,-0.3517154991155898,0.033865191825448275
10.430346727371216,-0.35307444098442575,0.03254636302033088
10.441596508026123,-0.35428029163413893,0.03134195010489754
10.453564643859863,-0.3554716207343778,0.03012317152156771
10.465646505355835,-0.3570325699400248,0.028471710270944542
10.476358652114868,-0.358179316077301,0.02721089325134075
10.48737382888794,-0.35967988923465416,0.02550438603355697
10.498329162597656,-0.3610251657464426,0.023913999182778405
10.509621381759644,-0.36258327785072964,0.022008039723499826
10.521556377410889,-0.3640999121725947,0.02006891231054312
10.533325433731079,-0.3655743628674587,0.01809751941759808
10.545281410217285,-0.3671160653273658,0.015940721543783044
10.556051969528198,-0.3683928350148605,0.014060895527893677
10.568034410476685,-0.36984007172277433,0.011839605485007117
10.579158067703247,-0.3712336519726594,0.009584265681229519
10.589989185333252,-0.3724771234127184,0.00745960722216114
10.60119104385376,-0.3738705627658696,0.004984349717518514
10.612958192825317,-0.375109745353415,0.0026406240385880774
10.624523878097534,-0.37638904497230824,0.00010449205655532843
10.635840892791748,-0.3776133376564012,-0.002458646716289929
10.64663052558899,-0.378692542399744,-0.0048802042038000905
10.65756368637085,-0.37987262479418726,-0.007670840070003853
10.669865131378174,-0.38098548119043907,-0.010488958881682225
10.680586338043213,-0.3820304721800668,-0.013332941446153813
10.692627191543579,-0.38288493170177196,-0.015842627177303066
10.703526258468628,-0.38392144666638855,-0.019089838560811197
10.714328527450562,-0.38461361494105867,-0.021452315623024826
10.726446628570557,-0.3855169817729652,-0.02473905768897636
10.737414598464966,-0.38624971908355915,-0.027679013305829517
10.749033451080322,-0.38687040115522126,-0.03045089474469202
10.759865999221802,-0.38744448735309545,-0.033232800203653566
10.772047996520996,-0.38804513849169764,-0.036588089051244395
10.783437728881836,-0.38855155135012,-0.039767268145108794
10.794226884841919,-0.3889242738302004,-0.0425832317276193
10.80544114112854,-0.389293085285188,-0.045781295486321705
10.816131353378296,-0.38966334894845805,-0.049740753503805295
10.83338737487793,-0.38989103772661377,-0.05371096266616496
10.844173669815063,-0.39000606763715095,-0.05654915594091872
10.855525493621826,-0.39007060106901004,-0.0599571730296765
10.866386890411377,-0.3900699107635285,-0.06279769630341693
10.878403902053833,-0.3900086668898571,-0.06639517128240464
10.889528512954712,-0.38987713987549716,-0.06980126078292524
10.90020227432251,-0.38967585267139426,-0.07301422159120043
10.911309242248535,-0.3894212172800126,-0.07603339429458625
10.923856496810913,-0.3890859329693122,-0.07942549238751963
10.935241460800171,-0.38864630354123586,-0.08299652907208038
10.9459810256958,-0.38825197343094997,-0.08580954821693064
10.95699405670166,-0.387692773873135,-0.08936382351452055
10.96769094467163,-0.38715741220581956,-0.09234604263466847
10.979726791381836,-0.38649090782332796,-0.09568887331377665
10.995519638061523,-0.38543576744998015,-0.10049805806301562
11.00636100769043,-0.3847157024967677,-0.10344114308702855
11.017439842224121,-0.38385809515428004,-0.10674012091162619
11.029589891433716,-0.3828176150720883,-0.11038175939984855
11.040267705917358,-0.3818185084388362,-0.11364067501343345
11.051574945449829,-0.3807570946457845,-0.11687983320669579
11.063344478607178,-0.3797107547809719,-0.11992430468486008
11.07514476776123,-0.3785335849777332,-0.12312321329490554
11.085878849029541,-0.3772425830675351,-0.12648161933116092
11.096680402755737,-0.3758954132890088,-0.12981789129614374
11.107929468154907,-0.37470061237247215,-0.13260225725004596
11.119202852249146,-0.3731572100979221,-0.13606087534102662
11.13121747970581,-0.37154777137430733,-0.1394892622321563
11.142640352249146,-0.37012412053785315,-0.14237662296298215
11.153627634048462,-0.3684086455616759,-0.14575320041454923
11.16443657875061,-0.3668957249270336,-0.14859480292850527
11.176491022109985,-0.36507587939518954,-0.1519162923414876
11.187485694885254,-0.3631926777331438,-0.15520227487041383
11.198546171188354,-0.36153869223981006,-0.15796415207295006
11.209702253341675,-0.3595540241013544,-0.16118986471677396
11.224674940109253,-0.3567917115974626,-0.16549239954792483
11.237187623977661,-0.3545715576431511,-0.1687916902886323
11.248291015625,-0.35272972976160305,-0.17143201294861157
11.2594473361969,-0.35052580037577197,-0.17451208193202983
11.27009654045105,-0.3484894733585313,-0.1772455993217522
11.28298306465149,-0.34606813884083953,-0.1804002058148052
11.293890476226807,-0.3437262638824845,-0.18337673926157938
11.304616928100586,-0.34144766945167965,-0.18616126515594814
11.31580376625061,-0.33902813322041675,-0.18907502116940336
11.327492952346802,-0.3365531695526313,-0.19194184598502576
11.338573694229126,-0.3341501626112927,-0.19461974342077334
11.349776983261108,-0.33172796067772864,-0.19728029126464583
11.360419273376465,-0.3288720116597985,-0.2003134335495067
11.371537208557129,-0.3262363062111457,-0.20303321046467068
11.38422441482544,-0.32344156128555196,-0.20586230992800802
11.395277738571167,-0.3207350660036939,-0.2085116519160508
11.40604305267334,-0.3184023957573729,-0.21073027383426415
11.416935443878174,-0.31548822206749827,-0.21343619228791452
11.427677392959595,-0.31266996951146653,-0.21596632710858332
11.43969202041626,-0.3098275872720477,-0.21846932388951576
11.45035171508789,-0.306648746248202,-0.2211621600632085
11.461529016494751,-0.3040164586845332,-0.22332775633749924
11.47344970703125,-0.3010687580657825,-0.22570582083253657
11.485413551330566,-0.2979263612517322,-0.22814298008782222
11.496151447296143,-0.29505701692003855,-0.23031379563564605
11.507285356521606,-0.2920094847460182,-0.23256250133640752
11.518195867538452,-0.28908390498239084,-0.23465691296814545
11.530182123184204,-0.2855242732817493,-0.23716672046236711
11.54314637184143,-0.2826967513100638,-0.239070365529256
11.553895711898804,-0.2797025457755565,-0.24106543702011426
11.564655065536499,-0.2768346164886757,-0.24290764402436837
11.575825929641724,-0.2737888523594688,-0.24482308076457945
11.587698698043823,-0.27072035039383946,-0.24670187631583693
11.59916639328003,-0.26746687773836453,-0.24864070208429107
11.610058784484863,-0.26468575186486476,-0.25026211275706156
11.626092910766602,-0.2605675771562798,-0.2525973514376087
11.638083696365356,-0.257582553013033,-0.2542430658433586
11.649520874023438,-0.25423990421416254,-0.2560237479283386
11.660172462463379,-0.2513842709582644,-0.2575100158724996
11.67141318321228,-0.24868004400168317,-0.2588765441607944
11.683870792388916,-0.24546103173457048,-0.26048388266300054
11.694640159606934,-0.24290468034815313,-0.2617222850751277
11.705941200256348,-0.24034536777640905,-0.2629545561919288
11.717037916183472,-0.237256690684194,-0.26439636715772613
11.72782015800476,-0.23467139121094677,-0.26557314223343975
11.73992109298706,-0.23173187023771571,-0.26688571609496936
11.750657081604004,-0.22912991388623535,-0.2680251879420054
11.762097835540771,-0.22651983071491746,-0.26914591930320925
11.7736337184906,-0.2237328844351745,-0.27033468901566343
11.807535171508789,-0.2151633472130118,-0.27389329410813273
11.844562768936157,-0.20544251270373906,-0.27763265998364056
11.87391471862793,-0.20029371941392296,-0.2795427543037279
11.905383110046387,-0.19460725638988,-0.2816368197893034
11.918964147567749,-0.19193243774292237,-0.2825928104540418
11.92986249923706,-0.18961228221436224,-0.2834157765002711
11.941580533981323,-0.18728626861594963,-0.28422203671257157
11.953508138656616,-0.18478341941430243,-0.2850963189422726
11.96424388885498,-0.1828136243909459,-0.28577381934394336
11.97537612915039,-0.18066653491548784,-0.28651805953991305
11.986161947250366,-0.17869512153956982,-0.2871908362707501
11.99823522567749,-0.1765427356476924,-0.2879196172099638
12.009557962417603,-0.1745729406243347,-0.2885971176116349
12.024613380432129,-0.17170543025936583,-0.28957570194739707
12.036152362823486,-0.16991323628125882,-0.2901873171572488
12.048081159591675,-0.1677626035075298,-0.2909212554090711
12.059154272079468,-0.16597040952942338,-0.2915328706189227
12.07009768486023,-0.16435743494912794,-0.292083324307789
12.08113145828247,-0.16238763992577082,-0.29276082470945997
12.093531847000122,-0.16041947457326736,-0.29344304488909895
12.104286432266235,-0.1586287518247611,-0.2940589543451634
12.115411281585693,-0.15701977733798708,-0.29462099292140004
12.126247882843018,-0.1554121547160772,-0.2951868866974653
12.13718295097351,-0.15362741969411003,-0.2958199375022563
12.149208307266235,-0.1518426846721423,-0.2964529883070476
12.160155773162842,-0.15023642315236985,-0.2970227340313602
12.171316623687744,-0.14863153196419612,-0.297596328430203
12.183100938796997,-0.14720618828864204,-0.2981096082324654
12.196428537368774,-0.14507188842775925,-0.2988897689779318
12.207466125488281,-0.14365153165815583,-0.29941669154899
12.218554258346558,-0.14223117488855008,-0.299943614120049
12.229739904403687,-0.140633273522744,-0.3005364020124903
12.240417242050171,-0.13921418390080567,-0.3010667277555573
12.253289222717285,-0.13779765302881286,-0.301603850681471
12.263985395431519,-0.13638112215681947,-0.30214097360738484
12.27518081665039,-0.13496718259183496,-0.30268488137109484
12.28605055809021,-0.13373228130142287,-0.303166726459046
12.297918796539307,-0.1323222896109598,-0.30372078799143903
12.309195041656494,-0.1309122979204944,-0.30427484952383294
12.320032835006714,-0.12985680848075107,-0.3046954606432969
12.33108115196228,-0.1284494892277582,-0.3052562754692495
12.34252381324768,-0.1270448747575828,-0.3058238306991844
12.354260921478271,-0.1258182320289264,-0.30632632796492837
12.365476131439209,-0.12459279734239023,-0.3068317641279318
12.376177310943604,-0.12371835476869955,-0.30719488709655135
12.38715124130249,-0.12232064335667313,-0.30777923592862316
12.399198293685913,-0.12110011118112272,-0.3082963984700794
12.41004467010498,-0.12022919046870066,-0.3086678890052223
12.4213285446167,-0.11866314056590993,-0.30934032782194465
12.436606407165527,-0.11762018488269349,-0.3097911216928832
12.44898509979248,-0.11657940234210282,-0.31024691043169694
12.459962129592896,-0.11536771928563165,-0.3107844790845264
12.47066330909729,-0.11415732829665218,-0.3113249506745689
12.48209810256958,-0.11312096375379263,-0.31179069760749334
12.493561267852783,-0.11243155056092678,-0.31210450429435027
12.505509376525879,-0.11139743077162913,-0.31257521432463514
12.51617956161499,-0.11036557950375045,-0.31305087663364145
12.527178764343262,-0.10950761364480124,-0.31345137967969655
12.55580735206604,-0.10693660355676014,-0.31465905516275217
12.577351331710815,-0.10505761358568923,-0.31555821917277577
12.612138986587524,-0.10249830101394569,-0.3167904902895766
12.643877744674683,-0.10012356507878672,-0.3179691559680614
12.656150817871094,-0.09927952022506707,-0.31839822052022737
12.66730523109436,-0.09843650629136926,-0.3188293070690988
12.678328037261963,-0.097594528121596,-0.31926241313768067
12.689485549926758,-0.09692177806726553,-0.31961051161744175
12.701243877410889,-0.09608293619295702,-0.3200496612672533
12.712980508804321,-0.09507759203943135,-0.3205790522420519
12.72372555732727,-0.09440906227965823,-0.3209351886590474
12.734634399414062,-0.0935734000799387,-0.3213803591802934
12.745810270309448,-0.09273880738320264,-0.3218275315582118
12.75765085220337,-0.09207199266460088,-0.3221868688903521
12.768951416015625,-0.09140690831301436,-0.32254939887874945
12.779865264892578,-0.0907435696145146,-0.3229151131911386
12.790668964385986,-0.08991439624138962,-0.3233722560816251
12.803534507751465,-0.08908632105113594,-0.32383138524025806
12.814399719238281,-0.08825934880181113,-0.32429249802891597
12.829557418823242,-0.0874334842451278,-0.32475559179808366
12.840317249298096,-0.0867736825501862,-0.3251276494691
12.853459596633911,-0.08595116951797556,-0.32559667016892624
12.864270210266113,-0.08529406040068965,-0.32597346294379503
12.875374555587769,-0.0846387652222642,-0.32635340164456794
12.886110305786133,-0.0841472938384455,-0.32663835567014743
12.897027015686035,-0.08332931564035354,-0.32711524116214097
12.909174680709839,-0.08283921600649097,-0.3274025480828623
12.920034408569336,-0.08202353345182664,-0.3278833495752041
12.93102240562439,-0.08137191129233023,-0.32826955385853496
12.942612648010254,-0.0808845889194427,-0.32856154670552024
12.954154014587402,-0.08023576085632499,-0.3289524269067666
12.965440511703491,-0.07942472577743104,-0.3294410271583227
12.97611951828003,-0.07893880885172974,-0.3297353529287309
12.98712682723999,-0.078291862169036,-0.3301293391936734
12.998042106628418,-0.0778080743442319,-0.3304271516487197
13.01003360748291,-0.07732500178479706,-0.3307261229184571
13.021151781082153,-0.0765210775875147,-0.33122633686272956
13.033088684082031,-0.07587889931320484,-0.3316280485145633
13.043859243392944,-0.07539871553088207,-0.3319316377979723
13.055826902389526,-0.07475944262437027,-0.33233795705448566
13.067021369934082,-0.07396035149123079,-0.3328458561251272
13.07768988609314,-0.073641202942873,-0.33304978135869556
13.08913540840149,-0.07300486846295018,-0.3334606872078557
13.099979639053345,-0.07252761760300845,-0.3337688665947256
13.112635374069214,-0.07189226991879728,-0.33418129659773466
13.123539686203003,-0.07125890677229912,-0.3345967677903217
13.134279012680054,-0.07094222519905005,-0.3348045033866152
13.145653247833252,-0.07031086114726554,-0.3352230062197333
13.157427549362183,-0.0698373381084274,-0.33553688334457166
13.16842794418335,-0.06936456881350396,-0.33585189463260273
13.179527521133423,-0.06889255597899488,-0.33616803827379343
13.190168619155884,-0.06842130231704713,-0.33648531245160834
13.201480627059937,-0.06795081053544705,-0.3368037153430151
13.214287519454956,-0.06748108333760788,-0.33712324511849273
13.228946208953857,-0.06685580345085557,-0.3375507848832348
13.239918231964111,-0.06654316350747966,-0.3377645547656057
13.250668048858643,-0.0659199404806594,-0.33819508728012065
13.263506650924683,-0.06545252321054496,-0.33851798666600635
13.274412631988525,-0.06498588129373868,-0.33884200555324717
13.285583972930908,-0.06483059333300456,-0.33895038439551495
13.296256303787231,-0.06421048243861946,-0.3393853874597313
13.307259798049927,-0.06390042699142513,-0.3396028889918407
13.319364070892334,-0.06343691325596444,-0.3399313672024544
13.330235004425049,-0.06312738006460492,-0.3401496113323863
13.341360569000244,-0.06266465504404019,-0.3404791996713032
13.353091478347778,-0.06235669927944631,-0.3406996640535925
13.36453652381897,-0.061894765632558496,-0.3410303606270243
13.375789880752563,-0.06158733921990908,-0.34125156256554995
13.386987686157227,-0.06127991280725866,-0.3414727645040763
13.397675514221191,-0.06082036918854586,-0.3418067743546952
13.40897250175476,-0.060514541418195074,-0.34203018131896507
13.420452356338501,-0.060055799762667395,-0.34236529176537095
13.431495428085327,-0.05975050839169678,-0.34258943117649066
13.443367004394531,-0.059445217020729656,-0.3428135705876078
13.454133033752441,-0.059141003707982996,-0.34303917102455267
13.466180086135864,-0.058684683738861515,-0.343377571679971
13.477187156677246,-0.05838101207875227,-0.34360390068750496
13.487978458404541,-0.05792550458859137,-0.34394339419880365
13.499090194702148,-0.057622376325998544,-0.3441704504764539
13.510019779205322,-0.057320340080556975,-0.3443989573762249
13.52252984046936,-0.057018303835113936,-0.34462746427599705
13.533505201339722,-0.05671626758967286,-0.3448559711757677
13.54533076286316,-0.056415330303282885,-0.34508592344573313
13.55853009223938,-0.05596392437369449,-0.34543085185068384
13.570589303970337,-0.05581373176792304,-0.34554618833828765
13.582051753997803,-0.05536398465187173,-0.34589327687081334
13.593531131744385,-0.05506470876482081,-0.3461253872760775
13.604257106781006,-0.05491507082129583,-0.3462414424787092
13.615963459014893,-0.05446699285561344,-0.34659068316144725
13.631028890609741,-0.054168833171504366,-0.3468242256620254
13.642587661743164,-0.054019753329451525,-0.34694099691231317
13.653639316558838,-0.05357335481261309,-0.34729238171843185
13.665754318237305,-0.05327631818424862,-0.34752735094666115
13.676432847976685,-0.05312779987006638,-0.3476448355607758
13.687500715255737,-0.05283132733131756,-0.34788051612970294
13.698568105697632,-0.0525348547925668,-0.34811619669863164
13.709755420684814,-0.052386618523192874,-0.34823403698309485
13.721670866012573,-0.052090711777562845,-0.34847042753852164
13.73342752456665,-0.051794805031933296,-0.34870681809394805
13.74412751197815,-0.05164685165911997,-0.3488250133716601
13.755310773849487,-0.05149918203299404,-0.34894356296348156
13.767015933990479,-0.05120441197112041,-0.3491813694129841
13.777799129486084,-0.05090964190924438,-0.3494191758624886
13.789092063903809,-0.05076225687830612,-0.34953807908724105
13.799938201904297,-0.050615157289418615,-0.3496573352617157
13.811076641082764,-0.050321530686193855,-0.34989655213963344
13.823710680007935,-0.05017471738458004,-0.35001616057859347
13.834448099136353,-0.04988166504305859,-0.3502560806109601
13.845714330673218,-0.049735138872296435,-0.35037604062714456
13.856498956680298,-0.04958890067431407,-0.35049635153127245
13.869043827056885,-0.049297001904457745,-0.35073767373281906
13.989469766616821,-0.047253710515462,-0.35242692914364643
14.000292539596558,-0.04710892475221645,-0.3525489840778504
14.011459589004517,-0.04681993920459524,-0.352793787366367
14.03644061088562,-0.045808489787917926,-0.35365059887617767
14.059771060943604,-0.04435479734147611,-0.35486419299747035
14.08310079574585,-0.0425896022748327,-0.35629526709116066
14.104294300079346,-0.039901134480747155,-0.3583907111875822
14.128248453140259,-0.036706894696891854,-0.36075951577551446
14.153560876846313,-0.03342956513311965,-0.36301196197975716
14.164291381835938,-0.031676941680028894,-0.36413775514902164
14.175614595413208,-0.029905675628765525,-0.36523398313806005
14.186299324035645,-0.027948037497571732,-0.36638790671968
14.204077243804932,-0.02432898015584605,-0.36845159779891484
14.224451065063477,-0.02046547633904139,-0.37046243089983905
14.236222505569458,-0.018076784605413863,-0.3716125506088533
14.24717926979065,-0.015488671754663938,-0.3727831251758828
14.259294271469116,-0.013050093759890462,-0.3738232986742795
14.270048379898071,-0.010587285067151958,-0.3748047246196969
14.28108263015747,-0.007751656426566828,-0.375872176355426
14.293114185333252,-0.0054275821678925135,-0.37668400985443473
14.3039071559906,-0.0025508208322547942,-0.3776350551810065
14.31582260131836,0.0003479090622991029,-0.37851687602098616
14.326576232910156,0.002719623329688908,-0.37917669889404687
14.337551593780518,0.005835136634291163,-0.37998738412450217
14.349013328552246,0.00841756327362129,-0.3805871309009432
14.361037015914917,0.011933628699787365,-0.3813505842101974
14.372662782669067,0.014540683043764852,-0.3818321350288222
14.383610725402832,0.01790116774841156,-0.3824030006793028
14.394393920898438,0.020712169425711503,-0.3828114642828388
14.405736207962036,0.023905290130672815,-0.3832208709969745
14.417511224746704,0.02710649948290588,-0.38356130069195343
14.433847904205322,0.03163695393321628,-0.38392258896101084
14.445263862609863,0.0348520585684062,-0.3840861000579195
14.456083059310913,0.03806994229418678,-0.3841802171202003
14.46794843673706,0.04128910750117356,-0.3842048963455883
14.479081153869629,0.04394015254426089,-0.38418073598792674
14.490043640136719,0.047347839756360144,-0.38410065536878274
14.501235246658325,0.05094178353347615,-0.38392993582266915
14.513787984848022,0.05434229115746262,-0.383694791313275
14.524524450302124,0.05736040085872685,-0.38342785156998294
14.536479234695435,0.06093947652128157,-0.38305934860091284
14.547447919845581,0.0641339496447683,-0.3826606317121699
14.559499025344849,0.06769379934255171,-0.38213809255986037
14.57026720046997,0.07105482484701339,-0.3815704195911427
14.58145523071289,0.07421826248310687,-0.3809735142246169
14.593438863754272,0.0777421779889759,-0.38024715581169766
14.604151964187622,0.08069580033885017,-0.37957161305972903
14.616008520126343,0.08419132686229414,-0.3787190455489761
14.627126932144165,0.08767205636027513,-0.3778079477504989
14.637948751449585,0.09058596406424055,-0.37697765570055725
14.649319648742676,0.0940316914362813,-0.375942020671186
14.661187410354614,0.09763997114829018,-0.37479117437378123
14.672996759414673,0.10086696470332152,-0.37369333210967315
14.683728694915771,0.10407783544825529,-0.3725491930882252
14.694492101669312,0.10708904649752732,-0.371410666974876
14.705824136734009,0.11061534001425065,-0.37002886246111316
14.71766185760498,0.11411448858226747,-0.36857969408605057
14.72899317741394,0.11706459793402574,-0.3672910946499571
14.739761114120483,0.1203442813077302,-0.36581148186116685
14.750440120697021,0.12376217825189598,-0.3641798844355094
14.763432025909424,0.12715625622795654,-0.36249929990245344
14.774338960647583,0.13034942294622123,-0.3608412096317261
14.785501956939697,0.1335224880366655,-0.35914496820777797
14.796170949935913,0.13617019980732498,-0.3576719219169514
14.807228803634644,0.13961715650965104,-0.355688769763218
14.819016695022583,0.14270528694889537,-0.3538424145897172
14.834272861480713,0.14722327851661932,-0.3510671224668175
14.845733404159546,0.15041180970496384,-0.3490232539433309
14.856496810913086,0.1530882497808189,-0.3472343150918312
14.868499279022217,0.15636771766528623,-0.3449849833316643
14.879657745361328,0.15946512147780634,-0.3428054835490246
14.890464782714844,0.1626729151916924,-0.3404550660410613
14.901588678359985,0.16553911518345107,-0.33828010060599367
14.953622579574585,0.18003769025728886,-0.32700175359794553
14.977396488189697,0.1849312006955608,-0.3225315799171396
14.989562034606934,0.18782189148112546,-0.31980058929928323
15.000355958938599,0.19081572704066446,-0.3169034621782111
15.011580467224121,0.19336506044147675,-0.31436447099114334
15.024223804473877,0.1962957027331539,-0.3114034352481228
15.035398244857788,0.1989209335219566,-0.308673546425137
15.04608154296875,0.20110747481366423,-0.30631077879506974
15.057119846343994,0.20390026659182153,-0.3032193857438607
15.069542169570923,0.20652339837974784,-0.30023047580949774
15.08025336265564,0.20911051954979742,-0.29721034219919934
15.091363906860352,0.2114050709570192,-0.29443895069381165
15.103208780288696,0.21354723329514735,-0.29178755755846564
15.114068508148193,0.21591326289528145,-0.2888301881849126
15.126179695129395,0.21833759316245868,-0.28567788335697775
15.137231826782227,0.22061033186048434,-0.2826482318108709
15.148435831069946,0.22250492362864588,-0.28004551097949876
15.15956449508667,0.22482212077341535,-0.2768136384008139
15.171462535858154,0.22708476518070086,-0.27354334127994967
15.183265924453735,0.2290039669668029,-0.2707263553827001
15.195828914642334,0.231195538261109,-0.2674080096751907
15.206617593765259,0.23303980400713162,-0.2645414038600987
15.217562437057495,0.23487030572442644,-0.2616659893675324
15.229708671569824,0.23715619710474364,-0.2579585897263238
15.246154308319092,0.23916980832406587,-0.25452933720864845
15.257331609725952,0.24107969908323212,-0.25125879490371006
15.268314838409424,0.24277029924387014,-0.24829896110129301
15.28026270866394,0.24443244245807164,-0.2453230536805967
15.291446924209595,0.24570296848259743,-0.24299617010715352
15.303271770477295,0.2474120945898249,-0.23983002655606586
15.31412672996521,0.24864339973559083,-0.2374821527985183
15.326066017150879,0.25021201619197875,-0.2344559030643073
15.337029218673706,0.251679768089323,-0.2315907088192513
15.34780764579773,0.25295662980437267,-0.22905334855594228
15.359030485153198,0.2542152120004434,-0.22650687181327997
15.37004566192627,0.25563468311508813,-0.22361745397420907
15.382590770721436,0.25693796722299755,-0.22088218551764377
15.395966053009033,0.25856707235788506,-0.21746309994693577
15.407192945480347,0.2596844457165548,-0.2150589160270359
15.41803765296936,0.26079028030304663,-0.21264940292047912
15.430070400238037,0.2620408750438358,-0.20988964644757643
15.441230297088623,0.26327822482617813,-0.20712392619571388
15.453005313873291,0.2642727868890452,-0.2048719845683528
15.463730573654175,0.2653496639311142,-0.2024493910449483
15.475709438323975,0.26655377756499066,-0.19966903974482167
15.48659372329712,0.26753211989251585,-0.1974100043134672
15.497575998306274,0.2685050443571797,-0.19514863022323028
15.508643865585327,0.2694725453686342,-0.19288493046778946
15.51979112625122,0.2704346173676919,-0.19061891805419207
15.531655550003052,0.2715384298200016,-0.18800163491793945
15.544291257858276,0.27257450735744826,-0.18556131385714264
15.555633544921875,0.2734525357465378,-0.18346537663650261
15.5663161277771,0.2743305641356282,-0.1813694394158603
15.578324794769287,0.27520859252471913,-0.17927350219521687
15.58946704864502,0.2760866209138096,-0.17717756497457457
15.600195407867432,0.27688226020624856,-0.17525245268054435
15.611518144607544,0.2777451937221223,-0.17315025563171693
15.623337030410767,0.2785454453457669,-0.1712270560666293
15.638943672180176,0.27963040801727523,-0.16860190293840482
15.649928331375122,0.28043065964091984,-0.1666787033733172
15.66111421585083,0.2811539680885917,-0.16492860128783496
15.673213243484497,0.28194960738103164,-0.16300348899380246
15.685382604598999,0.28289535929988374,-0.16073061678051864
15.696184635162354,0.28354633690278946,-0.15915552490358212
15.70717453956604,0.28427383837883013,-0.15740716166259316
15.717968702316284,0.28492858970726687,-0.1558336347457029
15.73005199432373,0.2856602800315092,-0.15408702039516708
15.741173028945923,0.286465139388175,-0.15216574460957916
15.752619743347168,0.287127426859561,-0.15059537472782739
15.763526201248169,0.28779347670506217,-0.14902659690303008
15.774332523345947,0.28838217667962707,-0.14763071256369603
15.786399364471436,0.2892008313816269,-0.1457152743090927
15.79749584197998,0.28979955412911224,-0.1443236594843318
15.80858039855957,0.290398276876598,-0.14293204465956974
15.819716215133667,0.29107933773199507,-0.1413697251111041
15.831445217132568,0.29175665165105097,-0.13980577750478188
15.843247175216675,0.29243771250644757,-0.13824345795631737
15.854102373123169,0.29297033774521314,-0.1370295937790447
15.865221738815308,0.2935823759377486,-0.13564378354681822
15.876016616821289,0.29420105082891856,-0.13426092342088977
15.887685298919678,0.2947423913586928,-0.13305092081070127
15.898979187011719,0.29536437927642245,-0.13166954766087932
15.910021543502808,0.2959144071028028,-0.1304634691907734
15.92107081413269,0.2965463125807989,-0.12908660455845364
15.9337899684906,0.2971848116428963,-0.1277127851756529
15.944549322128296,0.2977434983222296,-0.12651069321570632
15.95591115951538,0.29831081496309314,-0.12531264992982644
15.967101335525513,0.29887525818785204,-0.12411325019167842
15.977940797805786,0.29944831186515997,-0.12291794045409442
15.992993831634521,0.30010650302479824,-0.12155344598864999
16.00387668609619,0.3007712281624774,-0.1201921226471223
16.014628648757935,0.301269772015738,-0.11917113014097402
16.025925636291504,0.30185711037390467,-0.11798277432773095
16.04164719581604,0.30270023213890657,-0.11628713931114922
16.05345129966736,0.30329610093926307,-0.11510303785493825
16.06444811820984,0.303809277043737,-0.11408932095312149
16.075763463974,0.3042409687782502,-0.11324661676339888
16.08763551712036,0.3048481634922642,-0.11206828299696873
16.09898567199707,0.30545818100308275,-0.11089140810032913
16.109857082366943,0.30589592157630074,-0.11005183005418047
16.120524883270264,0.3065115741491843,-0.10887789317540561
16.131648063659668,0.3071300389549507,-0.10770543542782116
16.144107341766357,0.3076625590849491,-0.1067017452453566
16.155276775360107,0.3081998849003563,-0.10570061955927808
16.16602325439453,0.3086516508596083,-0.10486850440914448
16.177045822143555,0.3091961620129771,-0.10387126859195331
16.189173936843872,0.3097454477709939,-0.10287665468330735
16.20003056526184,0.31029473352901005,-0.10188204077466248
16.21122932434082,0.310848781267077,-0.10089007163443071
16.22296380996704,0.31140282900514393,-0.09989810249419896
16.23371934890747,0.3118684931585387,-0.09907368451691671
16.245675325393677,0.31233613215661093,-0.09825038513485532
16.256378173828125,0.31289966554349047,-0.09726377386738261
16.26745867729187,0.31337321290817766,-0.0964438586288267
16.278491735458374,0.31384872430154326,-0.09562508086911396
16.29034972190857,0.3143261969913353,-0.09480744529287856
16.30145812034607,0.3148056282340311,-0.0939909565981939
16.313300371170044,0.31528701527485486,-0.09317561947654243
16.32411766052246,0.31577035534779807,-0.09236143861278122
16.335291624069214,0.3162556456756195,-0.09154841868514167
16.347020626068115,0.3168403310287362,-0.09057419350116949
16.357821941375732,0.31723323048239715,-0.08992658620772331
16.368977308273315,0.3178225796628892,-0.08895517526755299
16.37979483604431,0.318218579304535,-0.0883094590210237
16.392077445983887,0.3188125787670018,-0.08734088465123295
16.40340280532837,0.319111896813084,-0.08685802688221568
16.414124011993408,0.3196126878581561,-0.08605446205334898
16.425287008285522,0.3200148605001613,-0.08541257237962144
16.44025444984436,0.32072403979703895,-0.08429265246698654
16.452044010162354,0.3211308179564377,-0.08365367146863857
16.46349287033081,0.32164311399700013,-0.08285739207555654
16.47426748275757,0.3220544766380303,-0.08222135279628044
16.485435009002686,0.32236299861880136,-0.0817443233368257
16.497101545333862,0.32287910622623855,-0.08095050910001325
16.508087396621704,0.3231899115950825,-0.08047496421201171
16.51929545402527,0.32370981890735406,-0.0796836333762233
16.529977083206177,0.3240229005208259,-0.07920958398943699
16.543470859527588,0.32454659558855686,-0.07842075474235459
16.554168701171875,0.3249670631383434,-0.07779069742210994
16.56541919708252,0.3253905464227334,-0.07716266311169848
16.576215267181396,0.3257081588860259,-0.07669163737888988
16.587172269821167,0.3260268995155773,-0.07622137433666652
16.59919762611389,0.32656001112282756,-0.0754388782540976
16.61003541946411,0.3267740054303061,-0.07512639188132317
16.62108850479126,0.3272049853174084,-0.07450347814401527
16.632940530776978,0.32763596520451066,-0.07388056440670736
16.644470930099487,0.32796143614482387,-0.07341493409753685
16.655688762664795,0.3283968843459166,-0.07279513570178475
16.66637682914734,0.32861460844646434,-0.07248523650390667
16.677348852157593,0.32905302302755585,-0.0718675328190383
16.688398599624634,0.32938183396337534,-0.07140425505538574
16.700049877166748,0.329711754460903,-0.07094176680351427
16.711236000061035,0.3300427826244402,-0.07048007072084689
16.722968816757202,0.33037491655192663,-0.07001916946025083
16.733652353286743,0.3308192335959526,-0.06940569773995589
16.745765447616577,0.33104139211796524,-0.06909896187980892
16.756454467773438,0.33148864510926884,-0.06848762731593466
16.76745057106018,0.33171227160491956,-0.06818196003399903
16.77846646308899,0.3321624502639865,-0.06757277667725621
16.789597272872925,0.3323875395935214,-0.06726818499888282
16.80149245262146,0.3328406335736006,-0.06666116685053161
16.8134126663208,0.33318045405866076,-0.06620590323926721
16.824104070663452,0.33352136486336414,-0.06575145550735177
16.835327625274658,0.33386336402886424,-0.06529782626600611
16.851176977157593,0.3342064495900608,-0.06484501812174803
16.863101482391357,0.33455061957561055,-0.0643930336763784
16.87406086921692,0.33478078786382887,-0.06409226157677055
16.885194063186646,0.3351260402961537,-0.0636411034273622
16.896930694580078,0.3354723731914657,-0.0631907741662274
16.907668590545654,0.3357039807703281,-0.06289110897602775
16.918975353240967,0.33605139213862123,-0.06244161119072876
16.929927825927734,0.33639987998369647,-0.06199294746404536
16.940555810928345,0.33663292153001373,-0.06169439607065578
16.95343565940857,0.33698248384948737,-0.061246568980574324
16.964158058166504,0.3372162403730291,-0.06094857706037569
16.975391626358032,0.3374499968965731,-0.060650585140174136
16.986424446105957,0.3378027705632548,-0.060205283379676185
17.010385751724243,0.3383925040131215,-0.059464525279397135
17.023452758789062,0.3386291069731361,-0.05916878834204039
17.034149408340454,0.33886570993314913,-0.05887305140468557
17.04535412788391,0.3392227369895028,-0.05843115254879585
17.057183980941772,0.3393413925797922,-0.05828356808113656
17.067973613739014,0.3396984196361474,-0.05784166922524491
17.079063415527344,0.33993714316307677,-0.057547641378784306
17.08994174003601,0.3400565049265403,-0.05740062745555544
17.10263967514038,0.3404156463934412,-0.05696044530625936
17.113786220550537,0.3406557767799816,-0.056667565306491835
17.12451457977295,0.34089590716652124,-0.05637468530672527
17.13567805290222,0.3411374388935975,-0.056082959885105164
17.146374940872192,0.3413789706206722,-0.055791234463486966
17.15835213661194,0.3414997364842123,-0.05564537175267454
17.16955828666687,0.34186308196064347,-0.05520865332786858
17.180246114730835,0.3421060094769709,-0.0549180891893157
17.191412687301636,0.3422274732351358,-0.054772807120037834
17.203924894332886,0.34259290821392663,-0.05433783563351926
17.21508765220642,0.34283722593614496,-0.05404843945625716
17.225998163223267,0.34295938479725296,-0.05390374136762753
17.237081050872803,0.3432043955186646,-0.05361493166696426
17.253640174865723,0.3434494062400747,-0.053326121966302875
17.2645046710968,0.34369441696148717,-0.05303731226563867
17.275813102722168,0.3439408094538717,-0.05274968049323068
17.2866427898407,0.3441872019462578,-0.05246204872082081
17.297658920288086,0.34431039819244963,-0.052318232834617284
17.30991840362549,0.34455747944867804,-0.05203119250709277
17.320568799972534,0.34468102007679063,-0.05188767234333238
17.331637382507324,0.3449287886771515,-0.0516012251100049
17.343412399291992,0.3450526729773299,-0.0514580014933435
17.355371713638306,0.3453011274981598,-0.051172149000121556
17.366092681884766,0.34542535475857594,-0.051029222753509185
17.377100706100464,0.34567449377227827,-0.05074396664287459
17.387927293777466,0.34567449377227827,-0.05074396664287459
17.399037837982178,0.3459236327859822,-0.050458710532238125
17.41067886352539,0.3460488846364421,-0.0503166813163806
17.422118663787842,0.34642361774900177,-0.04988969418290163
17.433445692062378,0.34642361774900177,-0.04988969418290163
17.44416356086731,0.34654886959946246,-0.04974766496704318
17.45604705810547,0.34680005348688675,-0.04946420782477761
17.46720790863037,0.3469256454305989,-0.04932247925364482
17.47807002067566,0.3470508972810596,-0.049180450037786365
17.489382028579712,0.34717648922477257,-0.049038721466652654
17.500081300735474,0.34742835185541715,-0.04875586724256047
17.512943506240845,0.34755428317074066,-0.048614440130513
17.52370285987854,0.34780682309742383,-0.04833219044985103
17.535816431045532,0.34793309306076625,-0.04819106560951912
17.546637535095215,0.34793309306076625,-0.04819106560951912
17.558895349502563,0.348186308832413,-0.04790942209407236
17.569796323776245,0.34843952460405814,-0.04762777857862744
17.580445289611816,0.34843952460405814,-0.04762777857862744
17.591636657714844,0.34856613248988194,-0.047486956820903606
17.603406190872192,0.3488200226515314,-0.047205921088976845
