0.006081104278564453 2358 0
0.013904094696044922 2358 0
0.020143508911132812 2358 2
0.027410507202148438 2359 6
0.03603196144104004 2360 12
0.04392719268798828 2361 67
0.050221920013427734 2363 198
0.05739903450012207 2365 221
0.06485176086425781 2366 258
0.07242584228515625 2369 296
0.07882213592529297 2371 310
0.08749008178710938 2374 346
0.09506654739379883 2377 367
0.10258865356445312 2379 388
0.10896444320678711 2381 399
0.11624264717102051 2385 424
0.12389278411865234 2389 438
0.13065433502197266 2393 462
0.1387326717376709 2395 480
0.14593291282653809 2399 493
0.15341854095458984 2403 498
0.16007375717163086 2407 509
0.1673133373260498 2411 526
0.1749255657196045 2414 534
0.18316888809204102 2419 552
0.18991637229919434 2424 562
0.19748759269714355 2427 561
0.2049415111541748 2431 575
0.2126297950744629 2435 580
0.21905303001403809 2440 598
0.2262892723083496 2444 602
0.23466777801513672 2449 605
0.2422187328338623 2453 606
0.2486586570739746 2457 609
0.25588011741638184 2462 623
0.26315975189208984 2467 629
0.2697763442993164 2471 634
0.27718067169189453 2476 632
0.2853991985321045 2481 635
0.29346489906311035 2487 643
0.3000760078430176 2491 654
0.30743956565856934 2495 651
0.31488656997680664 2499 651
0.32921576499938965 2510 658
0.3382093906402588 2515 665
0.34641218185424805 2521 666
0.35510921478271484 2527 660
0.36275458335876465 2531 665
0.3691251277923584 2537 670
0.3763854503631592 2541 674
0.38401365280151367 2546 671
0.3925313949584961 2551 672
0.3994255065917969 2557 673
0.40680670738220215 2561 680
0.41431617736816406 2567 682
0.4214632511138916 2572 676
0.42829442024230957 2576 677
0.435405969619751 2581 685
0.44513940811157227 2588 690
0.4528982639312744 2593 682
0.45931077003479004 2597 680
0.4665522575378418 2601 679
0.4742581844329834 2607 688
0.4813535213470459 2613 691
0.4889039993286133 2617 687
0.49676036834716797 2623 681
0.5042564868927002 2628 687
0.511347770690918 2633 691
0.518345832824707 2637 690
0.5253462791442871 2643 683
0.5328547954559326 2647 684
0.540656566619873 2654 686
0.5474457740783691 2658 694
0.5548951625823975 2663 693
0.5626084804534912 2668 685
0.5690517425537109 2673 685
0.5764110088348389 2677 690
0.5840227603912354 2683 695
0.5922589302062988 2689 692
0.5992062091827393 2694 688
0.6064393520355225 2698 689
0.6140174865722656 2704 695
0.6206824779510498 2709 699
0.6274752616882324 2713 692
0.6350347995758057 2717 686
0.64341139793396 2725 691
0.6500136852264404 2729 698
0.6572282314300537 2735 695
0.6646292209625244 2739 692
0.6721408367156982 2744 687
0.6785788536071777 2748 692
0.6857922077178955 2753 697
0.6944398880004883 2759 695
0.7017688751220703 2765 691
0.7083156108856201 2769 690
0.7152950763702393 2775 698
0.7285857200622559 2783 698
0.7359805107116699 2789 691
0.7445132732391357 2794 689
0.7518525123596191 2799 699
0.7586956024169922 2803 699
0.7658908367156982 2809 696
0.7731854915618896 2815 691
0.7798144817352295 2819 690
0.7869596481323242 2823 699
0.7951667308807373 2830 698
0.8031113147735596 2835 692
0.8094964027404785 2840 691
0.8171536922454834 2845 698
0.824739933013916 2849 698
0.8322732448577881 2855 696
0.8386752605438232 2859 692
0.8468911647796631 2865 691
0.854363203048706 2871 697
0.8614563941955566 2876 700
0.8711967468261719 2883 697
0.878117561340332 2887 690
0.8851890563964844 2893 692
0.8927342891693115 2897 697
0.900031328201294 2903 697
0.9072046279907227 2908 691
0.9146449565887451 2912 691
0.9221949577331543 2917 696
0.928607702255249 2922 699
0.9359903335571289 2927 698
0.943284273147583 2933 689
0.951779842376709 2939 689
0.9585676193237305 2943 696
0.9657504558563232 2949 699
0.9730367660522461 2953 693
0.9794564247131348 2958 691
0.9867937564849854 2962 692
0.9944252967834473 2967 698
1.0091547966003418 2979 692
