14.759037733078003,-0.007692519320865097,-0.9509406651561397
14.771196126937866,-0.007692519320865097,-0.9509406651561397
14.782360076904297,-0.007631656933691843,-0.9512932431482127
14.793152093887329,-0.007569266035676415,-0.951645553872588
14.804373502731323,-0.00737751132953736,-0.9527016643633338
14.816528797149658,-0.007240525490646235,-0.9534040152461551
14.827844619750977,-0.007016802502479005,-0.9544538186851643
14.838563919067383,-0.006621198705443691,-0.9561984918357584
14.854561567306519,-0.0060145226964620855,-0.9586284511528528
14.87425708770752,-0.004945708936792203,-0.9624162617470668
14.885247945785522,-0.004151381222025758,-0.9647915094276597
14.896654844284058,-0.0031615997790880226,-0.967477272413815
14.90787959098816,-0.0015380752078364578,-0.9714519919941578
14.933045387268066,0.0018134187787663557,-0.9785742792573734
14.958791971206665,0.005463207010659094,-0.9847293774798632
14.982528686523438,0.010257875021258963,-0.9914175268988084
15.006824016571045,0.017113046592795875,-0.9992064699307179
15.033785820007324,0.022745432251157355,-1.0041795026431497
15.047202825546265,0.027074955897196402,-1.0073510489376385
15.058452129364014,0.030997956772053938,-1.0098499844466775
15.069213390350342,0.03505553831244952,-1.0121238900263942
15.081084966659546,0.03859184203297568,-1.01385143972082
15.12704873085022,0.05995121502770305,-1.0230515782433198
15.174856662750244,0.07734665681932629,-1.0252341798885711
15.205313920974731,0.08803918968405423,-1.0242941455618053
15.232889413833618,0.09956741074143198,-1.021742877875557
15.268553972244263,0.1173661330750391,-1.0152006351110323
15.299166440963745,0.12744803961268503,-1.0090553923883374
15.311434268951416,0.1317576858514868,-1.0058568880197178
15.32409381866455,0.1370543180947653,-1.0015955183115548
15.33516526222229,0.14157103030931986,-0.9975217262460233
15.348034858703613,0.14699517865751163,-0.9923223573169824
15.358988523483276,0.15167282666702214,-0.9873894885766509
15.371147394180298,0.15591854814134465,-0.9825468796044107
15.382412433624268,0.16026562941746733,-0.9773203636244292
15.394785165786743,0.16484122130275636,-0.9713606000835905
15.406281232833862,0.16902463459952163,-0.9655549785445526
15.418598175048828,0.1734586735011789,-0.9590512267949373
15.42997694015503,0.1775282072108454,-0.9527350793972464
15.441997051239014,0.18164705337050965,-0.9460272784077228
15.454401731491089,0.18541075543183605,-0.9395242507008031
15.465434789657593,0.18920503683105422,-0.9326276633950685
15.476909160614014,0.19221110052153723,-0.9269319989400374
15.48833155632019,0.19549615432064585,-0.920574750336819
15.50120234489441,0.1990824714859501,-0.9131680970324008
15.512630939483643,0.20211695068289853,-0.9066875010513652
15.524104833602905,0.20518463700244172,-0.8998286291901681
15.535229921340942,0.20773737206831672,-0.8939158839581244
15.547955751419067,0.2107155629785014,-0.8870176811874125
15.55888557434082,0.2135434821016223,-0.880056524961862
15.572693586349487,0.21620796108526444,-0.8734152344237319
15.58421802520752,0.21868439689180538,-0.8670842905283612
15.595205307006836,0.2212622453839851,-0.8604088965012299
15.607962369918823,0.22384009387616666,-0.8537335024740943
15.618887424468994,0.22616015751912946,-0.8477256478496733
15.631153583526611,0.22848022116209227,-0.8417177932252523
15.642435312271118,0.23072052497511375,-0.8360629271925637
15.659104585647583,0.23437000932159358,-0.8267331151362319
15.671438217163086,0.23645542894815363,-0.8214017939611853
15.682868957519531,0.2389866839826137,-0.8150925679499612
15.694520473480225,0.24114128902880122,-0.8097888298733509
15.70670461654663,0.24369988252114824,-0.8034906409073778
15.718226909637451,0.2461496671993203,-0.7975345039440291
15.729137420654297,0.2487355510262804,-0.791247470482715
15.741212844848633,0.25107361070654943,-0.7856323170606111
15.753848791122437,0.25390998300196427,-0.7790626001361212
15.764785766601562,0.25636924466646654,-0.7734994622546885
15.776018142700195,0.2590908403844421,-0.7672699757864406
15.787372827529907,0.2615501020489445,-0.761706837905008
15.79986834526062,0.26482607214900894,-0.7545494984757616
15.812037229537964,0.2676553190536125,-0.7483681598777709
15.823030948638916,0.2703610297237932,-0.7425238342310564
15.83449101448059,0.27301178588945363,-0.7370493513538765
15.84583592414856,0.2762568901252748,-0.7302726175490076
15.858258247375488,0.2790635731242089,-0.7244761062672883
15.869675874710083,0.28239656983466516,-0.7177421657053673
15.881816864013672,0.28543853276836745,-0.7116626882261644
15.892813682556152,0.28834534348450613,-0.705915735646216
15.904906988143921,0.29151841071334916,-0.699903645388128
15.916244983673096,0.29466537447716334,-0.6938778505045082
15.927956819534302,0.2980054452443685,-0.6875493344433592
15.93888807296753,0.3013455160115724,-0.681220818382212
15.950587511062622,0.30491009428382293,-0.67460654561006
15.962955713272095,0.30799000567740514,-0.6689504729175261
15.974398136138916,0.3112926852426086,-0.6630085967323659
15.985806703567505,0.31474203196917105,-0.6567389719089697
15.99720287322998,0.3178952697161078,-0.6511234484064929
16.009443283081055,0.32180861286233575,-0.6442937168435465
16.021694898605347,0.325188318306806,-0.6383953123119095
16.03277850151062,0.3288263806505647,-0.6322332760698015
16.044386386871338,0.33228253987713563,-0.6263793416397986
16.061311960220337,0.3376994961925688,-0.6171127075218691
16.072643280029297,0.34118101064080786,-0.6112738170402059
16.084389686584473,0.3448190729845679,-0.605111780798096
16.095431566238403,0.3486390384455166,-0.5986416427438791
16.108287572860718,0.35248702809883425,-0.5921881322115131
16.119218111038208,0.3561784009281893,-0.5860578830403271
16.13133406639099,0.35968520511607804,-0.5802341463276981
16.14259624481201,0.36326748088037103,-0.5744565269858951
16.15419912338257,0.36701188648006394,-0.5683585260863312
16.166460037231445,0.37094351235974393,-0.5619556251417855
16.178029537200928,0.37490286978343534,-0.5555698353429516
16.18910264968872,0.3787000264483678,-0.5495045414895465
16.20120859146118,0.38249718311329656,-0.5434392476361475
16.213717937469482,0.38653928627252815,-0.5371055106181175
16.225151777267456,0.3906088199821932,-0.5307893632204286
16.23679780960083,0.3942659609357843,-0.5250588392517339
16.248437881469727,0.3982805575187317,-0.518707631741382
16.261744737625122,0.4025151417807848,-0.5120722881986824
16.27282953262329,0.4066120294991073,-0.5057738492185179
16.284414052963257,0.41034341658214,-0.5000913906531789
16.295743465423584,0.41463539419181333,-0.49349302600728856
16.308271408081055,0.4187322819101344,-0.48719458702712587
16.319732904434204,0.4226600577870106,-0.48121305169519063
16.332437753677368,0.4267842224577305,-0.47493243959665926
16.344247341156006,0.4311332705141089,-0.4683715502662877
16.355419158935547,0.43508695056536006,-0.4624071054204982
16.36811852455139,0.43923831461917356,-0.4561444383324196
16.379124879837036,0.44341679997520367,-0.4498998340460877
16.391252279281616,0.4470215383185653,-0.44456289916064046
16.402470350265503,0.45107808658874293,-0.4386679348352314
16.415831327438354,0.4559459445129581,-0.4315939776447385
16.42717170715332,0.45979966536962746,-0.42599376153559976
16.43849754333496,0.4637259203774513,-0.42044415735838536
16.449987649917603,0.4680388232294161,-0.41429162198238695
16.466973543167114,0.47395783312022793,-0.405769513514287
16.478483200073242,0.478116028877418,-0.39994580367337973
16.489980220794678,0.4822742246346026,-0.39412209383248004
16.502110958099365,0.4866403301796504,-0.38800719849952986
16.51427173614502,0.49103291414125805,-0.3819112958835348
16.525381803512573,0.4952414662939276,-0.37612387184131874
16.536917209625244,0.4992395908389612,-0.37062581900121666
16.548500299453735,0.5033089081416061,-0.36518024817708705
16.559853076934814,0.5082062888537817,-0.3585669399170724
16.572477102279663,0.512322686050223,-0.3531568697667616
16.58421516418457,0.5166309973556288,-0.34744332078544476
16.59520149230957,0.5207238930957605,-0.3420154492531988
16.60669469833374,0.5248870604946347,-0.33664128679573924
16.618831872940063,0.5298984230356647,-0.33011392672720236
16.63055658340454,0.5344481252001566,-0.32413437550843305
16.64482879638672,0.5393491860154733,-0.31797490388445404
16.656249046325684,0.543976298677139,-0.3120550516076075
16.66850733757019,0.5486290414253525,-0.3061553221661577
16.679848670959473,0.5530845512574594,-0.30055580250799424
16.69197177886963,0.5577628365811725,-0.2946763068669211
16.702955961227417,0.5620186012595983,-0.28937517001601365
16.71536660194397,0.5672533694228619,-0.28302557268556416
16.72688627243042,0.571554954211986,-0.2777615482543715
16.7383451461792,0.5756946767184258,-0.27282801908497856
16.74927043914795,0.5804742476500999,-0.26703056065282976
16.761441469192505,0.5848213289262227,-0.26180404467284846
16.77409052848816,0.5899331004046747,-0.2558182882332562
16.785046100616455,0.5943478121360647,-0.2506487713081545
16.796494245529175,0.5985935336103887,-0.24580616233591251
16.80815577507019,0.6034976853975276,-0.24011370084617273
16.821053743362427,0.6086611829362671,-0.2341725072817959
16.832388877868652,0.6132089023653142,-0.22911960386842203
16.84407925605774,0.6179728633131587,-0.22378004729942
16.85507106781006,0.6236896164505723,-0.21737257941661772
16.874526500701904,0.630058198662057,-0.21010866595825667
16.88610863685608,0.6351328768105662,-0.20456768551681156
16.897860765457153,0.6402315377205489,-0.19904876537892113
16.908912420272827,0.6451101546475588,-0.19381375963435074
16.921940803527832,0.6502327024209157,-0.18831700360255574
16.932939767837524,0.6548889132541408,-0.18336389492347926
16.944616556167603,0.6593607366434759,-0.17872926353897842
16.95594358444214,0.6645778639310324,-0.17332219359039566
16.968458652496338,0.669319293987956,-0.1684505998136676
16.979799509048462,0.6745831240493056,-0.16308898479124206
16.991862535476685,0.6798701572096614,-0.1577502487119161
17.00282073020935,0.6841688393958782,-0.15344701707927125
17.014414072036743,0.6885231439558365,-0.1492000766721757
17.02669382095337,0.693879188030329,-0.14393057817274268
17.038203477859497,0.6984896281526374,-0.13943381774170086
17.049086332321167,0.7036554837223427,-0.13448203780928203
17.061157703399658,0.7080464609565899,-0.13027302486672793
17.07380437850952,0.7130148111761044,-0.1256330807930957
17.084760665893555,0.7172155912246962,-0.12174394111011666
17.096243619918823,0.7219414687793574,-0.11736865896676925
17.10744595527649,0.7264047975809873,-0.11323644805360292
17.119812726974487,0.7317185766569292,-0.10844375150592304
17.132002592086792,0.7365009778252841,-0.1041303246130046
17.14295220375061,0.740517339841485,-0.10057050480653765
17.15441107749939,0.7448504985580104,-0.09682942260646295
17.16543984413147,0.7491836572745395,-0.09308834040638533
17.17812967300415,0.753821942108763,-0.08915352340697133
17.189670085906982,0.758511027400187,-0.08527938477341115
17.201724529266357,0.7629400559281458,-0.08165231063730043
17.212727785110474,0.7668699256517619,-0.07854632348249567
17.224924564361572,0.771391825235826,-0.07503571318768786
17.23623538017273,0.7762285157263674,-0.07134750276514265
17.247829914093018,0.780250852215918,-0.06836223202109598
17.262939453125,0.7863611257701628,-0.06398966073457663
17.275869846343994,0.7910877133302742,-0.060759903696204216
17.287752151489258,0.7952478339269616,-0.05796984475929139
17.298741102218628,0.7991551629633955,-0.05544647511861484
17.311012029647827,0.8040041821013246,-0.05240361891262352
17.322922468185425,0.8085989379258472,-0.049630227520715144
17.334396362304688,0.8123219860922807,-0.04749173736964262
17.345442295074463,0.8166870188269006,-0.04503460052442485
17.357054948806763,0.8204644465695684,-0.04299370184376439
17.368629455566406,0.8242767086887013,-0.04101863594338999
17.381781578063965,0.8287441667209009,-0.03875305633080907
17.39278268814087,0.8326065261872254,-0.03687784777474635
17.404276132583618,0.8358517819337506,-0.035371241586594736
17.41639804840088,0.8400874438099776,-0.03344931988872944
17.4288067817688,0.8436923198950795,-0.031869845178086775
17.44053554534912,0.847317440264949,-0.030337404557881035
17.452162504196167,0.850962191279995,-0.02885225743087382
17.46317172050476,0.8539598169417115,-0.027676037419100057
17.4753839969635,0.8576538913883112,-0.02631821344910346
17.487199306488037,0.860681105538738,-0.0252203848598719
17.498515367507935,0.8637223465198964,-0.02416203405866455
17.509971618652344,0.8664376825270509,-0.023256528403885954
17.521997451782227,0.8695011564177965,-0.02226436871682502
17.534315586090088,0.8729097652443072,-0.021176741513062126
17.54569435119629,0.8753023052556235,-0.020436126662510067
17.557172775268555,0.8780474173837954,-0.019625355716836157
17.56847620010376,0.8804554534409917,-0.018936791696699384
17.581215858459473,0.8832108815789915,-0.018161804020067427
17.592427730560303,0.8856276722301668,-0.01750462747531275
17.60407567024231,0.8880472902393161,-0.016857938405960365
17.61517357826233,0.8901236329745337,-0.016312633179643553
17.62778925895691,0.892551459793015,-0.015697478725810624
17.638866901397705,0.8949819316215326,-0.015092859214565768
17.65054965019226,0.8967198395680045,-0.014668521216937493
17.666529178619385,0.8995034106070977,-0.014001646121515937
17.678940057754517,0.9019440048561934,-0.013439278115757779
17.691086769104004,0.9033400106912541,-0.0131239762934939
17.702418088912964,0.9054380428998137,-0.012669204047434242
17.713927030563354,0.9068367310388579,-0.01236602255006015
17.725018739700317,0.9085883125572086,-0.012002224596249934
17.737383604049683,0.9106920839036742,-0.011574786804588942
17.74882435798645,0.9120945981346542,-0.011289828276814368
17.760565519332886,0.9134971123656297,-0.011004869749040722
17.772181034088135,0.9149020454686859,-0.010732086856279265
17.784535884857178,0.9166582118475102,-0.010391108240326715
17.795827627182007,0.9180643147608523,-0.010124420918298564
17.80706024169922,0.9191188919458588,-0.009924405426777451
17.818497896194458,0.9205261382228243,-0.009663818691466552
17.831732749938965,0.9219333844997873,-0.009403231956156078
17.8428373336792,0.9233428380784553,-0.009154860983174562
17.85445284843445,0.9240475648677893,-0.009030675496683804
17.866647243499756,0.9251046550517925,-0.008844397266947263
17.87836503982544,0.9265151725270352,-0.008602141239815769
17.891136407852173,0.9275730606334678,-0.00842044921946702
17.902370929718018,0.9282788380545238,-0.008302380957061421
17.914055585861206,0.9296903928966358,-0.008066244432250225
17.925071239471436,0.9300432816071661,-0.008007210301047042
17.937387228012085,0.9314558472669423,-0.007777197719925986
17.94867730140686,0.9318089886818876,-0.007719694574645514
17.959981441497803,0.9328691511137908,-0.0075517813412153715
17.97217607498169,0.9335754339436766,-0.0074367750506552175
17.984390020370483,0.9346363146226113,-0.007273461177827786
17.995373249053955,0.9349897020999132,-0.007217490100017606
18.007087230682373,0.9356969558858689,-0.007108614184799396
18.018523693084717,0.9364042096718223,-0.006999738269581561
18.030041933059692,0.9367578365647989,-0.006945300311972644
18.042922496795654,0.9374655558797301,-0.006839492684948288
18.0544011592865,0.9381732751946591,-0.006733685057924298
18.071020364761353,0.9392348541670525,-0.006574973617388312
18.082321643829346,0.9399430256998292,-0.006472236268639272
18.094801902770996,0.9399430256998292,-0.006472236268639272
18.105998754501343,0.9406511972326059,-0.006369498919890213
18.11738872528076,0.9413593687653803,-0.006266761571141508
18.128774404525757,0.9413593687653803,-0.006266761571141508
18.142032861709595,0.9420675402981546,-0.0061640242223928035
18.153425693511963,0.942775711830929,-0.006061286873644099
18.16471266746521,0.9431297975973162,-0.006009918199269746
18.178564310073853,0.9434841028128083,-0.005960085630200121
18.19187903404236,0.9438386208134599,-0.00591179010371049
18.20301842689514,0.9445472312444487,-0.005812124965570591
18.21471405029297,0.9445472312444487,-0.005812124965570591
18.254414558410645,0.9463187573219115,-0.005562962120222141
18.294615268707275,0.9473823113238666,-0.0054180755407532795
18.30626606941223,0.9477370354417304,-0.0053713179652094736
18.317957878112793,0.948091553442382,-0.005323022438719853
18.3291597366333,0.9484462775602458,-0.005276264863176047
18.3424129486084,0.9488012011235021,-0.005231046118016756
18.353967666625977,0.9491559252413682,-0.005184288542472625
18.36785864830017,0.9498657723678715,-0.0050938510521552
18.378776788711548,0.9498657723678715,-0.0050938510521552
18.392053842544556,0.9502206959311231,-0.005048632306996487
18.40318465232849,0.9505758122641872,-0.005004953242719094
