0.005142688751220703,0.0,0.0
0.02824258804321289,0.0,0.0
0.03985881805419922,0.0003787364476822063,0.0
0.050386667251586914,0.0011362006382968752,-3.6314113249329027e-06
0.061707496643066406,0.002461762971875013,-9.986381143577309e-06
0.07338619232177734,0.0037873062638939118,-1.9518790227547744e-05
0.0902566909790039,0.006438339531876879,-4.493837738122367e-05
0.10109829902648926,0.008521294242435716,-6.491091014486632e-05
0.11295318603515625,0.010982904338922524,-9.441553379092158e-05
0.12391424179077148,0.013065739361922062,-0.00012437375913263845
0.1358025074005127,0.01552734945840887,-0.00015387838277873214
0.14644193649291992,0.01836757903522799,-0.00019473050824468793
0.1571056842803955,0.02101866561926702,-0.00021379532641267905
0.168013334274292,0.02404847885816947,-0.00023558369003329272
0.17892670631408691,0.027078361734868574,-0.00024284653354903813
0.1908566951751709,0.030297612291362373,-0.0002505633047845703
0.20192313194274902,0.03370608363591331,-0.0002178809784441163
0.21341848373413086,0.03692501048963976,-0.00017158190291601005
0.22426676750183105,0.040333158679793035,-0.0001143896392951912
0.23639655113220215,0.04411920663698013,-1.4537016796679553e-05
0.2472982406616211,0.04752617980633203,9.166498128326948e-05
0.2584092617034912,0.05112185050510351,0.0002210066315616303
0.2692544460296631,0.0545273061391021,0.0003680337241233178
0.28024864196777344,0.05831031906627296,0.0005495354408898826
0.2920420169830322,0.06209141783967532,0.0007673007873208794
0.30342912673950195,0.06568131299697084,0.0010086092955513201
0.3144690990447998,0.0694595302725118,0.001271675635331931
0.32511281967163086,0.07304627549898311,0.0015559918622756511
0.3368954658508301,0.0768210685492383,0.0018643214068651726
0.34769558906555176,0.08059273178344502,0.0022088299380711753
0.35868239402770996,0.08398409978972747,0.0025514201992340633
0.3697981834411621,0.08756210232939529,0.002930200957222461
0.38039302825927734,0.09132745422260902,0.0033379445048372655
0.39209532737731934,0.0952767870065005,0.0038039633184520994
0.4037196636199951,0.099034767447356,0.004274827084820389
0.4143517017364502,0.10260484886617141,0.004722147662870601
0.42493510246276855,0.10616931271358998,0.005212223694663256
0.4360964298248291,0.10992013256971886,0.0057370856643280625
0.44774508476257324,0.11404030907379281,0.006353966923958848
0.45933008193969727,0.11759604831821117,0.006903780949073244
0.4703218936920166,0.12096338513993884,0.007432730634865796
0.486358642578125,0.12638011856761838,0.008336905190128642
0.4982273578643799,0.13029777090790215,0.009019842312594424
0.5091860294342041,0.13384082218322335,0.009646232524000568
0.5201802253723145,0.13738236178217678,0.010281113855868293
0.5307674407958984,0.14054694086889336,0.01087193777036744
0.5431528091430664,0.14464043396019666,0.011646348013500313
0.5541670322418213,0.14817247647541676,0.012332097754425
0.5647892951965332,0.15169949634426544,0.013043229163699039
0.5758328437805176,0.15485676709031582,0.01367193826190781
0.5864267349243164,0.1583837869591645,0.014383069671181848
0.5980875492095947,0.16190560178846866,0.015119545973987163
0.6090743541717529,0.1654256411190288,0.015864462175864374
0.6202473640441895,0.1687587140088661,0.016578163900754787
0.6307773590087891,0.17190334852716874,0.017267299185249524
0.6432328224182129,0.17597072610468303,0.018168873671983925
0.6540679931640625,0.17929858048628772,0.01890652552476708
0.6646156311035156,0.1820688136125171,0.019534523432025278
0.6757926940917969,0.18557585871327784,0.02033839636834018
0.6864137649536133,0.1890848206731713,0.021133860384201293
0.6981081962585449,0.1927723479784227,0.02199773077573346
0.7090411186218262,0.19590674618788487,0.0227320206085354
0.720106840133667,0.19922737490512138,0.023501546412744833
0.7307980060577393,0.20236000396997955,0.02424334748853388
0.7432284355163574,0.20622751457754393,0.025168963322965136
0.7541980743408203,0.20954441594033593,0.02595439975615377
0.7647907733917236,0.21285751371415265,0.026755728766118196
0.7758622169494629,0.2158024895130991,0.027468021219419533
0.7865493297576904,0.21911558728691582,0.02826935022938396
0.7980592250823975,0.22242480532463968,0.029086553398649535
0.8089570999145508,0.22573402336236834,0.029903756567916294
0.8200228214263916,0.22904712113618264,0.030705085577880188
0.830559492111206,0.23198864828082874,0.03143148839500576
0.8411135673522949,0.23529786631855498,0.03224869156427198
0.8538358211517334,0.23897477524936261,0.03315669508567894
0.8644616603851318,0.24191630239400871,0.03388309790280456
0.87503981590271,0.24504167498519488,0.03465490089600046
0.8903484344482422,0.24945656487669704,0.035733925448816435
0.9025795459747314,0.2531312867014898,0.03665074014696509
0.9140145778656006,0.2564424541201176,0.037460008561577364
0.9247150421142578,0.25938223157994966,0.03819346032009575
0.9357171058654785,0.2625057451310222,0.03897275281352182
0.9472005367279053,0.2661826540618286,0.039880756334928484
0.9581096172332764,0.2689403357599358,0.040561758975984075
0.9692173004150391,0.2722475854022464,0.04138689220431714
0.9802255630493164,0.27555875282087544,0.04219616061892966
0.990788459777832,0.27813105809822775,0.042837930907633055
1.0031540393829346,0.2818057799230193,0.04375474560578141
1.0141026973724365,0.28511694734164594,0.04456401402039345
1.0246999263763428,0.28787298871024114,0.04525162504400509
1.0359008312225342,0.2909983613014261,0.046023428037200734
1.047288417816162,0.2943095287200551,0.0468326964518133
1.0582785606384277,0.29743674239320267,0.047597005510058056
1.0708155632019043,0.3007459604309301,0.04841420867932452
1.0818688869476318,0.30405517846865515,0.049231411848590444
1.0937857627868652,0.3075482419529227,0.050094015193927185
1.105804443359375,0.31067545562607146,0.050858324252172134
1.1163771152496338,0.3134363704375852,0.05152609842714244
1.12693452835083,0.31637963036525374,0.05224544812901981
1.1378722190856934,0.3198747515293606,0.05309967589999937
1.1499695777893066,0.3231878493031761,0.05390100490996356
1.16054105758667,0.32594876411468987,0.05456877908493382
1.1710789203643799,0.32926377320688754,0.055362164085874924
1.1820921897888184,0.33202628078371854,0.05602331825332566
1.193758249282837,0.33534318214651176,0.056808754686514584
1.2057392597198486,0.33866381086374464,0.05757828049072318
1.2163584232330322,0.3416154808346234,0.058262303427798666
1.2270519733428955,0.3447516301786768,0.05898907779844015
1.2378253936767578,0.3477049313161617,0.05966602342902161
1.2484991550445557,0.3510273950958265,0.06042758726342445
1.2604711055755615,0.35398390764892107,0.061090366652672416
1.271130084991455,0.3573099842711519,0.06183599346557624
1.2863409519195557,0.3613751890316564,0.06274731512579207
1.2971467971801758,0.3645164836193191,0.06345151822686802
1.3092637062072754,0.3678478361447777,0.06417320748978471
1.3203153610229492,0.37062396324932284,0.06477461520888117
1.331023931503296,0.3741385547697807,0.06554482523272862
1.3419406414031982,0.3769146818743271,0.06614623295182538
1.3543736934661865,0.3804329254802649,0.06689958477254271
1.3650155067443848,0.38339412772511533,0.06754108633957942
1.376173734664917,0.38654363659982643,0.06820759030968002
1.3868300914764404,0.3893211973413561,0.0688023417470884
1.3977303504943848,0.392841236671915,0.06954725794896546
1.4093549251556396,0.3958069754755427,0.07016744851974956
1.4203221797943115,0.39896119583575607,0.07081128670846133
1.4309017658233643,0.4022993148702546,0.0715010013977218
1.4418585300445557,0.4050810807323397,0.07207576363877284
1.4543325901031494,0.4086063858408156,0.07279534749674525
1.4661047458648682,0.4117621404603112,0.07343162296820091
1.4766178131103516,0.41435973369813434,0.07396184265302246
1.4872055053710938,0.4175170044441883,0.07459055175123194
1.4980568885803223,0.42048996324999527,0.07517515326882977
1.510347604751587,0.42383454190653025,0.07583282997612775
1.5208768844604492,0.4269933106377024,0.0764539690885759
1.5320346355438232,0.429964859575163,0.07704569529865501
1.5434110164642334,0.43293921116692924,0.07762316876469728
1.5549781322479248,0.43628843278708296,0.0782567771454417
1.5661664009094238,0.4392681845401569,0.0788057056339336
1.5767693519592285,0.4420592025569533,0.07933371261788755
1.5902798175811768,0.4459683884876063,0.08006355392403412
1.6008460521697998,0.4489481402406778,0.08061248241252553
1.6136753559112549,0.45230036096288523,0.08123002696207877
1.6242549419403076,0.455469106919843,0.08179807868006558
1.635054349899292,0.45845016592882537,0.08233986293635956
1.646144151687622,0.46143378805541363,0.08286734943017561
1.6577463150024414,0.4647903629478222,0.08346077173571805
1.668450117111206,0.46758750869149907,0.08395529032367066
1.6791818141937256,0.4709454964117407,0.08454066500006963
1.694516897201538,0.47486637780937097,0.08520481260285827
1.7058651447296143,0.47841239135456015,0.0858142098245816
1.7172932624816895,0.48139972956227745,0.08632022704575373
1.7283692359924316,0.4845763174555676,0.08684264742269007
1.7392127513885498,0.4873780761250569,0.08731032391679147
1.7503244876861572,0.49055713205632295,0.08781750936603668
1.7625548839569092,0.49410882557392727,0.08839287898074158
1.7738502025604248,0.4972878815051909,0.0889000644299864
1.7844178676605225,0.5000939955232991,0.08934085583481381
1.7954373359680176,0.5030883022554394,0.0898038571191204
1.8064539432525635,0.5062720750085888,0.09028053809247172
1.81803297996521,0.5094546959801597,0.09076484940284284
1.828965663909912,0.5124511879831242,0.09121349031893825
1.8401179313659668,0.5156372094117676,0.09167490244519075
1.8507859706878662,0.518447420800895,0.09208876823697781
1.8633320331573486,0.5221956813051847,0.09263160603256945
1.8742578029632568,0.525383878182895,0.0930777387067846
1.8848984241485596,0.5281960413972897,0.0934781272690569
1.8959541320800781,0.5311986757976103,0.09388362653344809
1.9064929485321045,0.5342013101979308,0.09428912579783932
1.9185097217559814,0.5375792738982922,0.09474531247027962
1.929765224456787,0.5405819082986127,0.09515081173467081
1.9404323101043701,0.5435864522028253,0.09554191136786457
1.9509057998657227,0.5469665640950613,0.09598189845520708
1.9634284973144531,0.5499711079992738,0.09637299808840083
1.9743881225585938,0.552977492351958,0.09674968910149544
1.9849672317504883,0.556171775726686,0.09714992330290863
1.996201515197754,0.5589910994778045,0.09749631402386598
2.0068304538726807,0.5618095848084486,0.0978494618486425
2.018681049346924,0.5651927733097888,0.09826513071379107
2.0294084548950195,0.5682017887641847,0.09862019266702166
2.040379762649536,0.571024304154253,0.09893953545778696
2.051121234893799,0.5745985104292348,0.09935260511340223
2.063796043395996,0.5777973612046463,0.09971452694293631
2.0743491649627686,0.5806206339707878,0.10002710306669343
2.0893027782440186,0.5847625210533222,0.10047562096906965
2.1003739833831787,0.5877763317664687,0.10078737083795233
2.111180305480957,0.5911668688187554,0.10113808944044496
2.1239116191864014,0.594557405871042,0.10148880804293764
2.134493827819824,0.597384222099156,0.1017675246690506
2.1450488567352295,0.6004001967213637,0.1020575937532521
2.15620756149292,0.6034175273087291,0.1023332005782169
2.1678237915039062,0.6068104987587135,0.10265952829794361
2.178736448287964,0.6096392461843664,0.10291790969634793
2.1897432804107666,0.6126572287502079,0.10318628299549375
2.2003684043884277,0.6156764632460665,0.10344018465841653
2.2108988761901855,0.618884399897916,0.10370995517527207
2.2234041690826416,0.6220929739906347,0.10397203528817325
2.234386444091797,0.625303349774517,0.10421103533065519
2.24504017829895,0.6281355206529623,0.10442870724081382
2.256110191345215,0.6311580944733982,0.1046391603126385
2.267425775527954,0.6345584900213854,0.10487592001844107
2.278451681137085,0.6373921529780421,0.10507321977327655
2.2892932891845703,0.6402262807338008,0.10526372649030043
2.300248861312866,0.6434397617598635,0.10545653050781807
2.3108856678009033,0.6466527713901845,0.10565703689055017
2.323676586151123,0.6498662524162472,0.10584984090806782
2.334442138671875,0.6527028269013964,0.10599956777740281
2.3450546264648438,0.6557281148277035,0.10616652872595943
2.356288433074951,0.6589432967670973,0.1063285126469153
2.3679943084716797,0.6623471861492726,0.10650818489011699
2.378915309906006,0.665184445844652,0.10664431117769196
2.3900108337402344,0.668211195548589,0.10678225763518527
2.400559425354004,0.6710487733960303,0.10691158243908534
2.4111952781677246,0.6742650370503614,0.10705044135983796
2.42391300201416,0.6776708353339409,0.10718930493547489
2.4345321655273438,0.6805090005702554,0.10730502458183885
2.4454281330108643,0.6837258929693126,0.1074284627726064
2.456958055496216,0.6865650372771045,0.10751696443767302
2.468698263168335,0.6897824844849229,0.10762497906139394
2.479402542114258,0.6930001813670901,0.10772528094846945
2.4945693016052246,0.6967864578002126,0.10781605788548204
2.5057685375213623,0.7000047927683721,0.10789321828194287
2.516533851623535,0.7030342578262854,0.10794405584960585
2.528378963470459,0.7062530644503204,0.10799807076524781
2.5391829013824463,0.709282642665595,0.1080416463657448
2.5501084327697754,0.7121230354527194,0.10806888163769517
2.5606000423431396,0.7149634853641895,0.10808930822858939
2.5731401443481445,0.7181827081743055,0.10810474172672042
2.5838663578033447,0.7210232233712148,0.1080979328109244
2.5947375297546387,0.7236743480383686,0.10808522287128713
2.605803966522217,0.7267041003446356,0.10805617191454012
2.616384506225586,0.7295443299214522,0.10801531978907415
2.6279795169830322,0.7325737949793691,0.10796448222141111
2.6388893127441406,0.7356029815020959,0.10789912163746748
2.6500988006591797,0.7384421258098914,0.10781061997240078
2.66062068939209,0.7410917882163296,0.10772166675286592
2.67303466796875,0.7441194516507355,0.10760548963214356
2.6838059425354004,0.7469567113461124,0.10746936334456869
2.6944029331207275,0.7496045082373777,0.10733596482142857
2.7050857543945312,0.752251635172898,0.10718987399144145
2.716238021850586,0.7550862114430757,0.10700616140686621
2.7277379035949707,0.7579203391988345,0.10681565468984223
2.738410234451294,0.7603753324453326,0.10663288995147362
2.7491729259490967,0.7633951668855388,0.10638622631580184
2.760093927383423,0.7658467479877716,0.10616229577051804
2.770765542984009,0.7684863266003679,0.10591481184924596
2.7831571102142334,0.7713131428284806,0.10563609522313312
2.7939372062683105,0.7739467685047834,0.10533172810846919
2.8044590950012207,0.776202885282366,0.10506002280702582
2.8150553703308105,0.7788334715909639,0.10473041817056815
2.8269011974334717,0.7814607766912461,0.10437560631422563
2.8373830318450928,0.7840863505905366,0.10400820293546019
2.8484628200531006,0.7863337195927602,0.10367172224838862
2.859029769897461,0.788953737983381,0.10326659612462058
2.870138168334961,0.7913809502771532,0.10285545713241794
2.8819162845611572,0.79399380236308,0.10240642760062206
2.8972229957580566,0.7973474937481873,0.1017969203122909
2.9083714485168457,0.7997630227779083,0.10132193157924213
2.9193782806396484,0.8021750736416015,0.10082958472905063
2.9310855865478516,0.8051393172883898,0.10020228687483798
2.9420459270477295,0.8071730060771469,0.09975149963147074
2.953826904296875,0.8097571445724447,0.0991591722047123
2.964587688446045,0.8117829834621217,0.09867432581524814
2.975191831588745,0.8143598372861992,0.09805106991860969
2.986994981765747,0.8167469711288677,0.097449416524097
2.9977197647094727,0.8187606070547979,0.09691615337507714
3.0087220668792725,0.8207729589298246,0.09637806494425868
3.0197901725769043,0.8229639738846335,0.09577528791024693
3.0312724113464355,0.8255132977517244,0.0950475713692522
3.0429606437683105,0.8276954170214857,0.0944133457174112
3.0538814067840576,0.8298713549555258,0.093758226802917
3.0645058155059814,0.8316819984670668,0.09320360756938244
3.07568097114563,0.8340323514020781,0.09247132629089708
3.087219476699829,0.8360166043645931,0.09183741824626877
3.09812593460083,0.8381762150598961,0.09113033385974818
3.109157085418701,0.8399730450885199,0.0905324757927092
3.1201157569885254,0.8419431616987303,0.08985591110956921
3.131796360015869,0.8439116508801413,0.08917462587490832
3.1432602405548096,0.8458751899481568,0.0884792025817438
3.154120683670044,0.847477588741353,0.08789868180878965
3.1647024154663086,0.8492564805682652,0.08724939274509216
3.175797700881958,0.851209815048583,0.08652580195169046
3.1872968673706055,0.8531578955823139,0.08578818317318244
3.20074725151062,0.8551006214281471,0.08503657455413219
3.2116971015930176,0.8568650928923505,0.08434906246543869
3.223139524459839,0.8584501325507007,0.08372269552687908
3.234793186187744,0.8602062374224767,0.08301408554994406
3.245976448059082,0.8617836562030641,0.08236876682953231
3.256606101989746,0.863359523581626,0.08171966878959384
3.2672677040100098,0.8649338305033497,0.08106679515979619
3.278132915496826,0.8663290050031239,0.08047641488910051
3.2945210933685303,0.8685961635652616,0.07951704694921811
3.305948257446289,0.8701609181006199,0.07884159931664877
3.3166751861572266,0.8715503678328792,0.07823786908684179
3.327285051345825,0.8729369072463388,0.07762748461474744
3.339228630065918,0.8744934541266154,0.07693333184354433
3.3503522872924805,0.8757028040554083,0.07639053479531398
3.3608767986297607,0.8770834272956461,0.07576688407786594
3.372469902038574,0.8784610448174316,0.0751366216622609
3.384448766708374,0.8800108645294388,0.07442757644470586
3.423213005065918,0.8848272242759012,0.07221010649764682
3.467244863510132,0.8899645924794685,0.06978487666900489
3.514854669570923,0.8943862889419999,0.06761919443169358
3.5541815757751465,0.8979407234142581,0.06583582723591042
3.588878631591797,0.9013218180956922,0.06412927268491635
3.6142280101776123,0.9031723352349132,0.0631728807434284
3.6410415172576904,0.9055246143315688,0.06195001255968682
3.664679765701294,0.9073682060778956,0.06098033802605197
3.685878276824951,0.9095386990962894,0.05981872068499688
3.7148351669311523,0.9113729087446856,0.05883141415000657
3.7418575286865234,0.9135321642682551,0.057649039262805894
3.7630956172943115,0.9150250670242809,0.05682689108800843
3.7848727703094482,0.9165159947495981,0.056001166692016796
3.7968313694000244,0.9173431859317446,0.0555404467627707
3.8073670864105225,0.9181692703623215,0.055077745327094675
3.830679416656494,0.9196542216406323,0.05424132081686342
3.8570592403411865,0.9213019350285903,0.05330800789440557
3.8817567825317383,0.9226165110640111,0.052555046676312854
3.9063284397125244,0.9239274622107173,0.05179579188389854
3.926632881164551,0.9252347583382524,0.05103026096761729
3.9543514251708984,0.9265420544657896,0.05026473005133478
3.9764039516448975,0.927845665527705,0.04949294060588824
4.000622272491455,0.9289830745579306,0.04881216414933013
4.025043249130249,0.9299593925240265,0.04823098009904347
4.052517890930176,0.9314196732498632,0.04735219317263991
4.074858903884888,0.9323917865979627,0.04676400331411373
4.104353904724121,0.9336841630347268,0.045973545285781243
4.124939680099487,0.9344918983077055,0.045479509018072704
4.150475263595581,0.9356210665099883,0.044785149560160185
4.174675226211548,0.936584620029114,0.04418303969725558
4.20209813117981,0.9377087658014305,0.04348057819053158
4.22468638420105,0.9386708732565314,0.042876160358176825
4.249195337295532,0.9394702055488677,0.04236864090884601
4.268507719039917,0.9402683189882386,0.0418592068670738
4.279345273971558,0.9405870749884409,0.04165466858425617
4.290323495864868,0.9409058309886431,0.04145013030143854
4.302464485168457,0.9415433429890497,0.041041053735801955
4.313754320144653,0.9418620989892541,0.040836515452983
4.324344635009766,0.9423387566251905,0.04052741932568573
4.335052251815796,0.942497889021744,0.040424768438853724
4.3461339473724365,0.9431334325363248,0.04001264026912471
4.357688665390015,0.9434512042936198,0.039806576184257175
4.368475675582886,0.9437689760509107,0.039600512099392325
4.379189491271973,0.9440867478082016,0.039394448014527475
4.390379428863525,0.944403528019023,0.03918686286372227
4.4020774364471436,0.9447212997763139,0.03898079877885742
4.4137163162231445,0.9451964700925473,0.03866942105264894
4.424243450164795,0.9453551085403376,0.03856600844663098
4.434826850891113,0.9458302788565709,0.0382546307204225
4.445968151092529,0.9459884197095048,0.03815045877201943
4.458753347396851,0.9466219801311477,0.03773528847040903
4.469770908355713,0.9467803702365595,0.03763149589500575
4.480400562286377,0.9470966519424272,0.03742315199819961
4.4908716678619385,0.9474129336482959,0.03721480810139279
4.508464574813843,0.9478873562070974,0.03690229225618359
4.519427537918091,0.9482041364179189,0.03669470710537839
4.530460596084595,0.9485199178015024,0.036485605659699355
4.54094934463501,0.948836698012326,0.036278020508892804
4.5536720752716064,0.9489945887041177,0.036173469786053285
4.564253330230713,0.9494690112629213,0.03586095394084271
4.575026988983154,0.949626901954713,0.0357564032180032
4.586157321929932,0.9499431836605807,0.03554805932119706
4.5967395305633545,0.9502594653664495,0.035339715424390246
4.608627557754517,0.9505757470723172,0.0351313715275841
4.619272470474243,0.950733887925251,0.03502719957918103
4.630395174026489,0.9510496693088345,0.034818098133502
4.640878915786743,0.951365450692419,0.03460899668782229
4.653384685516357,0.9516812320760024,0.03439989524214326
4.6641340255737305,0.9519970134595869,0.034190793796463545
4.674646854400635,0.9519970134595869,0.034190793796463545
4.685770750045776,0.9524706855349621,0.033877141627944994
4.69636869430542,0.9526283251583839,0.033772212731409464
4.707988023757935,0.9527862158501756,0.033667662008569944
4.718912363052368,0.9531014950970202,0.033457804215498196
4.729939937591553,0.9534167743438638,0.033247946422427135
4.740462064743042,0.9535744139672877,0.03314301752589024
4.751126050949097,0.9537318016165545,0.033037711058572075
4.7638819217681885,0.9540470808633981,0.032827853265501
4.774418354034424,0.9542047204868199,0.03272292436896546
4.785151958465576,0.9545194957853533,0.03251231143432913
4.7961952686309814,0.9548342710838867,0.0323016984996928
4.8078835010528564,0.9548342710838867,0.0323016984996928
4.818613052368164,0.9551490463824233,0.03209108556505441
4.82921028137207,0.9554638216809567,0.031880472630418086
4.840165615081787,0.9554638216809567,0.031880472630418086
4.8507280349731445,0.9556212093302234,0.03177516616309992
4.863182067871094,0.955935478871772,0.03156379929706409
4.874095678329468,0.9560926136425463,0.03145811586404618
4.884658336639404,0.956250001291813,0.031352809396728014
4.899202346801758,0.9565642708333616,0.031141442530692186
4.930450439453125,0.9571928099164607,0.030718708798619154
4.955915212631226,0.9576642142287836,0.03040165849956541
4.988729476928711,0.9582917381863735,0.029977419333690334
5.013795375823975,0.9586055001651694,0.029765299750752105
5.034856796264648,0.9589192621439654,0.029553180167813872
5.058945655822754,0.9595467861015553,0.029128941001938795
