12.886458158493042,0.009452182022537657,0.9512621440524067
12.898628234863281,0.009452182022537657,0.9512621440524067
12.910477638244629,0.009409563058973091,0.9514466540742088
12.926362752914429,0.009280379688709277,0.9519998760682166
12.9368736743927,0.009191607472147827,0.9523680618777892
12.947364091873169,0.009055802990486198,0.9529196958692793
12.959078550338745,0.0088694458631556,0.9536538867220599
12.970039129257202,0.008627710776571613,0.9545693495847349
12.980443477630615,0.0084255591071404,0.9552993495092279
12.991077899932861,0.008059561128245487,0.9565733987097237
13.001755237579346,0.007727569715573686,0.9576600234716098
13.013915777206421,0.007322054108397531,0.9589220508002267
13.024334192276001,0.006895420439391225,0.9601770964560933
13.034918785095215,0.006447788824604854,0.9614248070889283
13.045768737792969,0.0059123562158356555,0.9628419777456656
13.05699872970581,0.005209220077618752,0.9646002814711979
13.067351341247559,0.004613157832600928,0.9659930379283415
13.07810354232788,0.003834833772222642,0.9677193762720979
13.088963270187378,0.0030153558019279944,0.9694265635132301
13.09986400604248,0.002241210868827029,0.9709449132367186
13.11109733581543,0.0010759507985932143,0.9731134527818197
13.122029781341553,0.00012805915617860697,0.9747528227383345
13.133279085159302,-0.0008588531922323441,0.9763690023189
13.143959045410156,-0.002089292403065087,0.9782794750440044
13.15450644493103,-0.003267096301783283,0.9799975778361747
13.166259050369263,-0.004712095584705468,0.9819906588335997
13.176713466644287,-0.005870861590131699,0.9834884217536761
13.187134504318237,-0.00718462683595324,0.9851049365563211
13.197834730148315,-0.008787086552782784,0.9869737644365394
13.209812641143799,-0.010191624483597384,0.9885120662369681
13.220300197601318,-0.011898886739462152,0.9902856643818836
13.230720043182373,-0.013389550103506603,0.9917406633383781
13.241126775741577,-0.01519596601035601,0.9934131633716868
13.25209903717041,-0.016910718641758995,0.9949043072607932
13.264331579208374,-0.01881405926604457,0.9964656173702482
13.274942636489868,-0.020464957899431757,0.9977359058928207
13.28593897819519,-0.02230184754401523,0.9990737112293867
13.296348810195923,-0.024332670874513927,1.0004651678008436
13.306751251220703,-0.02608690919314859,1.0015884429896256
13.318329572677612,-0.029167056733272814,1.0034480849356913
13.334079504013062,-0.03133027060989038,1.0046232021698223
13.344672441482544,-0.03335991051771161,1.0056451848161996
13.355641603469849,-0.035418103873874396,1.0066083705685702
13.366854429244995,-0.0376769014812544,1.0075872618591857
13.377427816390991,-0.040141116991615974,1.0085651501257327
13.38841962814331,-0.04210197601679617,1.0092680947264472
13.398979663848877,-0.04426056909101834,1.0099782796494374
13.409896612167358,-0.04680171564429772,1.0107340558981555
13.421103239059448,-0.049366789688964685,1.0114041444659827
13.431896924972534,-0.05139873563084058,1.011862723704063
13.443103075027466,-0.05344206554250938,1.0122675719477032
13.454120397567749,-0.0560553479551922,1.0127140902283214
13.466635704040527,-0.05868214082604663,1.0130726746075105
13.477276802062988,-0.060942722519119724,1.0133043146167051
13.488446712493896,-0.063586749333502,1.0134985972669792
13.49927020072937,-0.06585736944259335,1.0135889908791016
13.510427713394165,-0.06888707690686345,1.0136223926208068
13.522043704986572,-0.07096934954265156,1.0135654725140582
13.533775329589844,-0.07304939768306656,1.0134536737579813
13.54445505142212,-0.07588082162947707,1.0132264923747512
13.555795192718506,-0.07832739655299219,1.0129532416957598
13.56732988357544,-0.08114107383262285,1.0125636353415042
13.578355073928833,-0.08394124620227433,1.0120865529110652
13.589187622070312,-0.08635400160372221,1.0115976703456977
13.60020923614502,-0.08894039155778743,1.0110152524983802
13.610811233520508,-0.091325491531216,1.0104055862727293
13.623389720916748,-0.0944223648484125,1.0095263767690954
13.634409427642822,-0.09731423943458997,1.008622327891413
13.645685195922852,-0.09999987420416431,1.0076971582693262
13.656389236450195,-0.10284259647946699,1.0066487437230154
13.668231010437012,-0.10565398951336716,1.005519003839522
13.679190158843994,-0.10826352765495223,1.004397004003162
13.69033670425415,-0.11119288515610175,1.0030619016383588
13.700954914093018,-0.11409276026922882,1.0016639180825448
13.711950302124023,-0.11661806295822542,1.0003633723224377
13.72897720336914,-0.1207791625870449,0.9981055077329319
13.740324020385742,-0.12373125282910508,0.996401421982797
13.751185894012451,-0.12680333961483625,0.9945284938428394
13.762978315353394,-0.12919621007453727,0.9929978913770491
13.77485728263855,-0.1321942227709086,0.9910085455275578
13.785995244979858,-0.13469040135785457,0.9892911825905283
13.796727895736694,-0.13761496280591456,0.9871953492543514
13.80775761604309,-0.14049363255304867,0.985036915210088
13.819779872894287,-0.14302702472307854,0.9830505723879963
13.830474853515625,-0.14597926449739967,0.9806781453616672
13.841099977493286,-0.14874015909195826,0.9783709743506154
13.852469682693481,-0.1513187014056893,0.9761416550425372
13.86381196975708,-0.15414782782669087,0.9736236849524945
13.875735521316528,-0.15665011877819113,0.9713091039893171
13.886458396911621,-0.1594056559494381,0.9687108075131221
13.897279262542725,-0.1618403424953561,0.9663252160845247
13.912522315979004,-0.16545789444449038,0.96271197733823
13.924719333648682,-0.1682102677184547,0.959841638624186
13.936285018920898,-0.17104284664116842,0.9567866601365687
13.9470374584198,-0.17357770988268445,0.95397265977638
13.95788311958313,-0.17621086392541854,0.9509925754219002
13.968876361846924,-0.17891663502098498,0.9478247370908606
13.980684041976929,-0.18110549484057561,0.9452117622093791
13.991850137710571,-0.18387022989369164,0.9418462976666595
14.003416776657104,-0.18623910053839518,0.938891203497432
14.014332056045532,-0.18869654990094287,0.9357646485877756
14.026576042175293,-0.19123157948172279,0.9324585902189976
14.037372589111328,-0.19362101119570932,0.929279750956506
14.048660039901733,-0.19587483068599795,0.9262359987679177
14.059788942337036,-0.1980846421328885,0.9231601471704699
14.071207761764526,-0.200828442219468,0.9193021342479375
14.082967281341553,-0.20298633387117915,0.9161896379347193
14.09394121170044,-0.20512927906297712,0.9130668322114475
14.104629516601562,-0.2071365386785061,0.9100807836732675
14.115936279296875,-0.2092267856599726,0.9069224617712426
14.132529258728027,-0.2124431621489937,0.9020115867129801
14.143882751464844,-0.21458197043787403,0.8986589903943042
14.154698610305786,-0.21649521977958763,0.8956118517376421
14.166261911392212,-0.21868513160083497,0.892067746331707
14.177917957305908,-0.22075925941967794,0.8886747540293779
14.188910722732544,-0.22261372702223323,0.8855914883989817
14.200115442276001,-0.22446079851245634,0.8825037863494772
14.21069073677063,-0.2261895750179945,0.8795660871077285
14.221681118011475,-0.2282852864306717,0.8759654773554808
14.234320640563965,-0.2303637120265818,0.8723548619016486
14.245051145553589,-0.23205006003420692,0.8693926033987041
14.256213426589966,-0.23373640804183082,0.8664303448957617
14.266861200332642,-0.2353942760501639,0.8634520536561383
14.278738260269165,-0.2373117751873428,0.8599681477975549
14.29000449180603,-0.23922091767090473,0.8564796555802723
14.30055832862854,-0.24075964017674675,0.8536519415310666
14.31126618385315,-0.24256192238155047,0.850320889364773
14.323045015335083,-0.24416958522640897,0.847315200555476
14.334813594818115,-0.24604519187874407,0.8438085636112959
14.346081256866455,-0.2477345593545994,0.8406318334420774
14.356684923171997,-0.24922561995511855,0.8377786997298908
14.367303371429443,-0.25079714402079556,0.8347539588894092
14.379347801208496,-0.2525593739741847,0.8314015455390422
14.390332221984863,-0.2541308980398612,0.8283768046985617
14.400910139083862,-0.2557744033745636,0.8251761067666545
14.412067413330078,-0.25723803925390415,0.8223088077402635
14.423876523971558,-0.2589518728722434,0.8189313968962899
14.43575668334961,-0.2604943231287485,0.8158917271367142
14.446406841278076,-0.26205132818267607,0.8128594869906989
14.458067893981934,-0.26367947012009907,0.8096509466889226
14.471834421157837,-0.2656410628690686,0.8057622109831395
14.484394311904907,-0.26725380398854987,0.8025459020554967
14.495062828063965,-0.26870367688996166,0.7996716191425273
14.506226301193237,-0.2702461271464673,0.7966319493829505
14.516841888427734,-0.2716042249312933,0.793923478707041
14.533240795135498,-0.27389601494318844,0.789352934441442
14.54427170753479,-0.2754311744858602,0.7863095760630029
14.555188179016113,-0.27695172618008146,0.7832588929286423
14.566429853439331,-0.27840159908149326,0.7803846100156728
14.577203273773193,-0.28001434020097504,0.7771683010880289
14.589367389678955,-0.28145041680107236,0.7742871003500225
14.600385904312134,-0.28299286705757853,0.7712474305904445
14.610947370529175,-0.2846056081770592,0.7680311216628029
14.621918678283691,-0.2857882594947867,0.7656583681138558
14.63439130783081,-0.28739328628313165,0.7624382025831409
14.645043849945068,-0.28883626517951033,0.7595604524899852
14.656331539154053,-0.2903714247221816,0.7565170941115472
14.667075157165527,-0.29180750132227945,0.7536358933735396
14.678088903427124,-0.29316559910710616,0.7509274226976292
14.690248966217041,-0.2948632213381383,0.7475418343527434
14.700823307037354,-0.296136438011414,0.7450026430940759
14.711931705474854,-0.2976569897056346,0.7419519599597164
14.72342586517334,-0.29909306630573307,0.7390707592217078
14.735048770904541,-0.30072120824315435,0.7358622189199348
14.746255874633789,-0.3020857945033073,0.7331570114724328
14.756882190704346,-0.3034373960092819,0.7304452931307784
14.767902851104736,-0.3050424227976264,0.7272251276000646
14.778789520263672,-0.30640052058245293,0.7245166569241541
14.7906014919281,-0.3079283805903821,0.7214696274137565
14.801234245300293,-0.30945624059831284,0.7184225979033556
14.81314992904663,-0.3109841006062425,0.7153755683929569
14.823997497558594,-0.3124408591818302,0.7125047691755807
14.836052894592285,-0.313976018724502,0.7094614107971416
14.846705675125122,-0.315255318343395,0.7069252788151095
14.857346773147583,-0.3166982972397738,0.7040475287219539
14.868409156799316,-0.3181619331191143,0.7011802296955628
14.879266500473022,-0.3196186916947031,0.6983094304781844
14.8911874294281,-0.32134061625863336,0.6949361375059591
14.902578353881836,-0.32254596345338526,0.6925748324254001
14.917194128036499,-0.32461227293010225,0.6885268808587284
14.932090044021606,-0.3266110611656242,0.6846571318886051
14.957238912582397,-0.329984572115802,0.6780872782389025
14.979160785675049,-0.33311311022357604,0.6720302798508826
15.006120920181274,-0.3362986706668485,0.6657896878522629
15.027366399765015,-0.33923968021315687,0.6600621231320102
15.050923109054565,-0.3423516729318374,0.6542102517676607
15.074297428131104,-0.34536111635873645,0.6485183465473952
15.08578085899353,-0.3467901499986104,0.645846623161354
15.096572160720825,-0.348322089872695,0.6430152288200017
15.107195615768433,-0.34993695292672533,0.6400134023163891
15.12635612487793,-0.3526523455840914,0.6350233187001477
15.14616584777832,-0.35534378400747707,0.6300202745274568
15.157161951065063,-0.3567919934247386,0.6273588965987955
15.168125629425049,-0.35834425463102715,0.624538591856131
15.180332660675049,-0.35988975092724346,0.6217145743469031
15.19100570678711,-0.3616246310989774,0.6185624690462787
15.202545166015625,-0.3630002345082599,0.6160772551308266
15.213960409164429,-0.36473511467999453,0.6129251498302011
15.225834131240845,-0.36629413187718113,0.6101085740593558
15.236499786376953,-0.36776779232903367,0.607461204068578
15.247181177139282,-0.36942566033736685,0.6044829128289546
15.258108615875244,-0.37100489160427,0.6016776209903625
15.2692711353302,-0.37256390880145784,0.5988610452195151
15.281051874160767,-0.37432893198211353,0.5957257190469725
15.292051315307617,-0.3758089341150437,0.5930818891201514
15.303747653961182,-0.3772889362479714,0.5904380591933346
15.314417362213135,-0.3788748874414017,0.5876365609323826
15.325092554092407,-0.38119728636331845,0.5835111317579819
15.340766191482544,-0.3825966550634026,0.5810392215277326
15.351848602294922,-0.38428300307102653,0.5780769630247902
15.363437175750732,-0.3857819790778042,0.5754438443555066
15.374381303787231,-0.3873880352200982,0.5726538233230002
15.386472702026367,-0.38917555932148196,0.569531270741619
15.397220134735107,-0.39078161546377593,0.5667412497091127
15.408372640609741,-0.3923120418515427,0.5641262854517943
15.419208526611328,-0.3938299142154545,0.5615040142068078
15.430927276611328,-0.3958385988493974,0.5580718736190792
15.44191598892212,-0.39726749299440434,0.5556169124243653
15.453765392303467,-0.3990848743298768,0.5525116423688008
15.46566390991211,-0.4006215645570215,0.5499003541539137
15.47636890411377,-0.4021707559378719,0.5472964630154602
15.488060712814331,-0.40389953244341,0.5443587637737115
15.49902606010437,-0.4055455482855627,0.541592129439106
15.510335445404053,-0.40710097690890895,0.5389919592921539
15.520928144454956,-0.40885083411017187,0.5360667678768357
15.533753395080566,-0.4105034770224771,0.5333040870956995
15.544407844543457,-0.4120775636059684,0.5307151694795759
15.555673837661743,-0.4136392205344365,0.5281187352645046
15.566503047943115,-0.4154100679408648,0.5252062029463647
15.577195644378662,-0.4169717248693329,0.5226097687312934
15.58972430229187,-0.41875651493711047,0.5197057595276176
15.600419521331787,-0.42034299499735617,0.5171244180132406
15.610995292663574,-0.42211384240378635,0.5142118856950976
15.621943950653076,-0.42370032246403205,0.5116305441807206
15.63456654548645,-0.4252868025242803,0.5090492026663395
15.645681619644165,-0.42707159259205657,0.5061451934626657
15.656361103057861,-0.42877035698305843,0.50341063074846
15.66702151298523,-0.4303630201257822,0.5008330995441461
15.677905321121216,-0.4319680219440267,0.49826323336886874
15.690147876739502,-0.4338593094260136,0.49520241506374213
15.700789213180542,-0.43525829186566023,0.4929504222402817
15.711834192276001,-0.4370569835737796,0.490055002895829
15.7234206199646,-0.4387557479647801,0.4873204401816254
15.739181995391846,-0.44118170337220525,0.48347722705965784
15.750418424606323,-0.4429000884524643,0.48075495109826466
15.761149406433105,-0.4446119431266306,0.47802856387914355
15.772542715072632,-0.4461281652562712,0.4756265556779139
15.783921003341675,-0.44794071726421175,0.47273979274002126
15.79595947265625,-0.4496656228768567,0.47002164367834165
15.806720495223999,-0.4512951910969557,0.4674672845783987
15.817326545715332,-0.45302660733080996,0.4647532780347106
15.828413009643555,-0.45466229383102674,0.46220283245238064
15.840401887893677,-0.45650244114377025,0.4593335811722599
15.851149320602417,-0.45834258845651377,0.4564643298921392
15.862586736679077,-0.46008050536299394,0.45375448146091385
