5.124138593673706,0.9603311910485448,0.02859864204459357
5.145762205123901,0.9608010699683306,0.028279335423067563
5.164811134338379,0.9611148319471245,0.028067215840130715
5.176182746887207,0.9617443825441935,0.02764598997085668
5.1865434646606445,0.962061162755015,0.027438404820051478
5.196862697601318,0.9626967062695978,0.02702627665032111
5.208364486694336,0.9634984624821821,0.026522595123358705
5.2188215255737305,0.9641446507005625,0.026127366109193417
5.229388475418091,0.9652820597307882,0.025446589652635306
5.2401158809661865,0.9664275462042081,0.02477949398854031
5.2511146068573,0.9677492812931334,0.024039171691457462
5.261730670928955,0.9689180083030378,0.023413685430889383
5.272482872009277,0.9702655023796105,0.022721355695535038
5.28321647644043,0.9714559591195233,0.02213828740087411
5.293900728225708,0.9738614743656441,0.021023783051830267
5.310184717178345,0.9757759255257155,0.02020282264839681
5.32062029838562,0.9773594591887778,0.019572658068131847
5.331085205078125,0.9793110535639238,0.018844387086149536
5.341701030731201,0.9811020686641164,0.01822932828329449
5.354088068008423,0.9832683596967107,0.017542983000642408
5.36631441116333,0.985453494439933,0.016919225965503586
5.37674617767334,0.9872886365806531,0.016452015366907276
5.387099742889404,0.9891344497915778,0.01602892434779462
5.397373199462891,0.9909898735328808,0.015650196001493345
5.409164905548096,0.9934130322058496,0.015215803511267896
5.419931173324585,0.9958485487430929,0.014857119825052483
5.430467128753662,0.9979178260601865,0.014617974234959558
5.440773010253906,0.9999926890742029,0.014433467591796773
5.451112985610962,1.002449696438565,0.014280139181472291
5.476319789886475,1.0075601561925909,0.014120836184352423
5.48665714263916,1.009452772197189,0.014184374198305877
5.49703311920166,1.0117214314612324,0.014315033406164553
5.50838041305542,1.0141740579388496,0.014527208219074998
5.518849849700928,1.016242756063745,0.014771313311920817
5.5298051834106445,1.0184917123663189,0.015097015989275802
5.540219783782959,1.0209169257198278,0.015519786588897456
5.550529956817627,1.0229568873520216,0.01594127889900111
5.562061309814453,1.0255381564656982,0.016545988173073685
5.573247194290161,1.027549212727001,0.017088898793875595
5.583826541900635,1.0300896317789245,0.017847116825829717
5.594350337982178,1.0320645627176221,0.01850949663808215
5.6059730052948,1.0341992329099134,0.01928864351451796
5.616318702697754,1.0366625074968985,0.02026889952826308
5.626695394515991,1.038571005517621,0.02110360578389891
5.637026309967041,1.0404568333717155,0.021988338813134542
5.647748947143555,1.0428264563532217,0.02317725027699028
5.659202814102173,1.0448222257823154,0.024263892384962016
5.669907569885254,1.0471131987291533,0.025598083713150734
5.680261135101318,1.0488770623968395,0.026706183072468494
5.690658092498779,1.0506110982544814,0.0278604009343607
5.707249402999878,1.0533978296456081,0.029823274642676333
5.718007326126099,1.0554974186546642,0.031442024016856335
5.728784561157227,1.0572494988367613,0.0328891251606694
5.739272594451904,1.058816756432754,0.03426127779653123
5.749984502792358,1.060764711914342,0.0360596362105062
5.761075496673584,1.0626512309544607,0.03792234108638955
5.771912336349487,1.064083555252471,0.03943480474996422
5.783086776733398,1.065602047035975,0.04112538730883186
5.793406248092651,1.0670712881002253,0.042858943590019
5.804003715515137,1.0686082940893054,0.044781963969387974
5.815762519836426,1.069857508744652,0.0464488658780711
5.826374769210815,1.0713909326845574,0.04861155738725474
5.8366944789886475,1.0726423583134772,0.050508349568860224
5.847035884857178,1.073739016724152,0.052279349161915
5.857315301895142,1.0750748526616771,0.054569363548634
5.868931531906128,1.0760634759324579,0.05640286382318266
5.8793785572052,1.0770888650054087,0.058430784909910584
5.890251398086548,1.0782166119106535,0.06083012033062207
5.900542736053467,1.0790389467073769,0.06274398153520223
5.9119203090667725,1.080020971136878,0.0652065516485648
5.923218250274658,1.0807272071273324,0.06716622763047767
5.933799982070923,1.081559983486557,0.06968319149173723
5.944164276123047,1.0822010035292118,0.07186332451287088
5.954976797103882,1.082730884930864,0.07387785297593302
5.966529607772827,1.0833374474393542,0.07645868723381376
5.976919412612915,1.0837457259656866,0.07850133450469535
5.987239599227905,1.0841322163800264,0.08074064507818451
5.997818946838379,1.0845077968391903,0.08336506174900192
6.008769989013672,1.0847745874035972,0.08581234955077059
6.020502805709839,1.0849357046937111,0.08788915971232256
6.031019449234009,1.0850710043407121,0.09053686013889746
6.041961431503296,1.0851107639079574,0.09280893097004261
6.053346872329712,1.0850851603915912,0.09508120541316488
6.064908027648926,1.084986636190115,0.09754101999391396
6.076273202896118,1.0847980493404785,0.10018545916763448
6.086835622787476,1.0845802426244775,0.10225709124470896
6.097402095794678,1.0840850627972882,0.10601194498607962
6.114048719406128,1.0836253867342933,0.10862294507425904
6.124793291091919,1.08309080630759,0.11121964438506801
6.136197566986084,1.0824515218541204,0.11398729471210453
6.1467249393463135,1.08187135764632,0.11618440558252019
6.157317638397217,1.081185977394824,0.11854886084764905
6.169046878814697,1.0802798523404538,0.12144008556760214
6.180079936981201,1.079290948116432,0.1243040533452006
6.1907958984375,1.0784208701271818,0.1266069556623992
6.20180869102478,1.0772183770237105,0.12959319812244224
6.213355779647827,1.075937570613698,0.1325466992032118
6.22483229637146,1.0748190288549617,0.13495033974982573
6.235892057418823,1.0735714287583855,0.13750221493176723
6.24662971496582,1.0720954223105779,0.14036316558846898
6.257214069366455,1.0708181929210994,0.14268637643340515
6.269042015075684,1.0691190662805814,0.14564132375959019
6.280127286911011,1.0674611163544045,0.1484008229417503
6.290695905685425,1.0658327616250483,0.15095595578972676
6.301294803619385,1.0638412636698598,0.15395253933285916
6.313193321228027,1.0618937805777602,0.15675004798289935
6.324893474578857,1.0601153199218558,0.15920307074896117
6.336106538772583,1.058075069591539,0.16193366109368923
6.346641302108765,1.056086908267547,0.16446562638646592
6.35722804069519,1.0541759770008958,0.16681692064486073
6.369271755218506,1.0517592421101625,0.16973300057316065
6.3802573680877686,1.04953425544637,0.1723152823910545
6.390810966491699,1.0472480149073233,0.1748434930703096
6.40177321434021,1.0447966300936187,0.17747717671335222
6.413132667541504,1.0424327285085764,0.17993292799092625
6.424777984619141,1.0396474997272194,0.1827713965230846
6.436023712158203,1.0370847956131275,0.18529689145678263
6.446572303771973,1.0347436383321822,0.18750655574800892
6.458256959915161,1.0318191140295045,0.19020128404147388
6.470435619354248,1.0288497874460083,0.1928465633486786
6.480974435806274,1.0258489703410534,0.1954560651546145
6.4920690059661865,1.0230947134597264,0.1977711560962741
6.508250713348389,1.0189952105766493,0.2011339778704854
6.520364761352539,1.0158727862548924,0.20359667341144733
6.531070947647095,1.012420907294172,0.20625273123137297
6.542103052139282,1.0096947180731333,0.20829885863995626
6.553876161575317,1.0063388840087277,0.21076761837824443
6.56452202796936,1.003256163603654,0.21296783759106702
6.57641863822937,0.9998421214754365,0.21535545423952263
6.587036609649658,0.9967177778900571,0.21749615665714642
6.597974538803101,0.9935832074379167,0.2196218560152208
6.609231472015381,0.9904183895808335,0.22170225444143837
6.620898723602295,0.9862912078799615,0.22438701706926154
6.631877660751343,0.9835676987937966,0.22610344707122168
6.643361330032349,0.9803491320316169,0.22809968294849525
6.654203414916992,0.9769596270766654,0.2301795048478274
6.664857387542725,0.9737080192041735,0.2321214564239202
6.67689061164856,0.9704564113316827,0.23406340800001235
6.68768835067749,0.9668593254594096,0.23616516206286078
6.698522567749023,0.963899902594938,0.2378564814739437
6.709310531616211,0.9606026834469804,0.23971993943448147
6.720297813415527,0.9566353455831124,0.2419370945967579
6.73259711265564,0.9533116673819291,0.24375293955029895
6.743860721588135,0.9499879891807425,0.2455687845038417
6.7545177936553955,0.946981146819974,0.24717428880422584
6.767897129058838,0.9429618071171656,0.24929571641154752
6.77995491027832,0.9394360262232259,0.25113508371051263
6.7906646728515625,0.9365711887566185,0.25260353186552753
6.801302909851074,0.9328592074389751,0.2544949841146429
6.813016891479492,0.9296456109182573,0.2561131233047408
6.824502468109131,0.9264359024130019,0.2577389610419678
6.835415840148926,0.9232145852788304,0.2593416752889855
6.846438884735107,0.9201591803114388,0.26085271649501496
6.85724401473999,0.9167562759127481,0.26251535636392886
6.868227243423462,0.913693661953926,0.2640117322459516
6.880192041397095,0.9101122839670527,0.2657403544394114
6.890806198120117,0.9073742145249674,0.26703774363534355
6.9066150188446045,0.9020692049809225,0.2695514352024642
6.921165466308594,0.8981111607821515,0.2713691253913626
6.934037685394287,0.89467318190558,0.2729579711751249
6.9448792934417725,0.8915721810775977,0.2743730820915993
6.955945014953613,0.8886498990325112,0.2757236010077975
6.966690301895142,0.885380210346569,0.27722517116384443
6.97850775718689,0.8820998082077183,0.278703189717153
6.989871025085449,0.8791615500221232,0.28001858795678514
7.000504970550537,0.8760538006274222,0.2814188160599197
7.0110509395599365,0.872766350397127,0.28288109100664904
7.022062540054321,0.8699950274902128,0.28410584091623486
7.034642696380615,0.8667040815382531,0.28556023143386766
7.045708417892456,0.8635830494459451,0.286930597706024
7.056416273117065,0.8604686229119821,0.2883159108134515
7.067132472991943,0.8575209814914698,0.28961014562604326
7.079168796539307,0.8542300355395102,0.29106453614367617
7.09033465385437,0.8512823941189956,0.29235877095626894
7.100919008255005,0.8478109408066374,0.29387308320294386
7.1118597984313965,0.8452073508223638,0.29500881738795226
7.123431921005249,0.842079784904457,0.2963642053288027
7.135056495666504,0.8389587528121502,0.29773457160095856
7.146310091018677,0.8358377207198422,0.29910493787311493
7.156964540481567,0.8330576621261458,0.3003097271538714
7.167715787887573,0.8297563425461287,0.30174041442477095
7.1793365478515625,0.8268056072306239,0.3030275798344448
7.190313100814819,0.8238579658101094,0.30432181464703756
7.200891017913818,0.8203865124977512,0.3058361268937125
7.2120420932769775,0.8176093498478596,0.3070475766910546
7.223729372024536,0.8146586145323548,0.3083347421007284
7.235069990158081,0.8113641917682511,0.3097812398324494
7.246341228485107,0.8084196611796562,0.3110825366113837
7.256983041763306,0.8054720197591428,0.312376771423976
7.267959117889404,0.802527489170548,0.31367806820291033
7.280022382736206,0.7994064570782423,0.31504843447506575
7.290652275085449,0.7966322063295235,0.31626653782809394
7.306226968765259,0.7922974395346536,0.31816982431719915
7.316910982131958,0.7896993243094212,0.3193180273574361
7.32797384262085,0.7864049015453198,0.3207645250891561
7.340092658996582,0.783287163275042,0.32214236873744
7.3506293296813965,0.7805158403681289,0.32336711864702533
7.361289978027344,0.7773981020978499,0.3247449622953097
7.373027324676514,0.7742803638275731,0.326122805943593
7.38474178314209,0.7711692669251764,0.32751558055026325
7.396011590957642,0.7684038474563819,0.32875360242285784
7.406591176986694,0.76563252454947,0.32997835233244266
7.417198657989502,0.7626879939608727,0.33127964911137797
7.428071737289429,0.7597528973103227,0.33260208676433795
7.440211057662964,0.7568083667217255,0.33390338354327326
7.450965404510498,0.7533478927950981,0.3354426203293046
7.463401556015015,0.7505795136537984,0.3366740097581287
7.474208831787109,0.7476444170032461,0.33799644741108975
7.486072063446045,0.7447061588176521,0.3393118456507214
7.496591806411743,0.7419437149112497,0.3405564928535084
7.507362127304077,0.7388359655165498,0.3419567209566424
7.518482208251953,0.7362517981598962,0.3431359800537053
7.52925443649292,0.7333198799092314,0.3444654495213678
7.540980100631714,0.7298743234336939,0.34603779498411796
7.5518412590026855,0.7271178782532669,0.34729567135431666
7.56329083442688,0.7243614330728377,0.34855354772451635
7.574326038360596,0.7216110499715797,0.34982462435152656
7.586299896240234,0.7183377713198187,0.35131835254113936
7.596942663192749,0.7157564381467085,0.3525038026643333
7.60772967338562,0.7126622571577936,0.3539337638697194
7.618450164794922,0.7099118740565356,0.3552048404967296
7.629348039627075,0.7071614909552774,0.35647591712373977
7.641178131103516,0.7037311686950061,0.3580812267110243
7.652526617050171,0.7009869108867912,0.35936547438085087
7.663806438446045,0.6977281047395321,0.3608905184887718
7.674416780471802,0.695329579676655,0.36201998786246353
7.685066223144531,0.6920744385198907,0.3635528391553321
7.696987867355347,0.689336369077802,0.36485022835126585
7.711734294891357,0.6854093804942225,0.366734073399739
7.7232749462127686,0.682332559886842,0.3682010157950192
7.734253406524658,0.6797744327533614,0.36943574593320455
7.7464210987091064,0.6763596600719852,0.3710738720623129
7.757047891616821,0.6736278419268843,0.3723843729655995
7.76801323890686,0.6707319938621435,0.37379067936178956
7.778979063034058,0.6678327831108639,0.37519004018506713
7.790823698043823,0.6651072790499313,0.376513622675599
7.801677465438843,0.6618707429775698,0.37808537688310756
7.813194274902344,0.658978274238683,0.37949862077168417
7.8240065574646,0.6562591469039718,0.38083525442869404
7.834658145904541,0.6537039868468473,0.38207611301356775
7.8465352058410645,0.6504712276680886,0.38365562088903715
7.8571555614471436,0.6475821548749605,0.3850757941496088
7.868362188339233,0.6446964946279804,0.3865028886219695
7.879060745239258,0.6419773672932703,0.3878395222789787
7.8908445835113525,0.6390951361732238,0.38927352976315155
7.901957988739014,0.6360397312058311,0.39078457096918157
7.913403749465942,0.6331540709588532,0.39221166544154124
7.924320459365845,0.6304413828458638,0.3935613195442944
7.935117721557617,0.6273896087187559,0.3950796804098891
7.946911811828613,0.6246834221749917,0.3964423239383935
7.957739353179932,0.6216316480478827,0.39796068480398883
7.9684717655181885,0.6190885029419558,0.39922598552531957
7.97923731803894,0.6162097175099185,0.40066689778160924
7.991118431091309,0.6130039154628641,0.4023004247240264
8.002527236938477,0.6103010030373851,0.40366955123958626
8.01382303237915,0.6072602265587218,0.4052098185695908
8.02447247505188,0.6043883821066518,0.4066645154923725
8.037089586257935,0.6013439222449188,0.40819748946193907
8.04932951927185,0.5983143006627134,0.40975958360433734
8.060428142547607,0.5954529913906313,0.41123489473882424
8.070915460586548,0.5922511142220707,0.4128761015003111
8.08184003829956,0.5898947418803574,0.4140910636110643
8.094075918197632,0.5866968079880287,0.41573994076137405
8.108638048171997,0.5831666281427016,0.4175708512540577
8.119786262512207,0.5803124245618955,0.4190598628770283
8.13049864768982,0.5776294823267037,0.42046772080951206
8.141120195388794,0.574275804532718,0.4222275432251148
8.153731107711792,0.5715928622975296,0.42363540115759696
8.164502143859863,0.5687494402022665,0.4251448992471026
8.175675392150879,0.5659024079127789,0.42664757713562124
8.186330795288086,0.5630662551993889,0.42817068956757837
8.19786262512207,0.5600594128386194,0.42977619386796306
8.208714008331299,0.5575537108713108,0.43111411411828404
8.219740629196167,0.5547175581579229,0.43263722655023995
8.230508804321289,0.5518850645904101,0.43416713304543575
8.24101209640503,0.5488820793644702,0.43577984032633016
8.253783941268921,0.5462127591636322,0.43721335790934873
8.264426469802856,0.5433839410172872,0.4387500496770579
8.275031089782715,0.5403848301810962,0.4403699506719715
8.286293983459473,0.5378920715302089,0.4417318343871271
8.297965288162231,0.5347304512489969,0.4434493134216271
8.308902978897095,0.5318979576814851,0.44497921991682227
8.320141553878784,0.5290765391187752,0.44652945570148467
8.330777168273926,0.5265837804678879,0.4478913394166403
8.341697216033936,0.5237549623215417,0.44942803118435
8.354106903076172,0.5205974680304153,0.4511530838902153
8.36472201347351,0.5181079810633199,0.4525209389943284
8.37580919265747,0.5154560333524897,0.4539863455367076
8.386451721191406,0.5126383389097362,0.45554333998798346
8.398332834243774,0.5094849887514129,0.45727595645319463
8.40931224822998,0.5068330410405859,0.458741362995572
8.423723220825195,0.5033616204097006,0.46068137376256435
8.434394359588623,0.5005551953822813,0.46225859038038153
8.445040941238403,0.49774499772870845,0.46382907528699396
8.457777976989746,0.49460840505100506,0.46559184680102467
8.46874475479126,0.49229412463041483,0.4668851873123529
8.479772806167603,0.4893266273972556,0.4685622994768354
8.4904465675354,0.4865316169141412,0.4701596566984151
8.502055883407593,0.4829095997818946,0.472218148575229
8.526469707489014,0.4776127449441605,0.4751616670157401
8.53726863861084,0.47498575813386607,0.47667136344017674
8.549728631973267,0.4720385742984447,0.47838392073303176
8.56041169166565,0.46925512289832527,0.480001335954061
8.570897817611694,0.4661398823943874,0.4818015730604213
8.581814289093018,0.46368389586487085,0.4832287041377998
8.593438386917114,0.4609043295090222,0.4848527868227288
8.605061054229736,0.4581286641686226,0.4864835276397014
8.616263389587402,0.45535691579242765,0.48812091721860823
8.626957178115845,0.45290779931560515,0.4895598061747601
8.637808084487915,0.4498099628951516,0.4913898298217739
8.648785829544067,0.4472049600850514,0.49293715117003123
8.660517692565918,0.4445925691764377,0.494471966056595
8.671098709106445,0.44149912833944305,0.49630941015765095
8.682575941085815,0.43873526164782417,0.4979600689973303
8.69386625289917,0.4361452144810575,0.49953229629302953
8.705856084823608,0.4335551673142929,0.5011045235887275
8.716482639312744,0.43097268734861505,0.5026891497977427
8.72719120979309,0.42822076223392674,0.5043596412994222
8.738234519958496,0.4254809210067742,0.5060498790767918
8.749056816101074,0.42289844104109847,0.5076345052858058
8.760781049728394,0.4201626592932432,0.5093313057814899
8.771857500076294,0.41726165093508416,0.511120969310468
8.783297538757324,0.4145218097079327,0.5128112070878369
8.794167280197144,0.41194695629818734,0.5144081957896569
8.806111574172974,0.4090502462122243,0.516204808079204
8.816634178161621,0.40663632114058884,0.5177019849871597
8.827395915985107,0.40374392597109576,0.5195055357140794
8.838452339172363,0.4013264190059638,0.5209969219882276
8.84923243522644,0.39859063725810856,0.5226937224839118
8.860909223556519,0.39554671533827984,0.5246120854272773
8.871824979782104,0.3931399956436611,0.5261208177616343
8.883296489715576,0.3904082890946972,0.5278241712259464
8.894366025924683,0.38768890222534214,0.5295471247217874
8.910027265548706,0.3840041546381786,0.5318693535479683
8.920783281326294,0.38160469563580895,0.5333896066325323
8.931843757629395,0.378729726077644,0.5352208070805162
8.943768501281738,0.3758547565194791,0.5370520075285002
8.954543113708496,0.3731395074923241,0.5387814746182623
8.966465950012207,0.37043676550588445,0.5405304227160617
8.977140665054321,0.36804830089254403,0.5420678913290745
8.988113164901733,0.3653539746219171,0.5438297765811422
8.998990535736084,0.3628141704983032,0.5454819381982644
9.010907649993896,0.35964935264121883,0.5475623366244825
9.021842241287231,0.35711749835555057,0.5492266553654577
9.033305168151855,0.35458564406988224,0.5508909741064327
9.044100522994995,0.3519040574224101,0.5526721890699178
9.054718017578125,0.3495341909847591,0.5542381731097114
9.066744327545166,0.3466948639462615,0.5561241654239881
9.07733702659607,0.3440132772987873,0.5579053803874746
9.088383913040161,0.3413445689476604,0.5597058329502081
9.099241733551025,0.33882878872766475,0.5613943509039442
9.11099100112915,0.3358509467981311,0.5634137652941151
9.121861457824707,0.3334962041353719,0.565002399908292
9.133437633514404,0.33083181925105165,0.5668092443626559
9.144263744354248,0.3281804965234649,0.5686352020533515
9.154941082000732,0.3256810216551578,0.570347763987453
9.16676115989685,0.3231897857273416,0.5720722890082517
9.177339553833008,0.32053409367976765,0.5738918860632329
9.188630819320679,0.31789155526984686,0.5757305335134357
9.199863910675049,0.315556021587517,0.577347275720436
9.211192607879639,0.31261248195316904,0.5794163700772799
9.22257947921753,0.3101295422235583,0.5811528185488825
9.233845710754395,0.3074914187608451,0.5829977950499615
9.244527339935303,0.30516757168109687,0.5846312905948381
9.255841732025146,0.3025294482183857,0.5864762670959157
9.26719355583191,0.2997502611653998,0.588449808168606
9.278090000152588,0.2974342719545794,0.5900944257291805
9.288987159729004,0.2948050238361953,0.5919520284924239
9.300064325332642,0.2921892019759462,0.5938284905062913
9.316436052322388,0.2884899374898566,0.5964687535616792
9.32730746269226,0.2861778971860503,0.5981189179712968
9.338675737380981,0.2835711013589771,0.600007898969081
9.34937334060669,0.2811133918569785,0.6017798772418608
9.360299587249756,0.278051909116006,0.6040095528028041
9.372548341751099,0.2757557970602774,0.6056818094735111
9.383823871612549,0.27314900123320224,0.6075707904712968
9.394430160522461,0.27085288917747363,0.6092430471420038
9.405052423477173,0.26825517929728326,0.6111445037080093
9.41688585281372,0.2659752065806547,0.6128386989023741
9.42809772491455,0.26323437386820214,0.6148651690066288
9.43916368484497,0.26064580963977835,0.6167790574384223
9.450201988220215,0.2582225303321851,0.6185978373571654
9.462076902389526,0.25549634111114644,0.6206439647657487
9.474393367767334,0.252930900838179,0.6225887397912693
9.485045433044434,0.2503608061857557,0.6245273597054405
9.49631118774414,0.2479550769449004,0.6263692907071603
9.506940126419067,0.2456997057815955,0.628096101021275
9.518677234649658,0.24313893462891067,0.6300470199836138
9.529392004013062,0.2405828473105001,0.6320040716729426
9.54034686088562,0.23819042585057598,0.6338632549757701
9.55112099647522,0.2354989517081618,0.6359548361914505
9.562462568283081,0.2331065302482377,0.6378140194942781
9.574673891067505,0.23071410878831353,0.6396732027971055
9.58584976196289,0.22833062795817832,0.641543834275452
9.596456527709961,0.22595614253893923,0.6434258709353643
9.607237815856934,0.2234332517810019,0.6454255348865178
9.619220972061157,0.22076703864114536,0.6475492233132695
9.630200624465942,0.21855370422779716,0.6493295951058703
9.64082145690918,0.21633610850844945,0.651104656279666
9.651753664016724,0.21368010721243258,0.6532411024307863
9.663146018981934,0.21131921717153004,0.6551401656762254
9.674888610839844,0.20897664409548694,0.657061778118631
9.68596601486206,0.2066340710194419,0.6589833905610382
9.696594715118408,0.20429149794339974,0.660905003003443
9.711055278778076,0.20107045996383868,0.6635472201117523
9.724097728729248,0.19844545952130008,0.6657216436486336
9.735002517700195,0.19611212579459777,0.6676544645703072
9.74620008468628,0.19378808504579,0.6695984495479457
9.75676155090332,0.19160929684378072,0.6714209354644833
9.76865553855896,0.18914496173943424,0.6734923326228114
9.779812335968018,0.1868302673834787,0.675447436976529
9.790562629699707,0.18452497262052633,0.6774136157708696
9.801162481307983,0.18193151601220336,0.679625566914504
9.812556028366089,0.179626221249251,0.6815917457088446
9.824616193771362,0.17733037906340995,0.6835689537538258
9.835658073425293,0.17489104674095604,0.6856697373016163
9.846501111984253,0.17275208006857573,0.687538799772386
9.857081651687622,0.170465743226707,0.6895269916245261
9.867922306060791,0.1681889642771926,0.6915261215879054
9.879979848861694,0.165485289274649,0.6939000884194141
9.890557527542114,0.1634973064541445,0.6956540974982832
9.90109634399414,0.1609413285420704,0.697909252028255
9.93836522102356,0.15274033131146617,0.7052152615433882
9.966733694076538,0.14762837548731528,0.7097255706033344
9.98871111869812,0.14302255710161485,0.7139491153293515
10.01381802558899,0.13800908686845043,0.7185686495467223
10.035164833068848,0.1333161923459763,0.7229767416257411
10.059036493301392,0.12921288631766073,0.7269057582226434
10.071193218231201,0.1269091338459545,0.7291543929735905
10.08251428604126,0.12501637030188495,0.7310107522355865
10.09388542175293,0.12245972732289949,0.7335423828789709
10.121028423309326,0.11760407742251942,0.7383275311743941
10.136359214782715,0.11522257731744383,0.7407662198159792
10.14704155921936,0.11311610497414996,0.7429440667487005
10.157779455184937,0.11129129766947055,0.7448672676857182
10.169247388839722,0.10946649036478859,0.7467904686227386
10.180197477340698,0.1075311865644958,0.7488696925514561
10.206169128417969,0.10302712007970266,0.7537320255559502
10.218244552612305,0.1011219196304981,0.7558388677886617
10.229026794433594,0.0993579190728987,0.7578179902144233
10.240053176879883,0.0976129756597419,0.7598139351105158
10.2505784034729,0.09600157498441678,0.7616750591401055
10.2612943649292,0.09428067838546862,0.7636917739040435
10.273971319198608,0.09232501157124354,0.7660059930611582
10.28453779220581,0.09075413389226608,0.7679014450145543
10.295068502426147,0.08907714216060893,0.7699548135336768
10.306116104125977,0.08753828879030578,0.7718763559075636
10.317423582077026,0.08564998984936092,0.7742458643175618
10.328530311584473,0.084367463400757,0.7758872738145889
10.339210987091064,0.08286573922483638,0.7778379709436697
10.350212335586548,0.08127379154964574,0.7799579535244515
10.360811948776245,0.07957904232514004,0.7822375144495458
10.3748939037323,0.07777714354912019,0.7846733723674884
10.38619351387024,0.07635132058351743,0.7866802165718789
10.396769523620605,0.07493996597517949,0.7886972621736107
10.407432794570923,0.07354315270964484,0.7907244048649792
10.419395923614502,0.07205462996745962,0.7929182425046799
10.43038272857666,0.07070187110514378,0.7949750454243497
10.440997838973999,0.06925036759497925,0.7971935496734652
10.452089071273804,0.06812666612344616,0.7989475149613725
10.464486598968506,0.06671259050707042,0.8011900612138562
10.476378679275513,0.06541954660433469,0.8032849197426243
10.487010478973389,0.06423990409141317,0.8052271684977054
10.497930526733398,0.06307893831262242,0.8071806385244524
10.5137357711792,0.06135155739353639,0.810119158594394
10.525990724563599,0.06012441037538246,0.8122532872188645
10.536675930023193,0.05919228077666063,0.8139016703148935
10.547266960144043,0.05817564279104709,0.8157197864922874
10.558352708816528,0.057180868025442956,0.8175499565373969
10.570327281951904,0.056190483152204034,0.8193825058631079
10.580906867980957,0.05512446734876952,0.8213893683376576
10.591858625411987,0.054244148660679496,0.8230659933486505
10.603233814239502,0.05337187802030795,0.8247468194401971
10.614107131958008,0.05243015197520605,0.8266048429288204
10.625973224639893,0.05157808875824078,0.8282960024997605
10.636528015136719,0.050742279744932034,0.8299952540153844
10.647432088851929,0.049822889830291414,0.8318644306825728
10.658439636230469,0.04908167876281545,0.8333991268784757
10.670254468917847,0.04826220079252028,0.835106314119609
10.68084168434143,0.04761317351017128,0.8364751911541222
10.691885709762573,0.04681010192087011,0.8381901571720201
10.703308820724487,0.04601526130272977,0.8399089534984756
10.714184284210205,0.04530732906195957,0.8414592819161814
10.726165294647217,0.04460311509122471,0.8430113028386208
10.736830711364746,0.04398045584292228,0.8443923735136255
10.74781084060669,0.04328742087487434,0.8459494184048636
10.758609294891357,0.042674709193988275,0.8473349309977201
10.769383907318115,0.04199288906762254,0.848896919338119
10.781104803085327,0.041239473532319944,0.8506342729150447
10.792102575302124,0.04071791906792933,0.8518529348150454
10.803760766983032,0.04005110681069811,0.8534213887269823
10.814510583877563,0.03946842587758158,0.8548197962781062
10.826346397399902,0.0388857449444655,0.8562182038292291
10.836941003799438,0.03838177109647542,0.8574442406338906
10.847699403762817,0.03773758515297107,0.8590221223564716
10.858481645584106,0.037310650613251437,0.8600750699192797
10.869412422180176,0.03667782808885609,0.8616575432722592
10.880908727645874,0.036048800672170804,0.8632415289948356
10.891839027404785,0.035631981542415606,0.8642985216553126
10.903289318084717,0.03515161004644045,0.86553399691273
10.93596363067627,0.03371938423793296,0.8692438664799814
10.947773694992065,0.033117022553066824,0.8708381834688131
10.958700180053711,0.03278450128933475,0.8717247147509385
10.969422578811646,0.03232194795845631,0.8729669708847272
10.981197834014893,0.03186237372372141,0.8742103322194179
10.993046045303345,0.03134055372610453,0.8756325715238044
11.003894090652466,0.030954307008289092,0.8767011149923675
11.014514446258545,0.030568060290474493,0.8777696584609282
11.026405334472656,0.030059900877067953,0.8791968356606567
11.037219047546387,0.029678781317013136,0.8802672185604526
11.048415899276733,0.02930279767424179,0.8813394162901638
11.059227228164673,0.02898947797193225,0.8822329143982566
11.070235967636108,0.028553830129711025,0.8834848596220625
11.081932544708252,0.028182991045703314,0.8845588475386605
11.093423128128052,0.02775635737669582,0.8858138931945306
11.104268550872803,0.027453768791868845,0.8867110822790321
11.11505937576294,0.027088082789862605,0.8877868356983487
11.126174926757812,0.026787645693862484,0.8886847475294144
11.137760877609253,0.026429705036802184,0.8897631028313672
11.14850401878357,0.02607176437974072,0.8908414581333235
11.159213304519653,0.025777792058456605,0.8917415072316147
11.170344829559326,0.025427615256564912,0.892822408651103
11.182053565979004,0.025135801254989466,0.893723159834007
11.193758726119995,0.02484614724986355,0.8946246079258765
11.204339265823364,0.024558654905516866,0.8955267477470601
11.214971780776978,0.024273325873859067,0.8964295741139291
11.226309776306152,0.02399016179436817,0.8973330818389149
11.237886428833008,0.023709164294084,0.8982372657305292
11.2487211227417,0.023486100848894062,0.8989611496208264
11.259410381317139,0.02315150568110879,0.9000469754562733
11.270344495773315,0.022931915181135062,0.9007719204193808
11.28198790550232,0.02265742705616798,0.9016781016232649
11.2937593460083,0.02238511189398006,0.9025849381892845
11.30450439453125,0.02216899938621664,0.9033109275633114
11.318966388702393,0.021898858751512366,0.904218414280845
11.330864191055298,0.02163089419649698,0.9051265459355506
11.34194564819336,0.02141826464799991,0.9058535630346052
11.353858470916748,0.02115247771237823,0.9067623344084246
11.366278171539307,0.02088886992334125,0.9076717402796283
11.37691068649292,0.02073201364667181,0.9082177613655558
11.388895034790039,0.020524617675162372,0.9089462887145369
11.400012969970703,0.020317221703652258,0.9096748160635203
11.410725831985474,0.020161674725019486,0.9102212115752585
11.421424388885498,0.019956025675907738,0.9109502339725889
11.434302806854248,0.019698964364517315,0.9118615119692546
11.444949865341187,0.019546038655713364,0.9124086469118384
11.456695079803467,0.01934388698628248,0.9131386468363303
11.46739149093628,0.01919227323420899,0.9136861467797003
11.478426694869995,0.01904197231002696,0.9142340085779639
11.490335702896118,0.01883982064059576,0.9149640085024568
11.500913858413696,0.018637668971164218,0.915694008426951
11.511788606643677,0.018486055219091073,0.9162415083703199
11.523261547088623,0.01833575429490873,0.9167893701685847
11.534829378128052,0.018137104651343973,0.917520330842168
11.54594373703003,0.018037779829561763,0.917885811178959
11.556647539138794,0.017938455007779554,0.9182512915157499
11.56724500656128,0.017739805364214486,0.9189822521893343
11.578259944915771,0.017590818131541154,0.9195304726945208
11.590270280838013,0.017440517207358792,0.9200783344927856
11.600825548171997,0.017341192385576576,0.9204438148295766
11.61172366142273,0.01714254274201182,0.9211747755031598
11.623021125793457,0.01699355550933784,0.9217229960083487
11.633846282958984,0.016895107052607567,0.9220887133830664
11.64577317237854,0.016747434367512158,0.9226372894451429
11.65642762184143,0.016598447134838844,0.9231855099503294
11.667068004608154,0.01649999867810792,0.9235512273250495
11.677811622619629,0.01635232599301251,0.9240998033871259
11.689907550811768,0.016203338760339196,0.9246480238923125
11.700486183166504,0.016104890303608923,0.9250137412670302
11.711132287979126,0.015957217618512872,0.925562317329109
11.726567029953003,0.015808230385839214,0.9261105378342966
11.738598585128784,0.0156605577007438,0.9266591138963731
11.749349594116211,0.015562986174742735,0.9270250662076335
11.760297060012817,0.015465414648741672,0.9273910185188938
11.770987033843994,0.015270271596738933,0.9281229231414169
11.781882762908936,0.015270271596738933,0.9281229231414169
11.794408559799194,0.015075128544736806,0.9288548277639375
11.805054426193237,0.015026342781736274,0.9290378039195676
11.816323518753052,0.014881301729785306,0.9295870816371747
11.829852819442749,0.01473494444078372,0.9301360101040652
11.841236591339111,0.014589903388833706,0.9306852878216688
11.852528095245361,0.01449408740116458,0.9310517036964749
11.863797903060913,0.014398271413495142,0.9314181195712823
11.874439001083374,0.014302455425826022,0.9317845354460884
11.885077476501465,0.014206639438156591,0.9321509513208958
11.89702320098877,0.014062915456652903,0.9327005751331049
11.910293817520142,0.013967978066498998,0.9330672196322517
11.920966625213623,0.013825571981268612,0.9336171863809701
11.9319007396698,0.013777663987434052,0.9338003943183731
11.944310665130615,0.01368272659728046,0.9341670388175188
11.955079317092896,0.013540320512049456,0.9347170055662397
11.966217517852783,0.013493291388481899,0.9349004410746268
11.976776838302612,0.013350885303250877,0.9354504078233477
11.987676858901978,0.013256827056115774,0.9358172788401217
11.999757528305054,0.01316276880898067,0.9361841498568957
12.010551452636719,0.01306871056184526,0.9365510208736709
12.021133422851562,0.01297465231471015,0.9369178918904449
12.032542943954468,0.012927623191142289,0.9371013273988331
12.044561386108398,0.012787855345644566,0.9376519705384176
12.055195331573486,0.012740826222077013,0.9378354060468047
12.066407442092896,0.012647647658411865,0.9382025014731944
12.077148675918579,0.012554469094746716,0.9385695968995841
12.088061094284058,0.012507879812913838,0.9387531446127801
12.100112676620483,0.012369432295716073,0.9393041212028362
12.110687971115112,0.012322843013883499,0.9394876689160311
12.12617039680481,0.012230544669085183,0.9398549866427343
12.136855363845825,0.012138246324286867,0.9402223043694374
12.14878535270691,0.012138246324286867,0.9402223043694374
12.159818172454834,0.01204594797948855,0.9405896220961406
12.170430183410645,0.011953649634689633,0.9409569398228462
12.180925369262695,0.01190750046229048,0.9411405986861978
12.192065715789795,0.011816082866697915,0.9415081366026363
12.204349040985107,0.011770374068901773,0.9416919055608549
12.215101957321167,0.011724224896502612,0.9418755644242065
12.226160049438477,0.011632807300910328,0.9422431023406438
12.23677134513855,0.011587098503114186,0.9424268712988624
12.248672008514404,0.011540949330715025,0.942610530162214
12.259400606155396,0.011495240532918288,0.942794299120435
12.270339727401733,0.011449972372364415,0.9429781771175983
12.280895948410034,0.011312845978975708,0.9435294839922554
12.291821718215942,0.011312845978975708,0.9435294839922554
12.304221630096436,0.011222309657867956,0.9438972399865821
12.314929962158203,0.011131773336760204,0.9442649959809089
12.32600474357605,0.011131773336760204,0.9442649959809089
12.33670449256897,0.011131773336760204,0.9442649959809089
12.348486185073853,0.011041237015652157,0.9446327519752368
12.359302043914795,0.01095070069454441,0.9450005079695635
12.37037992477417,0.01095070069454441,0.9450005079695635
12.38095235824585,0.010860164373436664,0.9453682639638902
12.391826868057251,0.01081489621288279,0.9455521419610535
12.404242277145386,0.010770068949678264,0.9457361279406139
12.414847135543823,0.010724800789124387,0.9459200059377773
12.426005363464355,0.010635146262715913,0.9462879778968957
12.436553478240967,0.010635146262715913,0.9462879778968957
12.448440790176392,0.010545491736307148,0.9466559498560152
12.46023941040039,0.010500664473102914,0.9468399358355744
12.47088885307312,0.010500664473102914,0.9468399358355744
12.481788635253906,0.010456278364822333,0.9470240287403601
12.49342393875122,0.010366623838413865,0.9473920006994785
12.505058288574219,0.010321796575209631,0.9475759866790376
12.516138076782227,0.010321796575209631,0.9475759866790376
12.530731678009033,0.01023302435864847,0.9479441724886091
12.541781663894653,0.01018863825036789,0.9481282653933948
12.55424427986145,0.010144693552049562,0.9483124641656258
12.564838886260986,0.010144693552049562,0.9483124641656258
12.575818300247192,0.010100307443768398,0.9484965570704138
12.586408853530884,0.010056362745450643,0.9486807558426423
12.597185134887695,0.010056362745450643,0.9486807558426423
12.609210729598999,0.010056362745450643,0.9486807558426423
12.620181798934937,0.00996935667374651,0.949049363005201
12.630756855010986,0.00996935667374651,0.949049363005201
12.641680002212524,0.009925853637894444,0.9492336665864803
12.654193878173828,0.009882792514473172,0.9494180739178163
12.664825916290283,0.009882792514473172,0.9494180739178163
12.676137685775757,0.009882792514473172,0.9494180739178163
12.686690330505371,0.009882792514473172,0.9494180739178163
12.697253942489624,0.009839289478621106,0.9496023774990956
12.709209203720093,0.009796228355200115,0.9497867848304303
12.720187664031982,0.009752725319347769,0.9499710884117109
12.73089861869812,0.009709664195926504,0.9501554957430468
12.741817951202393,0.009709664195926504,0.9501554957430468
12.754305124282837,0.009709664195926504,0.9501554957430468
12.76487421989441,0.009666161160074445,0.9503397993243261
12.776001691818237,0.009666161160074445,0.9503397993243261
12.786664724349976,0.00962310003665318,0.9505242066556621
12.797239065170288,0.009580481073088063,0.9507087166774666
12.809244632720947,0.009580481073088063,0.9507087166774666
12.820192098617554,0.009580481073088063,0.9507087166774666
12.830772161483765,0.009580481073088063,0.9507087166774666
12.841674327850342,0.009537419949666791,0.9508931240088025
12.854171514511108,0.009537419949666791,0.9508931240088025
12.865060567855835,0.009452182022537657,0.9512621440524067
