10.768210411071777,-0.9501684934738306,0.003968137829584064
10.779079675674438,-0.9501684934738306,0.003968137829584064
10.791065216064453,-0.9505247158332115,0.003934654978121076
10.802960395812988,-0.951236863430746,0.0038646001282831364
10.814206600189209,-0.9519483766084103,0.003788370995575779
10.824975728988647,-0.9530146144505529,0.0036647744746988835
10.835919618606567,-0.9551436936001937,0.0033898582719855182
10.853139877319336,-0.9565578306144396,0.003169712784668032
10.864723920822144,-0.9593780415172755,0.0026804269928269735
10.878690719604492,-0.9614791974817006,0.002240312738206781
10.889968395233154,-0.964264522295933,0.0015808009477076886
10.902690887451172,-0.9670252936767865,0.000825068518043746
10.914287328720093,-0.9704414124465212,-0.00023873579553950928
10.925158023834229,-0.9727981621038206,-0.001086373168138313
10.936390161514282,-0.9764594884992486,-0.0025301740465984556
10.948495149612427,-0.979721588086541,-0.003999954080867174
10.959224224090576,-0.9832364287644357,-0.005770763771239303
10.97116732597351,-0.9860398438605091,-0.007355098623157172
10.982374668121338,-0.9896924518169916,-0.009611795964862217
10.993172883987427,-0.9926343446482639,-0.011648168631109762
11.005295991897583,-0.9960553518099035,-0.014242573722036899
11.016530513763428,-0.9993367687403801,-0.0170114237909642
11.027886629104614,-1.0024697099689055,-0.019947221303464654
11.038884162902832,-1.0059416890862245,-0.023557815888752182
11.051815271377563,-1.0087243983366527,-0.026827488197011633
11.062662124633789,-1.0111158500848114,-0.029953320963930948
11.074026346206665,-1.0137627299941183,-0.0337780616464028
11.084730386734009,-1.0158164738502165,-0.037135442787122
11.095908403396606,-1.0180516488862463,-0.04121448766316027
11.1082763671875,-1.0202074024696288,-0.045735965158198805
11.118992567062378,-1.0220848249603185,-0.05037992005051664
11.130540370941162,-1.023335817610124,-0.054111526854647055
11.141924381256104,-1.0246022753920578,-0.05858709377170085
11.154255628585815,-1.0256923900029238,-0.0634761307306104
11.165310621261597,-1.0263707705702145,-0.06771570943394166
11.176791191101074,-1.0268657707263462,-0.07234059747451918
11.188320398330688,-1.027117343450818,-0.07734337104671976
11.201068639755249,-1.0270686360156336,-0.08199441846941984
11.212352991104126,-1.0267340203781503,-0.0869923244935045
11.224663019180298,-1.0260967533640368,-0.09196071688975599
11.236347913742065,-1.0250922142422239,-0.09723275464118035
11.254215717315674,-1.0231855182139968,-0.10486976963775974
11.265361070632935,-1.0216721326877654,-0.10926798277395948
11.277044773101807,-1.0196858974652732,-0.11425379770640556
11.288460493087769,-1.017270934506072,-0.1194441651689322
11.299832344055176,-1.0145892431683758,-0.12450188126018014
11.312618255615234,-1.0114642625899006,-0.129720211204369
11.324177980422974,-1.0080939878086732,-0.1347835815168502
11.33533263206482,-1.004910546399178,-0.13910436636361512
11.346808433532715,-1.0009347958504935,-0.144170964834994
11.35903811454773,-0.9960445076572528,-0.14987534069484787
11.371340274810791,-0.9918699938447529,-0.15429912928061568
11.382573127746582,-0.9870564358010124,-0.1590994671718162
11.394336462020874,-0.9817962141329786,-0.16395088513662892
11.406656503677368,-0.9763708718057326,-0.16861691652297356
11.418844938278198,-0.9699493489566204,-0.17376319948063335
11.43059778213501,-0.9641950444745683,-0.17801692351892753
11.442202806472778,-0.9583678179698035,-0.1821701896467271
11.454498529434204,-0.9521378373635594,-0.186370447282784
11.465808868408203,-0.9454806347771642,-0.19057058317650125
11.477186918258667,-0.9396691745757335,-0.19409769463453672
11.488532304763794,-0.9335040619382711,-0.19773054123652267
11.500052690505981,-0.9266207611626444,-0.20154887310191788
11.513787031173706,-0.919672260831441,-0.20524722827000322
11.5247802734375,-0.9133265179364495,-0.20855445299427341
11.536050796508789,-0.9062539104954014,-0.21200955238312316
11.547733545303345,-0.9004429298230555,-0.21478615392479747
11.559847354888916,-0.8929872941002246,-0.21826949713935676
11.571944952011108,-0.8861391722492149,-0.2213611067002743
11.58314061164856,-0.8802353737479108,-0.22393446554652463
11.594590663909912,-0.8740035864409792,-0.22665078877312198
11.606828689575195,-0.8674071654276396,-0.22942448992518077
11.618385553359985,-0.8607869344410553,-0.23214087170070397
11.629856824874878,-0.853811214400213,-0.23493267263831127
11.646379947662354,-0.8454924499910863,-0.23822019874030206
11.658740758895874,-0.8391594127526177,-0.240691276287923
11.670955896377563,-0.832147961035031,-0.24339208494005257
11.682327270507812,-0.8264815592953476,-0.24560304906160849
11.694018125534058,-0.8198039862309808,-0.24817524777792177
11.704951763153076,-0.8147958064327073,-0.25010439681515595
11.717299699783325,-0.8084415741641812,-0.25252045086831926
11.728646039962769,-0.802452063789609,-0.2548874696617528
11.740004539489746,-0.79644224803168,-0.2572024485064343
11.752081155776978,-0.7904527376571078,-0.25956946729986785
11.764505624771118,-0.7844632272825356,-0.2619364860933014
11.775731801986694,-0.7784737169079613,-0.26430350488673576
11.786998510360718,-0.7725049625291582,-0.26672238554958255
11.798426389694214,-0.7672182520116748,-0.26891843937284066
11.811269283294678,-0.7612707026795047,-0.2713889999240067
11.82267951965332,-0.7560032388306103,-0.2736308262087426
11.834186553955078,-0.7497481255100497,-0.2762929949218657
11.845221519470215,-0.7441618279575797,-0.2786991849969825
11.856667518615723,-0.7392607812837444,-0.2808862429295908
11.874209880828857,-0.7304219072783871,-0.2847846508652053
11.885445594787598,-0.7248890957331896,-0.2873114012342808
11.897168636322021,-0.7193672943955256,-0.28986212289876434
11.90861463546753,-0.7138566071221283,-0.29243676788343903
11.921420097351074,-0.7080099939410728,-0.29513753199877435
11.932684183120728,-0.7028554301384086,-0.2976280003271428
11.944302558898926,-0.6973787060980784,-0.30027412292603406
11.95530652999878,-0.6922349915954977,-0.30278692248156125
11.967830181121826,-0.6864982206908953,-0.3057137760965685
11.978765487670898,-0.6813988687756921,-0.3083154237543532
12.044791460037231,-0.648253081326876,-0.3252261335299518
12.083781719207764,-0.63168018760247,-0.33368148841775
12.108690738677979,-0.6186030619161778,-0.341084735951005
12.144481182098389,-0.6016270310647698,-0.350310107975602
12.175437450408936,-0.5879271851077027,-0.35806589110567816
12.18720555305481,-0.5829950949977307,-0.3609721683872681
12.198486804962158,-0.5778091027862262,-0.3641505257939341
12.209791898727417,-0.5723035089111921,-0.36749199980680647
12.222620010375977,-0.5671037813625446,-0.3706478363745218
12.234888076782227,-0.5610026140548917,-0.3743870803823645
12.2464280128479,-0.5555115634780052,-0.3777523999894225
12.258106470108032,-0.5500499090570149,-0.38116522044781925
12.270590543746948,-0.5439814041448043,-0.38495724317937063
12.282338380813599,-0.5388513260776834,-0.3882250819219598
12.293985843658447,-0.5334045239615404,-0.391661556744093
12.304996967315674,-0.5282603219629605,-0.39490711629833014
12.316434383392334,-0.522828474597776,-0.39836718084930517
12.33107304573059,-0.516226480356489,-0.40265357325319034
12.342288732528687,-0.5111249393518632,-0.40596578556528007
12.35386610031128,-0.5060090817052159,-0.4092558420331137
12.364879846572876,-0.5009075407005862,-0.412568054345206
12.3770432472229,-0.4948888846457064,-0.4164387090132459
12.38845682144165,-0.49010099908303256,-0.4195768792331483
12.399733781814575,-0.48438327583089813,-0.4232540011677851
12.41195011138916,-0.478681553531605,-0.42695588551659464
12.425021886825562,-0.47299593942593143,-0.4306824626527279
12.436442852020264,-0.467923319291073,-0.43403879934467676
12.452391386032104,-0.46044224809939577,-0.4389421903132741
12.464191913604736,-0.4550712385448402,-0.4424959585753373
12.476706743240356,-0.44940183957058755,-0.44624715840751483
12.488183498382568,-0.44404629274005103,-0.4498241865932446
12.499164819717407,-0.4386907459095145,-0.4534012147789743
12.511404514312744,-0.4336327294584518,-0.4567795191766083
12.523695468902588,-0.4280292542582245,-0.46062849963780256
12.534900665283203,-0.4232965258262151,-0.4638492514256877
12.548812866210938,-0.4167890242322003,-0.4682777851340308
12.560575485229492,-0.41087311369218804,-0.47230372486888755
12.57278323173523,-0.4058744605391745,-0.47576926056747176
12.584298610687256,-0.40059773239198565,-0.4794615704889531
12.595712900161743,-0.3952891769391401,-0.4831079730311361
12.607009172439575,-0.39030560035568546,-0.48659515462364544
12.618444204330444,-0.3853371940753289,-0.4901039165214674
12.6312096118927,-0.3794741628006777,-0.4942064831008892
12.642406225204468,-0.37481238159686586,-0.49752909600312883
12.654111862182617,-0.3692765164173407,-0.5014746988245374
12.665205240249634,-0.36489262852290755,-0.5045706652049692
12.677878856658936,-0.3588120960246631,-0.5089845010765428
12.688884496688843,-0.3535838524305933,-0.5127451501450738
12.700984239578247,-0.3486460668139715,-0.5162968742653534
12.712225437164307,-0.34375490800422437,-0.519912539697906
12.724575519561768,-0.33884811453871433,-0.5235069588316594
12.735826969146729,-0.33338152528076465,-0.5275479966680394
12.747264385223389,-0.3287928832490672,-0.5309709084102966
12.758586883544922,-0.3239491791935252,-0.5346499031159997
12.770018100738525,-0.3188037057496485,-0.5385230304743451
12.782849311828613,-0.3128006533984588,-0.543041679059082
12.79443073272705,-0.30798904185533177,-0.546762547960335
12.805744886398315,-0.303161338655097,-0.5504625145592026
12.817003965377808,-0.29834972711196983,-0.5541833834604555
12.829191207885742,-0.2927080454803386,-0.5585853848954251
12.841769456863403,-0.28706636384870926,-0.5629873863303935
12.856454610824585,-0.2819888503802403,-0.566949187621867
12.868201971054077,-0.27666572678456436,-0.5711774189418531
12.881285429000854,-0.27108179387229,-0.5756524476006901
12.892557621002197,-0.26664586744354996,-0.5792710823168671
12.904221534729004,-0.2619326956130123,-0.5831158817028065
12.915230512619019,-0.25695998053392916,-0.5872084502407584
12.927951097488403,-0.2517486705410803,-0.5915737489783766
12.938926696777344,-0.24706902444430978,-0.5954592841321547
12.951198816299438,-0.24240627339807744,-0.5993650777394965
12.962620973587036,-0.23779473241991855,-0.6033312044178888
12.974186658859253,-0.23316603425323446,-0.6072772941664917
12.986279010772705,-0.22801195904235005,-0.6117100239835191
12.997902870178223,-0.22341766198882865,-0.6156961129948557
13.008873701095581,-0.21830222859912501,-0.6201733807047086
13.021096229553223,-0.214010887145135,-0.6239623580094189
13.033724784851074,-0.20922028190472156,-0.6282666714187907
13.044740200042725,-0.20496196613546613,-0.6320927277826759
13.056099653244019,-0.19990521615947468,-0.6366361697147904
13.067411184310913,-0.19566353352697313,-0.6404806578387775
13.079986572265625,-0.19066632294234043,-0.6450895049053498
13.092040061950684,-0.18591323201171764,-0.6494352084273133
13.10309910774231,-0.18119801298301472,-0.653821975118959
13.114529609680176,-0.1773005193297728,-0.6575115583098643
13.125778436660767,-0.17260436945973442,-0.661918733016379
13.138396263122559,-0.16794662252913942,-0.6663664746934672
13.149444341659546,-0.1630301118801784,-0.6710613131303933
13.161720991134644,-0.15916476698674323,-0.674784563021888
13.172757625579834,-0.1545848742766472,-0.6793124317544833
13.185120582580566,-0.15004442699036222,-0.6838798545437575
13.196786403656006,-0.14600847384699414,-0.687939785912005
13.208274126052856,-0.14121577948924416,-0.6927609544117993
13.219209909439087,-0.13694632743749816,-0.6970931882697686
13.232285261154175,-0.13269570385077095,-0.7014438974241769
13.244506597518921,-0.12771721541088044,-0.7065840181542801
13.25998568534851,-0.1222408781270015,-0.7122381509573926
13.272115707397461,-0.11780053231991924,-0.7169029490890487
13.284480810165405,-0.11340081436484256,-0.7216060857457259
13.295420408248901,-0.10928420855152188,-0.7260838114630963
13.306902408599854,-0.10566907813346539,-0.7300504615560764
13.318479061126709,-0.10186831305791268,-0.734331366288814
13.329776048660278,-0.0978300001651368,-0.7388798275673492
13.342581748962402,-0.09385120576917373,-0.7434804434149229
13.354079246520996,-0.0899326033775309,-0.7481324350656575
13.365024328231812,-0.08672216415897713,-0.7519774464147178
13.376647710800171,-0.08335438760690257,-0.7561561498015344
13.3888521194458,-0.07933484071780347,-0.7611880734199838
13.401044607162476,-0.07580084023008332,-0.7656917165056546
13.412235021591187,-0.07259869009721345,-0.7699986545625934
13.424388885498047,-0.06966256838785499,-0.7740570066368001
13.436772108078003,-0.0665545570933611,-0.7784323633871714
13.448399066925049,-0.0633413186013299,-0.7831701961072708
13.459677696228027,-0.060406409683587,-0.787663501187529
13.471786499023438,-0.057721955037179286,-0.7918925360067032
13.48279070854187,-0.05492478593044804,-0.7964728554156576
13.49518084526062,-0.052587214474336647,-0.8004940958001684
13.50667119026184,-0.05033738390120649,-0.8045650756496219
13.51822018623352,-0.04797173324400804,-0.8089803592439708
13.529202938079834,-0.04600998665457219,-0.8127994924040786
13.542417287826538,-0.043956850862449055,-0.8169731296621007
13.554103374481201,-0.04184375827314832,-0.8215147011918107
13.565105676651001,-0.04024562043242886,-0.825111342318273
13.576763391494751,-0.03858768161151502,-0.829071830500546
13.589030981063843,-0.03669356961172211,-0.8337090033442782
13.601198673248291,-0.03526876505890009,-0.8373777638893092
13.612427234649658,-0.03404610963028867,-0.8407403017358499
13.624089479446411,-0.03261397687338036,-0.8447879212266627
13.635129690170288,-0.031479222995143226,-0.8481811321989362
13.652271032333374,-0.029821303486584752,-0.8532855208795558
13.664050579071045,-0.028790068262322166,-0.85671161208949
13.675318717956543,-0.027788588541516564,-0.8601465189929368
13.686796188354492,-0.02681693966908866,-0.8635899831694976
13.698873043060303,-0.025875194745680518,-0.8670417455549683
13.711082696914673,-0.025145778646854824,-0.8698095862796776
13.722334861755371,-0.024352224591736974,-0.8729304074994049
13.73397183418274,-0.02357221258018953,-0.8760546409070963
13.74610185623169,-0.022890918982739945,-0.8788347180924744
13.757429361343384,-0.022233764426336258,-0.8816206000015983
13.768717288970947,-0.021658754189483296,-0.8840582466720799
13.78009581565857,-0.021094321105065324,-0.8864983641601984
13.792906761169434,-0.02046135502980862,-0.8892898412011501
13.804515838623047,-0.01990750971395888,-0.8917323836119833
13.815768957138062,-0.019343076629540906,-0.8941725011001018
13.827200889587402,-0.018868352073099153,-0.8962661088808122
13.838625192642212,-0.01839362751665637,-0.8983597166615269
13.851785898208618,-0.017918902960213586,-0.9004533244422417
13.862915515899658,-0.01736505764436436,-0.9028958668530727
13.889153003692627,-0.016123349917991255,-0.9084842586085405
13.92276120185852,-0.015347282589007395,-0.9119770034557105
13.9342942237854,-0.015036855657414498,-0.9133741013945758
13.946518659591675,-0.014648821992922365,-0.9151204738181619
13.958163022994995,-0.014344457006024528,-0.9165189048981239
13.96926736831665,-0.014040092019128177,-0.9179173359780791
13.981769561767578,-0.013735727032230796,-0.9193157670580389
13.993975639343262,-0.013431362045332958,-0.9207141981380009
14.004939556121826,-0.013126997058435617,-0.9221126292179607
14.016345024108887,-0.012898723318262952,-0.9231614525279288
14.027888536453247,-0.012675000330095694,-0.9242112559669379
14.03891134262085,-0.012382776292402206,-0.9256122743973807
14.055176973342896,-0.012090552254708758,-0.9270132928278235
14.066937923431396,-0.011871384226439,-0.928064056650654
14.07846450805664,-0.011656775280284942,-0.9291157610940317
14.089773893356323,-0.011516744728572718,-0.9298175112826675
14.10285472869873,-0.011306698901004582,-0.9308701365656201
14.1143639087677,-0.011101220142667225,-0.9319236628898555
14.125322580337524,-0.010961189590955458,-0.9326254130784891
14.136762619018555,-0.010760281766592677,-0.9336798206287749
14.148990392684937,-0.010691788847146435,-0.9340309960701889
14.16122031211853,-0.01049088102278409,-0.9350854036204724
14.17240309715271,-0.010425436652245766,-0.9354371599353124
14.183891534805298,-0.010224528827882547,-0.9364915674856005
14.194813013076782,-0.010093640086805898,-0.9371950801152805
14.207244873046875,-0.010028195716267575,-0.9375468364301205
14.22197937965393,-0.009836441010128906,-0.938602946920864
14.23315691947937,-0.009770996639590582,-0.938954703235704
14.244602918624878,-0.00970707840421061,-0.939306740065954
14.256796836853027,-0.009582296608179754,-0.9400113615147045
14.268294095993042,-0.009457514812148897,-0.940715982963455
14.27964997291565,-0.009395123914133063,-0.9410682936878326
14.291712522506714,-0.009334261526959809,-0.9414208716799056
14.303966760635376,-0.009209479730928952,-0.9421254931286561
14.316118955612183,-0.009147088832913524,-0.9424778038530314
14.329258441925049,-0.009147088832913524,-0.9424778038530314
14.341877698898315,-0.00902536405856779,-0.9431829598371727
14.354385375976562,-0.00890363928422166,-0.9438881158213164
14.365365028381348,-0.00890363928422166,-0.9438881158213164
14.376833200454712,-0.008842776897048387,-0.9442406938133894
14.38832688331604,-0.008783444165447934,-0.9445935324416944
14.401212692260742,-0.008722581778275076,-0.9449461104337651
14.41245150566101,-0.008663249046674246,-0.9452989490620723
14.424560308456421,-0.008602386659501388,-0.945651527054143
14.435827016830444,-0.008602386659501388,-0.945651527054143
14.447253465652466,-0.008424388464698125,-0.9467100429390695
14.48204255104065,-0.008363526077525267,-0.9470626209311401
14.494187116622925,-0.008304193345924823,-0.9474154595594452
14.506431102752686,-0.008246391385854968,-0.947768552187628
14.518203020095825,-0.008187058654253742,-0.9481213908159376
14.529186248779297,-0.008187058654253742,-0.9481213908159376
14.541313886642456,-0.00812619626708047,-0.9484739688080106
14.552624940872192,-0.00812619626708047,-0.9484739688080106
14.564786911010742,-0.00812619626708047,-0.9484739688080106
14.576128482818604,-0.00806686353547963,-0.9488268074363179
14.587839603424072,-0.00806686353547963,-0.9488268074363179
14.598751544952393,-0.008006001148306763,-0.9491793854283885
14.611888408660889,-0.008006001148306763,-0.9491793854283885
14.623019456863403,-0.008006001148306763,-0.9491793854283885
14.634634733200073,-0.008006001148306763,-0.9491793854283885
14.645840406417847,-0.007881219352275906,-0.949884006877139
14.658400297164917,-0.007881219352275906,-0.949884006877139
14.669693231582642,-0.007881219352275906,-0.949884006877139
14.681759357452393,-0.007881219352275906,-0.949884006877139
14.692746639251709,-0.007818828454260478,-0.9502363176015143
14.704432249069214,-0.007754910218880932,-0.9505883544317622
14.716752290725708,-0.007754910218880932,-0.9505883544317622
14.728239059448242,-0.007754910218880932,-0.9505883544317622
14.739200115203857,-0.007692519320865097,-0.9509406651561397
