0.021493196487426758,0
0.025803565979003906,0
0.03135943412780762,0
0.035573482513427734,1
0.04100847244262695,2
0.045257568359375,3
0.05073261260986328,4
0.05501127243041992,6
0.061107635498046875,10
0.07097864151000977,13
0.07519292831420898,15
0.08076834678649902,18
0.08500146865844727,20
0.09037113189697266,24
0.09481358528137207,26
0.09916186332702637,30
0.10416889190673828,33
0.10888934135437012,37
0.11497759819030762,40
0.12021040916442871,44
0.12435007095336914,47
0.12916111946105957,51
0.13407492637634277,55
0.13873982429504395,58
0.1437222957611084,61
0.14830875396728516,66
0.15357685089111328,69
0.1578960418701172,74
0.1640021800994873,79
0.16871333122253418,82
0.17369341850280762,86
0.17811155319213867,91
0.18337321281433105,94
0.1875154972076416,99
0.19329190254211426,103
0.1974329948425293,108
0.20298147201538086,111
0.20711088180541992,117
0.2134251594543457,121
0.21758794784545898,126
0.22308349609375,129
0.22720026969909668,135
0.23259687423706055,138
0.23679113388061523,144
0.2420337200164795,147
0.2462015151977539,151
0.2517714500427246,155
0.256000280380249,160
0.2614116668701172,166
0.26638221740722656,169
0.2718498706817627,175
0.27600955963134766,179
0.28165268898010254,182
0.28581666946411133,188
0.2912557125091553,191
0.29547619819641113,195
0.30091238021850586,201
0.3051166534423828,205
0.31067633628845215,210
0.3157081604003906,215
0.3211100101470947,219
0.3253169059753418,223
0.33075904846191406,229
0.33499741554260254,233
0.3402087688446045,238
0.34432244300842285,242
0.35065317153930664,247
0.3549227714538574,251
0.3601043224334717,257
0.3653552532196045,262
0.371640682220459,266
0.37587642669677734,272
0.38146114349365234,275
0.38571739196777344,281
0.39122962951660156,285
0.395435094833374,289
0.40096282958984375,294
0.40520334243774414,297
0.41085171699523926,303
0.4158010482788086,308
0.42133235931396484,311
0.4255661964416504,316
0.4312009811401367,319
0.435436487197876,323
0.4409315586090088,327
0.4451730251312256,330
0.4503669738769531,334
0.4548494815826416,337
0.46009302139282227,341
0.47071313858032227,347
0.4749774932861328,349
0.48038244247436523,353
0.48485374450683594,355
0.4903905391693115,357
0.49484992027282715,359
0.4997138977050781,362
0.5041589736938477,363
0.5088536739349365,365
0.5138375759124756,367
0.520087480545044,369
0.5243010520935059,370
0.5289981365203857,371
0.5339767932891846,373
0.5388262271881104,373
0.5438275337219238,374
0.5486588478088379,375
0.5537011623382568,376
0.5581862926483154,377
0.563427209854126,377
0.5688860416412354,378
0.5739002227783203,378
0.5783267021179199,378
0.5835742950439453,378
0.5879151821136475,378
0.5932672023773193,378
0.5974102020263672,378
0.6029243469238281,378
0.6070575714111328,378
0.6133561134338379,378
0.6175284385681152,377
0.6238014698028564,377
0.6286258697509766,377
0.633673906326294,376
0.6382150650024414,376
0.6435356140136719,375
0.6478793621063232,375
0.6532778739929199,374
0.6574580669403076,374
0.6630551815032959,373
0.6672027111053467,373
0.6736617088317871,372
0.6780781745910645,372
0.6834125518798828,371
0.6875314712524414,371
0.693079948425293,370
0.6972239017486572,370
0.7027454376220703,369
0.7068870067596436,369
0.7121109962463379,369
0.7163045406341553,368
0.7228600978851318,368
0.727043628692627,367
0.7326242923736572,367
0.7368826866149902,366
0.742100715637207,366
0.7463669776916504,366
0.7518353462219238,365
0.7560181617736816,365
0.7614667415618896,365
0.7656989097595215,365
0.7717993259429932,364
0.776050329208374,364
0.7814919948577881,364
0.7856829166412354,364
0.7912871837615967,363
0.7954754829406738,363
0.801030158996582,363
0.8052239418029785,363
0.8106262683868408,363
0.8148460388183594,363
0.8196818828582764,363
0.8252773284912109,362
0.8307604789733887,362
0.834996223449707,362
0.8402285575866699,362
0.8443310260772705,362
0.849130392074585,362
0.8540496826171875,362
0.8586509227752686,362
0.8636510372161865,362
0.8735594749450684,362
0.8781473636627197,362
0.8834240436553955,362
0.8875365257263184,362
0.8932626247406006,362
0.8974118232727051,362
0.9029433727264404,362
0.9070453643798828,362
0.9125902652740479,362
0.9167830944061279,362
0.9219250679016113,362
0.9271790981292725,362
0.9329190254211426,362
0.9370203018188477,362
0.9421422481536865,362
0.9463295936584473,362
0.9517397880554199,362
0.9559106826782227,362
0.9613540172576904,362
0.965550422668457,362
0.971088171005249,362
0.9760370254516602,362
0.9814703464508057,362
0.9856529235839844,362
0.9910485744476318,362
0.9952836036682129,362
1.0006992816925049,362
1.004908800125122,362
1.0103511810302734,362
1.0147695541381836,362
1.0190963745117188,362
1.0240166187286377,362
1.0306408405303955,362
1.0348453521728516,362
1.039184808731079,362
1.044137716293335,362
1.0488016605377197,362
1.0538020133972168,362
1.0583641529083252,362
1.0635418891906738,362
1.067826271057129,362
1.0731446743011475,362
1.0783047676086426,362
1.0834870338439941,362
1.0875880718231201,362
1.0932550430297852,362
1.0973374843597412,362
1.102841854095459,362
1.106945276260376,362
1.1120924949645996,362
1.1162595748901367,362
1.1216602325439453,362
1.126824140548706,362
1.1320011615753174,362
1.1361711025238037,362
1.141594648361206,362
1.1457319259643555,362
1.151348352432251,362
1.155517339706421,362
1.160949468612671,362
1.165109395980835,362
1.1702775955200195,362
1.1743834018707275,362
1.180762767791748,362
1.1850204467773438,362
1.1903514862060547,362
1.1947505474090576,362
1.199103593826294,362
1.2039928436279297,362
1.2088172435760498,362
1.2137694358825684,362
1.218155860900879,362
1.2234008312225342,362
1.2287395000457764,362
1.2337450981140137,362
1.238102674484253,362
1.2433180809020996,362
1.247406244277954,362
1.2529265880584717,362
1.25701904296875,362
1.2621333599090576,362
1.2712175846099854,362
1.2754197120666504,362
1.2816097736358643,362
1.2857489585876465,362
1.291337251663208,362
1.2955098152160645,362
1.3010327816009521,362
1.3052237033843994,362
1.3103880882263184,362
1.314774990081787,362
1.3200769424438477,362
1.3242201805114746,362
1.3308334350585938,362
1.3350458145141602,362
1.3402600288391113,362
1.3443658351898193,362
1.3506865501403809,362
1.3549315929412842,362
1.3600742816925049,362
1.3642494678497314,362
1.3723068237304688,362
1.3767914772033691,362
1.3830721378326416,362
1.3871955871582031,362
1.3929309844970703,362
1.397012710571289,362
1.4021432399749756,362
1.406315565109253,362
1.4117205142974854,362
1.4158809185028076,362
1.4213447570800781,362
1.425529956817627,362
1.4309206008911133,362
1.4358699321746826,362
1.4413363933563232,362
1.4455254077911377,362
1.4510798454284668,362
1.455268144607544,362
1.4606287479400635,362
1.464853048324585,362
1.4691593647003174,362
1.4741392135620117,362
1.4787628650665283,362
1.484781265258789,362
1.4891457557678223,362
1.4940531253814697,362
1.4987151622772217,362
1.503676176071167,362
1.5081946849822998,362
1.5134170055389404,362
1.5175018310546875,362
1.5230374336242676,362
1.527132272720337,362
1.533386468887329,362
1.5375211238861084,362
1.543034315109253,362
1.5471117496490479,362
1.5522725582122803,362
1.5566816329956055,362
1.5618617534637451,362
1.566019058227539,362
1.571599006652832,362
1.5757503509521484,362
1.5813353061676025,362
1.5862836837768555,362
1.5917775630950928,362
1.5959398746490479,362
1.601346731185913,362
1.6055142879486084,362
1.6108999252319336,362
1.615067958831787,362
1.6202294826507568,362
1.624354362487793,362
1.6291370391845703,362
1.635080337524414,362
1.6402819156646729,362
1.6443922519683838,362
1.6490044593811035,362
1.6540169715881348,362
1.658674716949463,362
1.663649082183838,362
1.6720099449157715,362
1.6761817932128906,362
1.6817901134490967,362
1.6870222091674805,362
1.6927976608276367,362
1.696918249130249,362
1.7022504806518555,362
1.7066617012023926,362
1.711974859237671,362
1.7161240577697754,362
1.7215781211853027,362
1.7257416248321533,362
1.731186866760254,362
1.7361547946929932,362
1.7416152954101562,362
1.7457685470581055,362
1.7513909339904785,362
1.7555787563323975,362
1.7609612941741943,362
1.7651376724243164,362
1.7703189849853516,362
1.7746891975402832,362
1.779008388519287,362
1.7840087413787842,362
1.7902867794036865,362
1.7943775653839111,362
1.803055763244629,362
1.8071608543395996,362
1.812842607498169,362
1.8169589042663574,362
1.822066068649292,362
1.826246976852417,362
1.83162522315979,362
1.8357813358306885,362
1.8420805931091309,362
1.846278429031372,362
1.8516654968261719,362
1.8558223247528076,362
1.8612184524536133,362
1.8654215335845947,362
1.8710346221923828,362
1.8752505779266357,362
1.8803963661193848,362
1.8848302364349365,362
1.8909637928009033,362
1.8951280117034912,362
1.9002704620361328,362
1.904376745223999,362
1.9090206623077393,362
1.9139814376831055,362
1.918609857559204,362
1.923652172088623,362
1.928234577178955,362
1.933419942855835,362
1.9374842643737793,362
1.9436488151550293,362
1.9479451179504395,362
1.9532358646392822,362
1.9573311805725098,362
1.9628431797027588,362
1.9669411182403564,362
1.9722509384155273,362
1.9766805171966553,362
1.981919765472412,362
1.9860506057739258,362
1.9921941757202148,362
1.9963433742523193,362
2.001779079437256,362
2.005929708480835,362
2.0113751888275146,362
2.01552414894104,362
2.0209038257598877,362
2.025059938430786,362
2.0302140712738037,362
2.0343635082244873,362
2.0389790534973145,362
2.044955015182495,362
2.0502712726593018,362
2.0543694496154785,362
2.0589849948883057,362
2.0639488697052,362
2.072880506515503,362
2.0770068168640137,362
2.0822737216949463,362
2.086699962615967,362
2.093083381652832,362
2.0972065925598145,362
2.102973699569702,362
2.1070446968078613,362
2.112277030944824,362
2.116699695587158,362
2.1218361854553223,362
2.1260037422180176,362
2.131434440612793,362
2.13561749458313,362
2.141017198562622,362
2.145956039428711,362
2.151376485824585,362
2.155543327331543,362
2.160987377166748,362
2.165159225463867,362
2.17069149017334,362
2.1748836040496826,362
2.180084228515625,362
2.1842081546783447,362
2.1888465881347656,362
2.1949758529663086,362
2.200129985809326,362
2.204240560531616,362
2.208866834640503,362
2.2138214111328125,362
2.218226671218872,362
2.223433017730713,362
2.227526903152466,362
2.2332587242126465,362
2.237399101257324,362
2.243561029434204,362
2.2479214668273926,362
2.2532832622528076,362
2.2573916912078857,362
2.2628703117370605,362
2.2669694423675537,362
2.2721357345581055,362
2.2762959003448486,362
2.281761407852173,362
2.2859160900115967,362
2.2915122509002686,362
2.296722173690796,362
2.3019258975982666,362
2.3060779571533203,362
2.3114616870880127,362
2.315650463104248,362
2.32104229927063,362
2.325269937515259,362
2.3306074142456055,362
2.334799289703369,362
2.339132070541382,362
2.345071315765381,362
2.3513693809509277,362
2.3555526733398438,362
2.361121416091919,362
2.365300178527832,362
2.3837201595306396,362
2.394207239151001,362
2.408979892730713,362
2.418668508529663,362
2.426161766052246,362
2.438184976577759,362
2.4461638927459717,362
2.4602043628692627,362
2.4734466075897217,362
2.4819750785827637,362
2.494084119796753,362
2.504272937774658,362
2.5148978233337402,362
2.5242860317230225,362
2.531646490097046,362
2.535789728164673,362
2.5411813259124756,362
2.54538893699646,362
2.550776720046997,362
2.5549843311309814,362
2.5601303577423096,362
2.564300060272217,362
2.573387384414673,362
2.5820152759552,362
2.59334397315979,362
2.600078821182251,362
2.604879140853882,362
2.6100711822509766,362
2.6142001152038574,362
2.6189897060394287,362
2.623980760574341,362
2.630171775817871,362
2.634298324584961,362
2.6389312744140625,362
2.6438629627227783,362
2.648390531539917,362
2.653622627258301,362
2.6578879356384277,362
2.663215398788452,362
2.6673030853271484,362
2.6727850437164307,362
2.6768839359283447,362
2.683211088180542,362
2.6873281002044678,362
2.6928908824920654,362
2.69700026512146,362
2.702129602432251,362
2.706289052963257,362
2.7118656635284424,362
2.7160491943359375,362
2.723079204559326,362
2.7271599769592285,362
2.733341932296753,362
2.7374277114868164,362
2.7429280281066895,362
2.747039794921875,362
2.7527225017547607,362
2.7568421363830566,362
2.7619776725769043,362
2.766162157058716,362
2.771744728088379,362
2.7759082317352295,362
2.782034397125244,362
2.7862226963043213,362
2.791616678237915,362
2.795753002166748,362
2.8011133670806885,362
2.805321455001831,362
2.8107573986053467,362
2.814936637878418,362
2.820061445236206,362
2.8242082595825195,362
2.829005479812622,362
2.8349976539611816,362
2.840156078338623,362
2.8443031311035156,362
2.848923683166504,362
2.85386061668396,362
2.8582565784454346,362
2.863492250442505,362
2.867579698562622,362
2.876354932785034,362
2.8831751346588135,362
2.8872854709625244,362
2.893052101135254,362
2.8971314430236816,362
2.902808666229248,362
2.9069266319274902,362
2.9121084213256836,362
2.916274309158325,362
2.921644926071167,362
2.9258110523223877,362
2.9312350749969482,362
2.9361791610717773,362
2.9415719509124756,362
2.9457318782806396,362
2.9513423442840576,362
2.955535650253296,362
2.9609603881835938,362
2.9651646614074707,362
2.97035813331604,362
2.9747843742370605,362
2.9791088104248047,362
2.9850246906280518,362
2.990225076675415,362
2.9943437576293945,362
2.998995304107666,362
