0.009004592895507812,0
0.012888908386230469,0
0.01892256736755371,1
0.02372884750366211,1
0.029265642166137695,1
0.033945560455322266,1
0.04047560691833496,0
0.04591774940490723,-1
0.050633907318115234,-2
0.06048417091369629,-5
0.06640458106994629,-8
0.07088851928710938,-9
0.07690596580505371,-12
0.08134055137634277,-13
0.08727478981018066,-15
0.09288716316223145,-17
0.09875917434692383,-19
0.10322713851928711,-22
0.10899901390075684,-23
0.1138010025024414,-25
0.11934828758239746,-26
0.1243143081665039,-28
0.12963056564331055,-29
0.13531208038330078,-31
0.14116978645324707,-32
0.14702081680297852,-34
0.15157699584960938,-37
0.15727877616882324,-38
0.16177892684936523,-41
0.16756319999694824,-43
0.17233777046203613,-44
0.17783617973327637,-46
0.18262052536010742,-48
0.1884632110595703,-50
0.19441556930541992,-52
0.19970273971557617,-54
0.20471739768981934,-57
0.20996332168579102,-58
0.2157907485961914,-60
0.22058892250061035,-62
0.22637224197387695,-64
0.2309122085571289,-65
0.23664498329162598,-68
0.24193763732910156,-70
0.24769902229309082,-72
0.25247812271118164,-74
0.2585604190826416,-76
0.26302242279052734,-78
0.2690865993499756,-80
0.2738046646118164,-82
0.27936816215515137,-84
0.2843055725097656,-86
0.2896277904510498,-89
0.29648613929748535,-91
0.3009912967681885,-93
0.306790828704834,-95
0.31128931045532227,-97
0.3179171085357666,-100
0.32277560234069824,-102
0.3285949230194092,-104
0.33304548263549805,-106
0.3411695957183838,-109
0.34769558906555176,-112
0.3525269031524658,-114
0.35841989517211914,-117
0.36289191246032715,-118
0.3688185214996338,-121
0.3737337589263916,-123
0.3793642520904541,-125
0.38432908058166504,-127
0.38962721824645996,-129
0.3965156078338623,-132
0.40105628967285156,-134
0.4069099426269531,-137
0.4114220142364502,-139
0.41721343994140625,-142
0.42175817489624023,-144
0.4275491237640381,-147
0.43236804008483887,-148
0.4384443759918213,-151
0.44287610054016113,-152
0.4492969512939453,-155
0.45424652099609375,-159
0.4642758369445801,-161
0.469541072845459,-164
0.47472524642944336,-166
0.47998619079589844,-167
0.48593878746032715,-169
0.4907650947570801,-170
0.49744606018066406,-174
0.5019774436950684,-176
0.5077710151672363,-179
0.512598991394043,-180
0.5184676647186279,-183
0.5229039192199707,-185
0.5289244651794434,-188
0.5336349010467529,-190
0.5392463207244873,-192
0.5439436435699463,-195
0.5505759716033936,-198
0.5565762519836426,-201
0.5611257553100586,-203
0.5669176578521729,-206
0.5714831352233887,-209
0.5772747993469238,-211
0.5817606449127197,-214
0.587583065032959,-217
0.5924057960510254,-219
0.599085807800293,-221
0.6037919521331787,-224
0.6093556880950928,-226
0.6144511699676514,-229
0.6197082996368408,-232
0.6246843338012695,-234
0.6299550533294678,-236
0.6358168125152588,-239
0.640599250793457,-241
0.6462674140930176,-244
0.6515657901763916,-248
0.657489538192749,-251
0.6619486808776855,-253
0.6676602363586426,-256
0.6724541187286377,-259
0.6784589290618896,-262
0.6828994750976562,-264
0.6887781620025635,-268
0.6932365894317627,-272
0.699805498123169,-275
0.7052962779998779,-278
0.7104017734527588,-280
0.7159736156463623,-283
0.720712423324585,-285
0.7264235019683838,-288
0.730921745300293,-291
0.7368779182434082,-295
0.7413861751556396,-297
0.7471239566802979,-300
0.7527158260345459,-304
0.7586257457733154,-307
0.7631020545959473,-310
0.7689304351806641,-313
0.7736284732818604,-316
0.7792453765869141,-318
0.7843680381774902,-322
0.7896595001220703,-325
0.7953090667724609,-328
0.8011026382446289,-330
0.8069195747375488,-334
0.8115477561950684,-338
0.8173158168792725,-340
0.8218162059783936,-343
0.8275830745697021,-346
0.8323488235473633,-349
0.8378589153289795,-352
0.8426408767700195,-354
0.8485019207000732,-358
0.8544268608093262,-362
0.8637802600860596,-368
0.8693270683288574,-370
0.874453067779541,-374
0.8797359466552734,-377
0.8857073783874512,-381
0.8904588222503662,-383
0.8959386348724365,-387
0.9007174968719482,-389
0.9072630405426025,-393
0.9117403030395508,-396
0.91766357421875,-400
0.9224610328674316,-403
0.928213357925415,-407
0.9327538013458252,-409
0.9385509490966797,-413
0.9430081844329834,-416
0.9488444328308105,-420
0.9546692371368408,-426
0.959942102432251,-429
0.9657354354858398,-433
0.970433235168457,-436
0.9762637615203857,-440
0.9807889461517334,-442
0.9865429401397705,-447
0.9910988807678223,-450
0.9969017505645752,-454
1.0013654232025146,-457
1.0078778266906738,-462
1.0127449035644531,-466
1.0185661315917969,-470
1.02301025390625,-472
1.0288350582122803,-476
1.033231258392334,-481
1.0391676425933838,-484
1.0443007946014404,-488
1.0495874881744385,-492
1.0563993453979492,-496
1.0609166622161865,-499
1.066666841506958,-503
1.0711355209350586,-506
1.0769104957580566,-510
1.0813729763031006,-513
1.0871243476867676,-518
1.0916492938995361,-522
1.0975894927978516,-527
1.1024320125579834,-530
1.10892915725708,-534
1.1135244369506836,-538
1.119187593460083,-540
1.1239144802093506,-545
1.1294200420379639,-547
1.134394884109497,-551
1.1396706104278564,-555
1.1446733474731445,-559
1.1499199867248535,-562
1.1569774150848389,-566
1.1614658832550049,-569
1.1671836376190186,-573
1.1716561317443848,-578
1.1775281429290771,-582
1.1820018291473389,-586
1.1876883506774902,-590
1.1924614906311035,-592
1.1978824138641357,-597
1.202751874923706,-600
1.209258794784546,-604
1.214332103729248,-608
1.2195522785186768,-612
1.2244837284088135,-616
1.2297070026397705,-620
1.2346625328063965,-625
1.2399325370788574,-628
1.2458314895629883,-632
1.2505700588226318,-635
1.2562737464904785,-640
1.2666575908660889,-648
1.2711517810821533,-651
1.2772531509399414,-656
1.2817187309265137,-660
1.287566900253296,-665
1.2922964096069336,-668
1.2977843284606934,-674
1.3026049137115479,-677
1.3094000816345215,-682
1.3143279552459717,-688
1.320561170578003,-691
1.3262460231781006,-695
1.330761194229126,-698
1.3366501331329346,-703
1.3411552906036377,-706
1.3470122814178467,-710
1.3514599800109863,-714
1.3572587966918945,-718
1.3628039360046387,-723
1.3685646057128906,-728
1.3729784488677979,-733
1.3793280124664307,-736
1.3842663764953613,-741
1.389596939086914,-746
1.3947174549102783,-750
1.3999226093292236,-753
1.4056520462036133,-758
1.4111952781677246,-762
1.4170355796813965,-766
1.4214966297149658,-771
1.4272243976593018,-774
1.4316985607147217,-780
1.4375762939453125,-784
1.4423346519470215,-787
1.4478061199188232,-792
1.452604055404663,-795
1.4584870338439941,-800
1.463940143585205,-804
1.4694879055023193,-809
1.4744317531585693,-812
1.4797084331512451,-817
1.484656810760498,-822
1.4898781776428223,-825
1.495328426361084,-830
1.5003342628479004,-834
1.5058386325836182,-839
1.5112664699554443,-842
1.5172457695007324,-847
1.5216894149780273,-852
1.5275728702545166,-858
1.5323395729064941,-861
1.537856101989746,-866
1.542616367340088,-870
1.5484211444854736,-875
1.5528340339660645,-878
1.558727502822876,-884
1.5646085739135742,-889
1.5698716640472412,-894
1.5758941173553467,-900
1.5806517601013184,-903
1.5864062309265137,-908
1.5908989906311035,-912
1.5966269969940186,-918
1.6011528968811035,-921
1.6070270538330078,-926
1.6115083694458008,-932
1.618391990661621,-937
1.622840166091919,-941
1.6286208629608154,-946
1.6330444812774658,-951
1.6390199661254883,-954
1.6436851024627686,-960
1.6492736339569092,-963
1.6539626121520996,-968
1.6594758033752441,-971
1.6694614887237549,-980
1.6745359897613525,-985
1.6797704696655273,-990
1.6857364177703857,-995
1.6904428005218506,-999
1.696474313735962,-1004
1.7009694576263428,-1008
1.7067430019378662,-1013
1.7112293243408203,-1016
1.7176308631896973,-1023
1.7224013805389404,-1027
1.728203535079956,-1032
1.7327587604522705,-1036
1.7385149002075195,-1041
1.7428901195526123,-1045
1.7486917972564697,-1050
1.75311279296875,-1055
1.7590889930725098,-1059
1.7638206481933594,-1066
1.7699558734893799,-1070
1.7758567333221436,-1075
1.7805960178375244,-1078
1.7862813472747803,-1083
1.7908134460449219,-1087
1.7965610027313232,-1092
1.8010742664337158,-1095
1.8068146705627441,-1100
1.8113179206848145,-1104
1.818220853805542,-1111
1.8227193355560303,-1114
1.8288073539733887,-1120
1.83320951461792,-1125
1.8389992713928223,-1129
1.8436741828918457,-1134
1.8492586612701416,-1138
1.8539423942565918,-1143
1.862678050994873,-1150
1.8692944049835205,-1155
1.8743727207183838,-1161
1.879622220993042,-1166
1.8845691680908203,-1170
1.8898484706878662,-1175
1.8953266143798828,-1180
1.900353193283081,-1184
1.9058685302734375,-1190
1.9106485843658447,-1193
1.9164044857025146,-1198
1.9216761589050293,-1204
1.9274265766143799,-1210
1.9319062232971191,-1213
1.9377801418304443,-1218
1.942549228668213,-1222
1.9483380317687988,-1228
1.9528167247772217,-1232
1.958841323852539,-1237
1.9634404182434082,-1242
1.9697773456573486,-1248
1.9747850894927979,-1253
1.9799773693084717,-1257
1.985830307006836,-1262
1.990591287612915,-1266
1.9964118003845215,-1272
2.000948667526245,-1275
2.0066659450531006,-1281
2.011169672012329,-1284
2.0169286727905273,-1290
2.022304058074951,-1295
2.027775526046753,-1301
2.032564163208008,-1304
2.038360118865967,-1310
2.0427842140197754,-1314
2.0485763549804688,-1319
2.053016424179077,-1325
2.058988571166992,-1328
2.068329095840454,-1338
2.073946475982666,-1343
2.0794289112091064,-1347
2.084629774093628,-1354
2.0899105072021484,-1358
2.095874071121216,-1363
2.100588798522949,-1367
2.106292486190796,-1372
2.110802412033081,-1376
2.1167731285095215,-1382
2.121952533721924,-1387
2.1276612281799316,-1392
2.1323955059051514,-1396
2.1378531455993652,-1402
2.142716884613037,-1406
2.14847993850708,-1411
2.152874708175659,-1415
2.158717632293701,-1420
2.1631455421447754,-1424
2.168956995010376,-1429
2.17472767829895,-1437
2.1800012588500977,-1440
2.18584942817688,-1446
2.1905720233917236,-1450
2.1959989070892334,-1455
2.200737237930298,-1459
2.2065372467041016,-1464
2.2110555171966553,-1468
2.216970443725586,-1474
2.222583055496216,-1479
2.2283642292022705,-1484
2.232806444168091,-1488
2.23880934715271,-1494
2.2432236671447754,-1499
2.249070167541504,-1503
2.2538235187530518,-1508
2.2593555450439453,-1512
2.2642593383789062,-1518
2.269550323486328,-1523
2.276289701461792,-1528
2.2808117866516113,-1532
2.286503553390503,-1538
2.2909791469573975,-1542
2.2969045639038086,-1547
2.3013999462127686,-1550
2.3071377277374268,-1556
2.311657667160034,-1562
2.3183934688568115,-1567
2.323737382888794,-1573
2.329310178756714,-1576
2.3344719409942627,-1582
2.3432374000549316,-1591
2.3493149280548096,-1595
2.354511260986328,-1600
2.3597731590270996,-1606
2.365673303604126,-1611
2.3703646659851074,-1615
2.3768770694732666,-1620
2.381350040435791,-1624
2.387075424194336,-1630
2.3915603160858154,-1635
2.3973164558410645,-1639
2.401766538619995,-1644
2.4075191020965576,-1650
2.4119577407836914,-1654
2.4185500144958496,-1659
2.422947406768799,-1664
2.429410219192505,-1668
2.4343442916870117,-1674
2.439619541168213,-1679
2.444549322128296,-1683
2.4498159885406494,-1688
2.454772710800171,-1694
2.4603428840637207,-1698
2.4696133136749268,-1706
2.476544141769409,-1712
2.4810783863067627,-1716
2.4870219230651855,-1721
2.4914932250976562,-1727
2.4973819255828857,-1730
2.5018534660339355,-1736
2.507577896118164,-1742
2.5122971534729004,-1745
2.517786979675293,-1750
2.5225584506988525,-1754
2.529115676879883,-1760
2.5339548587799072,-1765
2.5394742488861084,-1769
2.5444276332855225,-1774
2.5497162342071533,-1780
2.554656982421875,-1786
2.5599257946014404,-1789
2.5656843185424805,-1795
2.5704097747802734,-1798
2.575880289077759,-1804
2.5813815593719482,-1808
2.5871386528015137,-1813
2.591622829437256,-1818
2.597513437271118,-1824
2.601954936981201,-1828
2.607883930206299,-1833
2.61263370513916,-1837
2.618478775024414,-1842
2.6228842735290527,-1846
2.629446506500244,-1852
2.6343789100646973,-1857
2.639620780944824,-1862
2.6445693969726562,-1866
2.6498725414276123,-1872
2.6558895111083984,-1877
2.660653591156006,-1881
2.666419267654419,-1886
2.6709165573120117,-1890
2.676668167114258,-1896
2.6818904876708984,-1901
2.687626838684082,-1906
2.6923489570617676,-1910
2.6978530883789062,-1916
2.7026333808898926,-1920
2.708439826965332,-1925
2.712841749191284,-1929
2.7187955379486084,-1934
2.7232167720794678,-1940
2.7297215461730957,-1945
2.735710620880127,-1951
2.7404532432556152,-1954
2.7459371089935303,-1960
2.7507083415985107,-1964
2.756469488143921,-1969
2.7609527111053467,-1973
2.7667365074157715,-1978
2.7712748050689697,-1982
2.777153491973877,-1987
2.7826766967773438,-1993
2.788533926010132,-1998
2.7929139137268066,-2002
2.798757553100586,-2008
2.803173780441284,-2013
2.808971643447876,-2016
2.8135464191436768,-2022
2.819190502166748,-2026
2.8238964080810547,-2031
2.8294243812561035,-2037
2.83640718460083,-2042
2.840897560119629,-2046
2.846640110015869,-2051
2.851134777069092,-2055
2.8569068908691406,-2060
2.8613970279693604,-2064
2.870763063430786,-2073
2.8766510486602783,-2079
2.8818986415863037,-2084
2.887815475463867,-2090
2.8925907611846924,-2094
2.8987128734588623,-2099
2.9031474590301514,-2103
2.9089508056640625,-2108
2.9136524200439453,-2114
2.919177532196045,-2117
2.9238555431365967,-2123
2.9294164180755615,-2126
2.9362335205078125,-2134
2.940748453140259,-2138
2.9464640617370605,-2143
2.9509642124176025,-2147
2.9569199085235596,-2152
2.961402654647827,-2156
2.9671413898468018,-2161
2.9716219902038574,-2167
2.977402448654175,-2172
2.9828906059265137,-2176
2.9888014793395996,-2181
2.9932258129119873,-2187
2.99924373626709,-2190
