0.008481502532958984,0
0.012471675872802734,0
0.02513265609741211,2
0.03838324546813965,3
0.04986214637756348,2
0.061354637145996094,0
0.07851314544677734,-5
0.09086489677429199,-10
0.10258126258850098,-16
0.11416292190551758,-23
0.1260528564453125,-32
0.13901877403259277,-41
0.15047430992126465,-48
0.16197586059570312,-57
0.17322611808776855,-67
0.18483829498291016,-77
0.19833970069885254,-87
0.20995759963989258,-97
0.2213306427001953,-107
0.2329237461090088,-117
0.24575233459472656,-128
0.25809454917907715,-139
0.2696061134338379,-149
0.2809102535247803,-160
0.293046236038208,-171
0.3045785427093506,-181
0.3177468776702881,-192
0.32912421226501465,-203
0.34213852882385254,-214
0.3537755012512207,-225
0.36519551277160645,-236
0.37800049781799316,-247
0.38930201530456543,-258
0.40224146842956543,-269
0.4139740467071533,-280
0.42525482177734375,-291
0.4381065368652344,-302
0.45038747787475586,-313
0.4620366096496582,-324
0.4787781238555908,-339
0.4904601573944092,-349
0.5029919147491455,-363
0.5145900249481201,-375
0.5288689136505127,-386
0.5405173301696777,-395
0.5531964302062988,-408
0.5653092861175537,-419
0.5780835151672363,-431
0.589714765548706,-441
0.6022257804870605,-453
0.6139249801635742,-463
0.6258153915405273,-475
0.6379563808441162,-485
0.6504340171813965,-497
0.6621158123016357,-508
0.673356294631958,-519
0.6851787567138672,-530
0.6984376907348633,-541
0.710024356842041,-552
0.7217955589294434,-563
0.7329070568084717,-574
0.7446446418762207,-585
0.7580585479736328,-596
0.7691917419433594,-607
0.7808938026428223,-618
0.7924509048461914,-627
0.8050613403320312,-640
0.8177218437194824,-651
0.8290772438049316,-662
0.8405427932739258,-671
0.8525776863098145,-682
0.8645124435424805,-693
0.8805661201477051,-708
0.8922674655914307,-719
0.9049358367919922,-732
0.9179282188415527,-743
0.9292361736297607,-754
0.9409515857696533,-765
0.9530572891235352,-776
0.9645626544952393,-785
0.9777061939239502,-798
0.9892399311065674,-809
1.0017669200897217,-820
1.0130424499511719,-831
1.024632453918457,-842
1.0376269817352295,-853
1.049142837524414,-864
1.0618352890014648,-875
1.0728802680969238,-886
1.0843582153320312,-896
1.0973010063171387,-908
1.1098058223724365,-919
1.1208856105804443,-931
1.1324052810668945,-940
1.1440086364746094,-951
1.1573843955993652,-963
1.1691462993621826,-975
1.1805708408355713,-984
1.192133903503418,-995
1.2030656337738037,-1006
1.2160844802856445,-1019
1.2282981872558594,-1028
1.2398977279663086,-1039
1.2513790130615234,-1050
1.264146089553833,-1061
1.2804350852966309,-1076
1.2921104431152344,-1087
1.3037614822387695,-1098
1.3173444271087646,-1111
1.329012393951416,-1121
1.3419651985168457,-1133
1.3529095649719238,-1144
1.3653438091278076,-1155
1.3779127597808838,-1166
1.3890719413757324,-1177
1.4005661010742188,-1186
1.4126546382904053,-1197
1.424262285232544,-1208
1.4372107982635498,-1221
1.4487965106964111,-1232
1.461327075958252,-1243
1.4728021621704102,-1252
1.4843831062316895,-1263
1.497140884399414,-1276
1.5086512565612793,-1285
1.5217373371124268,-1298
1.532857894897461,-1307
1.54445481300354,-1318
1.5571739673614502,-1331
1.56974458694458,-1342
1.5809876918792725,-1353
1.5923652648925781,-1363
1.604001760482788,-1373
1.6176846027374268,-1386
1.6291632652282715,-1397
1.6407058238983154,-1407
1.6521644592285156,-1418
1.6645655632019043,-1431
1.6811332702636719,-1445
1.6928439140319824,-1454
1.7048401832580566,-1467
1.7185413837432861,-1478
1.730015754699707,-1489
1.7414071559906006,-1501
1.7529535293579102,-1511
1.7660162448883057,-1524
1.7782669067382812,-1533
1.7897868156433105,-1545
1.8010468482971191,-1555
1.812694787979126,-1565
1.8252134323120117,-1577
1.8378236293792725,-1589
1.8492817878723145,-1599
1.8608331680297852,-1609
1.8728752136230469,-1622
1.8939306735992432,-1640
1.9052839279174805,-1651
1.9186317920684814,-1662
1.9300007820129395,-1673
1.9420454502105713,-1684
1.9532465934753418,-1695
1.9651086330413818,-1706
1.978652000427246,-1717
1.99003005027771,-1728
2.001748561859131,-1739
2.0130326747894287,-1751
2.0259361267089844,-1761
2.0383081436157227,-1773
2.0498781204223633,-1783
2.0611488819122314,-1795
2.0783891677856445,-1809
2.090078353881836,-1820
2.10199236869812,-1831
2.113081216812134,-1842
2.1260414123535156,-1855
2.1383821964263916,-1864
2.1498937606811523,-1875
2.161370038986206,-1886
2.1737725734710693,-1897
2.185838222503662,-1908
2.1979682445526123,-1919
2.2091479301452637,-1930
2.220592498779297,-1939
2.2328710556030273,-1953
2.244523763656616,-1962
2.25724196434021,-1975
2.268611431121826,-1983
2.2809176445007324,-1997
2.2923569679260254,-2006
2.3041114807128906,-2017
2.3158116340637207,-2028
2.3287854194641113,-2039
2.3409183025360107,-2051
2.3525969982147217,-2061
2.3643505573272705,-2072
2.378215789794922,-2085
2.389756441116333,-2095
2.4012444019317627,-2106
2.4131009578704834,-2117
2.4248692989349365,-2126
2.4381816387176514,-2135
2.4500203132629395,-2143
2.4619944095611572,-2150
2.478632688522339,-2157
2.490536689758301,-2161
2.502168893814087,-2164
2.5133869647979736,-2165
2.525036334991455,-2164
2.5385899543762207,-2162
2.549931526184082,-2158
2.5612969398498535,-2152
2.572866678237915,-2147
2.5853567123413086,-2139
2.598123550415039,-2131
2.6099679470062256,-2123
2.6213536262512207,-2113
2.6337034702301025,-2104
2.6453380584716797,-2095
2.6581597328186035,-2085
2.669241428375244,-2074
2.6821670532226562,-2064
2.6938424110412598,-2053
2.705183744430542,-2043
2.7179853916168213,-2032
2.7293059825897217,-2021
2.7419919967651367,-2010
2.752894878387451,-1999
2.764477252960205,-1990
2.777322292327881,-1977
2.7899844646453857,-1966
2.8017702102661133,-1955
2.812960147857666,-1944
2.8243300914764404,-1934
2.838247060775757,-1921
2.84991192817688,-1910
2.86094069480896,-1899
2.8724958896636963,-1883
2.889272451400757,-1872
2.901130199432373,-1861
2.9127626419067383,-1851
2.924434185028076,-1840
2.9380855560302734,-1827
2.949209690093994,-1815
2.9607326984405518,-1806
2.972238302230835,-1795
2.983931541442871,-1783
2.997405529022217,-1770
3.009114980697632,-1759
