0.0213773250579834,0
0.026831626892089844,0
0.03912830352783203,2
0.05055570602416992,4
0.06796550750732422,11
0.07931065559387207,18
0.09232473373413086,24
0.10476207733154297,34
0.1166386604309082,41
0.12799572944641113,50
0.1404252052307129,59
0.1521291732788086,69
0.16475987434387207,80
0.17630839347839355,89
0.1886000633239746,99
0.20006775856018066,110
0.21188902854919434,120
0.22338294982910156,131
0.2359464168548584,142
0.24805116653442383,152
0.2598738670349121,164
0.2709805965423584,174
0.2824442386627197,184
0.29627513885498047,197
0.30850672721862793,208
0.31993794441223145,219
0.3361704349517822,234
0.3542213439941406,253
0.37139081954956055,270
0.39172983169555664,287
0.4098536968231201,304
0.42915844917297363,324
0.4497694969177246,342
0.47214412689208984,364
0.4924201965332031,381
0.5109856128692627,402
0.528167724609375,415
0.5399646759033203,427
0.550940990447998,438
0.5718038082122803,457
0.5872416496276855,474
0.6014401912689209,486
0.6131570339202881,497
0.6266367435455322,508
0.6381721496582031,520
0.6501071453094482,531
0.6613094806671143,542
0.6741325855255127,556
0.6864562034606934,565
0.6979124546051025,576
0.7097630500793457,588
0.7218732833862305,599
0.7338466644287109,611
0.7460896968841553,622
0.757206916809082,634
0.7688665390014648,643
0.7808387279510498,654
0.7923784255981445,666
0.8051269054412842,679
0.8168113231658936,688
0.8289971351623535,702
0.8404362201690674,711
0.8519988059997559,723
0.868173360824585,738
0.8804869651794434,749
0.8923537731170654,761
0.9052400588989258,774
0.9170596599578857,785
0.9291408061981201,797
0.9406683444976807,806
0.9524235725402832,818
0.9652326107025146,831
0.9781203269958496,842
0.9899816513061523,854
1.0008535385131836,863
1.0125181674957275,875
1.025291919708252,888
1.0379061698913574,899
1.0492146015167236,911
1.0608456134796143,920
1.0726017951965332,934
1.0863397121429443,945
1.0979175567626953,956
1.1091749668121338,968
1.1207199096679688,977
1.1338069438934326,990
1.145956039428711,1002
1.1573512554168701,1013
1.169111728668213,1025
1.1813437938690186,1036
1.1931438446044922,1048
1.206024169921875,1059
1.2173383235931396,1070
1.2288713455200195,1082
1.2410013675689697,1093
1.2526350021362305,1104
1.2690775394439697,1120
1.2820303440093994,1131
1.2942087650299072,1144
1.3070485591888428,1156
1.3187756538391113,1165
1.3304359912872314,1178
1.3431403636932373,1190
1.3557615280151367,1201
1.3671727180480957,1212
1.3786063194274902,1222
1.3908109664916992,1234
1.4025294780731201,1245
1.4152860641479492,1258
1.4271109104156494,1270
1.4393162727355957,1281
1.4507932662963867,1290
1.4623973369598389,1302
1.4753437042236328,1315
1.4883344173431396,1327
1.5002520084381104,1338
1.5112791061401367,1350
1.5232317447662354,1361
1.5369350910186768,1374
1.548201084136963,1384
1.5602262020111084,1395
1.5718741416931152,1406
1.5837013721466064,1418
1.5970687866210938,1431
1.6086101531982422,1441
1.6201894283294678,1452
1.6319007873535156,1464
1.645380973815918,1477
1.6571664810180664,1488
1.6722776889801025,1502
1.685373306274414,1515
1.6980795860290527,1526
1.7099294662475586,1538
1.7210919857025146,1549
1.7330870628356934,1560
1.7462983131408691,1572
1.7581758499145508,1583
1.7693960666656494,1594
1.780954122543335,1606
1.7938432693481445,1617
1.8061730861663818,1629
1.817317247390747,1640
1.8289000988006592,1652
1.8405075073242188,1663
1.8533098697662354,1674
1.8659510612487793,1686
1.8773386478424072,1697
1.888873815536499,1706
1.9008824825286865,1718
1.9129130840301514,1731
1.9254372119903564,1743
1.9371905326843262,1754
1.9500255584716797,1765
1.9611690044403076,1777
1.9729576110839844,1788
1.9859392642974854,1800
1.9983124732971191,1811
2.00982666015625,1822
2.0209524631500244,1834
2.032942771911621,1845
2.046386957168579,1856
2.058046340942383,1868
2.0738062858581543,1883
2.0864176750183105,1894
2.098787546157837,1906
2.110002279281616,1918
2.1214025020599365,1929
2.1329877376556396,1940
2.1459946632385254,1952
2.1583614349365234,1963
2.1700351238250732,1974
2.1813902854919434,1986
2.193185329437256,1997
2.2066144943237305,2008
2.21803879737854,2020
2.2299232482910156,2031
2.240954637527466,2043
2.253943681716919,2054
2.266385316848755,2066
2.278005361557007,2077
2.289255380630493,2088
2.30188250541687,2100
2.315342664718628,2113
2.3271644115448,2124
2.3388679027557373,2134
2.351149082183838,2147
2.3630661964416504,2158
2.3760287761688232,2170
2.3873379230499268,2181
2.3991947174072266,2193
2.4119815826416016,2204
2.4238343238830566,2216
2.436291456222534,2227
2.4480745792388916,2238
2.4606516361236572,2250
2.476954698562622,2267
2.4885058403015137,2276
2.5002329349517822,2288
2.512885332107544,2301
2.5257537364959717,2312
2.5370686054229736,2324
2.54852557182312,2333
2.5609779357910156,2347
2.572974443435669,2358
2.585655689239502,2370
2.5970606803894043,2381
2.6092023849487305,2392
2.6208956241607666,2402
2.6325156688690186,2415
2.645655393600464,2426
2.6581482887268066,2438
2.669823169708252,2449
2.6810710430145264,2461
2.6926653385162354,2472
2.7056736946105957,2483
2.7179431915283203,2495
2.7293577194213867,2506
2.740898847579956,2518
2.7526004314422607,2529
2.7663350105285645,2540
2.777890682220459,2552
2.788731098175049,2561
2.800166368484497,2573
2.8125898838043213,2584
2.825267791748047,2597
2.8370578289031982,2609
2.8485043048858643,2618
2.8607945442199707,2630
2.8769607543945312,2647
2.8884987831115723,2656
2.900063991546631,2668
2.912654161453247,2681
2.9256842136383057,2692
2.937225341796875,2704
2.948941230773926,2715
2.960608720779419,2727
2.9728829860687256,2738
2.9858267307281494,2749
2.997101306915283,2761
3.008537530899048,2770
