0.009430885314941406,0.0,0.0
0.03388667106628418,0.0,0.0
0.04681539535522461,-0.00037873644767973927,0.0
0.06383895874023438,-0.00037873644768467277,-7.09604250411495e-17
0.07750701904296875,-0.0007572596486015833,-1.2707602790688216e-05
0.09065771102905273,-0.00037963686480689985,1.6315318563976138e-05
0.1031956672668457,-3.200495990814795e-06,5.799213506461906e-05
0.11524105072021484,0.0003710878455287029,0.00011586729560326603
0.1313028335571289,0.002228305931440934,0.0004856961769028028
0.14469337463378906,0.00442499966881664,0.0010674377940147878
0.1560368537902832,0.006224675248238883,0.001656674782783024
0.1678147315979004,0.008344012534599932,0.0024766114581095434
0.17983126640319824,0.011460425208355825,0.0038574507275185377
0.19343924522399902,0.01416202060634973,0.005229174205831861
0.20525240898132324,0.018111152070732092,0.007478598002427993
0.2168269157409668,0.021971128257327662,0.009877791737545624
0.22884750366210938,0.02542251002407857,0.012211107149862689
0.2414228916168213,0.029713064075193977,0.015326494783510397
0.2533550262451172,0.0333388010862863,0.018066855684214515
0.26492738723754883,0.03693809653038275,0.020841854611380838
0.27601099014282227,0.040837333261489056,0.02384810344914537
0.2877929210662842,0.04444989100398092,0.02660581505423206
0.300508975982666,0.048088723950962885,0.029328762267027617
0.3130033016204834,0.05177910132345617,0.03198143291907948
0.3244953155517578,0.05520795233781266,0.03434773332995769
0.33568263053894043,0.05869253465685517,0.03663116998881935
0.34896421432495117,0.062230846161233186,0.03883043091267609
0.3606750965118408,0.06616914824901225,0.04109876144526228
0.3731822967529297,0.06950407488245831,0.04289386423615286
0.38494443893432617,0.07458183841425425,0.045441531658700005
0.39753246307373047,0.07905417246454573,0.047500610895257256
0.4093632698059082,0.08357457445557644,0.04945190405601148
0.42092394828796387,0.08810427922055557,0.05138150347088869
0.43346476554870605,0.09264318265028426,0.053289364790630324
0.4461543560028076,0.09784817725225503,0.05556583639691053
0.4583895206451416,0.10267511245339436,0.05776019068404882
0.47523999214172363,0.10848421910291474,0.06053666591547186
0.48724365234375,0.1131887772962256,0.06298240228295546
0.49973297119140625,0.1184828008619506,0.0659310098301241
0.5127956867218018,0.12365987087059895,0.06908044122438645
0.5246658325195312,0.1290619907445544,0.072583530667096
0.5372426509857178,0.13469133680240009,0.07642871507427808
0.5499889850616455,0.14028355601556058,0.08032769756157454
0.5628049373626709,0.14549351450620984,0.08411066825958195
0.5747091770172119,0.15007448152944378,0.0874705838705359
0.5864012241363525,0.15467150372706914,0.09080849919230254
0.5993490219116211,0.15989953833810588,0.09456644928271214
0.6119592189788818,0.16424904217056566,0.09759899121727758
0.623633623123169,0.16960022224564003,0.10117941110609942
0.6354167461395264,0.17370538023223492,0.10389772989993391
0.6481268405914307,0.1791573224778029,0.10732276428327546
0.6598076820373535,0.18430395739326086,0.11052168926343056
0.6728024482727051,0.18980459427746,0.11386796011984057
0.6846110820770264,0.19564571718080234,0.11738310782545243
0.6973345279693604,0.2011623332561878,0.12070296954742314
0.7092404365539551,0.20763367076699693,0.12463975879025085
0.7208819389343262,0.21313430765119187,0.12798602964665828
0.7334351539611816,0.21858624989676445,0.13141106403000177
0.7451472282409668,0.2245860961848602,0.13538399149791022
0.758040189743042,0.23084092513802593,0.1396564186170035
0.7698996067047119,0.23697028806819706,0.14410697237936193
0.7827458381652832,0.24271103833575308,0.14844587713880553
0.7947165966033936,0.24864272738205134,0.1531566715282211
0.8073012828826904,0.2547750080193905,0.1582215255315667
0.8190670013427734,0.2600103754587995,0.16258797808926867
0.8313543796539307,0.26573334942730614,0.16755024447441916
0.8433570861816406,0.2708840259989598,0.17201628422105203
0.8560476303100586,0.2771266713162847,0.1775348861359275
0.8732168674468994,0.28416013194952194,0.1838737537022097
0.8853244781494141,0.28981114719665163,0.18891781411005895
0.8969922065734863,0.294940353874447,0.19340849546378974
0.9121613502502441,0.3012093842584171,0.19889710600723745
0.9238636493682861,0.30719345871584564,0.20413623425325725
0.935976505279541,0.31258483421717087,0.20890229954337622
0.9481287002563477,0.3182358494643042,0.21394635995122874
0.9618964195251465,0.3243984811508476,0.2195541722117168
0.9738564491271973,0.3305611128373909,0.22516198447220487
0.9857873916625977,0.3357895387247252,0.2301062610508986
0.9976959228515625,0.34094631576688156,0.23512522097139277
1.0108518600463867,0.3468893915010934,0.24096520714177797
1.023400068283081,0.3523996525022134,0.24670059166155942
1.035318374633789,0.35802663462218776,0.2528457246848775
1.0471491813659668,0.363034009550689,0.25852927243666207
1.0597412586212158,0.3686661002969799,0.26517457151454504
1.072749376296997,0.37360196985001487,0.27141114137671396
1.084604263305664,0.3783869410264001,0.27776422430797293
1.0960476398468018,0.3830182645487503,0.2842301700486683
1.1090517044067383,0.38749327942025824,0.2908052634921164
1.1207668781280518,0.3920818400596314,0.2977601681580037
1.1333768367767334,0.39653619427104847,0.3048017813405137
1.1452481746673584,0.4011222203520506,0.3122077796387404
1.1580376625061035,0.40579600063528937,0.32000380201060924
1.1697163581848145,0.40956552518274936,0.32657397730564475
1.1825330257415771,0.4133905135168862,0.3335472890105672
1.1943531036376953,0.41754312357087453,0.341204721723199
1.20701003074646,0.42143646852228234,0.34899717391095103
1.2190661430358887,0.42472418331134915,0.3558212086549277
1.230799913406372,0.42796877765497277,0.3630827663002003
1.2432548999786377,0.4309679008008616,0.3704491000047025
1.2558329105377197,0.43405833694861734,0.37859340171974837
1.2726824283599854,0.437241000753533,0.3879120372284406
1.2846291065216064,0.43934287032077946,0.3951893075301133
1.2965025901794434,0.4409820283752906,0.40180656837102147
1.3093523979187012,0.4423662510382233,0.4084818142678937
1.3213653564453125,0.4436187525813737,0.4159522733304768
1.333604335784912,0.44458388833648194,0.4234652641926841
1.345531940460205,0.44500913487914406,0.429510108058296
1.3585948944091797,0.4452626474135018,0.43745953214342903
1.3704688549041748,0.44512047989153286,0.44427530565491313
1.3829600811004639,0.44471707524254595,0.4510806157032158
1.3949308395385742,0.4439474995031232,0.45823533871163885
1.4075496196746826,0.4429914132231843,0.4649852186505464
1.419351577758789,0.4415708998929016,0.4724255587368471
1.4319558143615723,0.43995137927744554,0.4794369395653395
1.443551778793335,0.437828786748418,0.48710193877251545
1.4557106494903564,0.4356656396572168,0.4935669039561892
1.4688620567321777,0.43312233476556244,0.5002984645756929
1.4807283878326416,0.4302910391017254,0.5069140577471308
1.4932444095611572,0.42707875274452295,0.5137739218187182
1.5050973892211914,0.4236057963967421,0.5205055704227181
1.5177576541900635,0.4195044261623667,0.5277584560452443
1.5295562744140625,0.4158682317202559,0.5335250035516339
1.5430505275726318,0.41143426733371974,0.5401278492797439
1.5549607276916504,0.40671962376636883,0.5465332960185006
1.5677270889282227,0.4020273298969536,0.5524796307689539
1.5795094966888428,0.39716595562235163,0.5582885513987751
1.592160701751709,0.391831394364574,0.5641877096503722
1.6037986278533936,0.3857752863776112,0.5704490195819383
1.6168196201324463,0.3797295470049089,0.5761826591843396
1.6290287971496582,0.37436796930601735,0.5809822209064884
1.640881061553955,0.3679768572467858,0.5863281795950022
1.6532862186431885,0.36173200860327576,0.5912535706769229
1.6706600189208984,0.3520388913729143,0.5985286903518859
1.6832294464111328,0.34487658808043403,0.6034866997866875
1.6954002380371094,0.33764371994794506,0.6083411889036795
1.7072699069976807,0.3303417830925565,0.6130911535529044
1.7204012870788574,0.32265187508456344,0.6179375441466726
1.733147144317627,0.3158040261551433,0.6219828595769117
1.7452332973480225,0.3072545823244395,0.6268688934311551
1.7572157382965088,0.30031174106267505,0.6307489149651359
1.7698862552642822,0.29198087762881536,0.6352486399510042
1.782834768295288,0.2841818993039743,0.6391288954964179
1.797431468963623,0.2749620130642668,0.643551836045006
1.8093948364257812,0.2670546616481469,0.6472061813476615
1.8228857517242432,0.2584034768315808,0.6510542733127379
1.8347275257110596,0.25036181943035757,0.6544027344892197
1.846484899520874,0.2425952413893478,0.657420325115148
1.8586750030517578,0.23444576215731835,0.6604970822156965
1.8721563816070557,0.22589666373420592,0.663584978443002
1.8837566375732422,0.2173183511758665,0.6665907629678985
1.8956472873687744,0.20940350990371734,0.6691947743521963
1.9077644348144531,0.20182494875061402,0.6716078683700424
1.920741319656372,0.1931506142259293,0.674324135572019
1.9333868026733398,0.1851528579656751,0.6766611170555641
1.9451491832733154,0.17676852590910633,0.6790240436253419
1.9568777084350586,0.16875965780232904,0.6813226560983597
1.9696743488311768,0.15999906944303452,0.6837463472003082
1.9825093746185303,0.1530280860265477,0.6855317598565399
1.9945321083068848,0.14421192251655576,0.6877447776883563
2.0060274600982666,0.13609302607653628,0.6896180390820291
2.019191265106201,0.12795654178777197,0.6914133694336801
2.0313291549682617,0.11943261202904246,0.6932086597938207
2.043414831161499,0.11201310017719955,0.6947342293929171
2.0552921295166016,0.10346423231686053,0.6964067437621919
2.072688341140747,0.09193117044209637,0.6986057367182982
2.0847835540771484,0.08372481931645122,0.7000484386471139
2.096560001373291,0.07550501261687602,0.7014123907996487
2.1088147163391113,0.06764671086912641,0.7026390551920587
2.122392177581787,0.05865917691452302,0.7039978857089414
2.1339609622955322,0.050046123541363355,0.705300098287621
2.1459736824035645,0.041790488804397896,0.7064270777650716
2.1580586433410645,0.03352442794290731,0.7074748494420134
2.1713955402374268,0.024496362066856434,0.708531359497075
2.1834163665771484,0.01734914324831549,0.7093677632906651
2.1951310634613037,0.008306816476018112,0.7102943233274434
2.2070064544677734,1.8016934749249397e-05,0.7111436700278236
2.219874620437622,-0.0075243123066963905,0.7118435188221772
2.232870101928711,-0.01696726521519925,0.7125373854302989
2.2447028160095215,-0.02528498596103538,0.7130284141944639
2.2565135955810547,-0.033607032407254836,0.7134396691029476
2.2695319652557373,-0.04155420278907395,0.7137560467453756
2.28241229057312,-0.050638312280202054,0.7140740745931451
2.2939629554748535,-0.059722421771320276,0.7143921024409148
2.3058011531829834,-0.06767489212486844,0.7145179085071725
2.3177802562713623,-0.07600658765161429,0.7146097632968621
2.3309266567230225,-0.08471751696654317,0.7146222724647452
2.3433585166931152,-0.09229209891440343,0.714669463952838
2.3552377223968506,-0.10100230720807538,0.7145566921047073
2.366868257522583,-0.10857678445897234,0.7144949418250061
2.3797872066497803,-0.11804370571589032,0.7143269763003378
2.3928821086883545,-0.12599306795752643,0.7140715319002402
2.4049389362335205,-0.13431626122807439,0.7136841800783893
2.4166250228881836,-0.1426353579311182,0.7132170423062155
2.4295244216918945,-0.15208335262063982,0.7125955868782613
2.442157030105591,-0.16039487059291022,0.7120088529953026
2.4538915157318115,-0.16983295041427446,0.711251581717869
2.4699275493621826,-0.17962685699994207,0.7102289818790789
2.4835855960845947,-0.19051350634851877,0.7087746791001558
2.495771646499634,-0.19876695970210598,0.7076318337943388
2.5079565048217773,-0.20738371758045182,0.7063543637653623
2.519883394241333,-0.2156074077266712,0.7050140249903655
2.5348477363586426,-0.2253106795831332,0.7033368750511325
2.5465478897094727,-0.23350715621874069,0.7018390905489792
2.5587966442108154,-0.2416888951525182,0.7002627861138225
2.570737838745117,-0.2502263373422603,0.6985328939594442
2.5845324993133545,-0.25984823654980443,0.6964387659120369
2.5960140228271484,-0.26795436876886264,0.6945110190147673
2.608103036880493,-0.276388757904589,0.692333514498998
2.6198527812957764,-0.28406033195988806,0.6902348093257552
2.633505344390869,-0.292042212316163,0.687844166393182
2.645461320877075,-0.3006981083365845,0.6850697022931579
2.6574764251708984,-0.308224073621149,0.6824972601799469
2.669337749481201,-0.3153308793094033,0.6798762238141709
2.682973861694336,-0.32376505841110376,0.6764870041636909
2.695019245147705,-0.3313715782402473,0.6730860566866319
2.707139015197754,-0.33785365202252293,0.6699611522677574
2.719078540802002,-0.3448981299985007,0.6662688708678294
2.7370283603668213,-0.3551083872152913,0.6604725156514022
2.7576751708984375,-0.3657011058920734,0.6538391241166455
2.769665241241455,-0.37216592593515246,0.6492062293735184
2.792884588241577,-0.3807438885749699,0.6423467332140657
2.817654848098755,-0.391402332943126,0.6326758079100903
2.845233917236328,-0.40073130379359934,0.6222191622627108
2.873161554336548,-0.40841893628758785,0.6109586015620004
2.899524211883545,-0.413851327426896,0.600124718858354
2.9139459133148193,-0.41630982155193524,0.592960060781483
2.9257216453552246,-0.4176307871556988,0.5874347244429042
2.937415599822998,-0.4183452476657946,0.583330343479508
2.957763671875,-0.4193394900384827,0.5750576734294444
2.9768059253692627,-0.4195641320170834,0.5655919274744965
2.989203929901123,-0.4190552284831751,0.5603140954037876
3.0007941722869873,-0.41825505196688906,0.5554559788240261
3.0138745307922363,-0.4168997253201129,0.549549705746847
3.0258007049560547,-0.41532127390900914,0.5444877905642047
3.0380148887634277,-0.4135436285729242,0.539896324979142
3.0499775409698486,-0.41100803959479904,0.5343925298779703
3.063589334487915,-0.4076262169997161,0.5280407124938333
3.075669288635254,-0.40425228116433864,0.5225570009993286
3.0876708030700684,-0.4008571479279331,0.5175376342774476
3.0994913578033447,-0.39687679681117766,0.5120030353622991
3.1132116317749023,-0.39227914772894823,0.5059832229368161
3.125164270401001,-0.38793656705135887,0.500728037571581
3.1370065212249756,-0.3835437986542215,0.4955147309459038
3.1490583419799805,-0.37934805484230955,0.49063105726300793
3.1625566482543945,-0.37432976498516224,0.48495714453624683
3.174528121948242,-0.3697645497939897,0.4798941621718058
3.186115264892578,-0.3654529576689978,0.47511245660539414
3.198540687561035,-0.36116433913313134,0.4703101357258513
3.210956573486328,-0.3560918778096107,0.46468459976536614
3.2235116958618164,-0.3513245024453153,0.45929438267493766
3.2355456352233887,-0.3461716598397709,0.4537423801709995
3.247655153274536,-0.3417917436250529,0.4490231780426458
3.26070499420166,-0.3361529605216189,0.44288887182553405
3.2776434421539307,-0.3290895471902127,0.4354944889926462
3.2897756099700928,-0.32351363646140563,0.4298229079578212
3.302988052368164,-0.31829943238139047,0.42486363543475275
3.3159360885620117,-0.31156481538616176,0.4187589551903552
3.3280725479125977,-0.3058561169324275,0.41378027256483507
3.339864492416382,-0.3000530001025519,0.4089119716517711
3.3529675006866455,-0.2938628288031799,0.4039180362121961
3.3659019470214844,-0.28640883670047584,0.39807947369775915
3.378035068511963,-0.2806805716909801,0.39372409907243083
3.389814615249634,-0.2746289092244351,0.3891684542100201
3.4027581214904785,-0.26883859809379307,0.38489591337857093
3.415673017501831,-0.2621578215714251,0.37991667521285094
3.427830457687378,-0.2566529217050849,0.3758953498559749
3.4396586418151855,-0.2508831601630368,0.3715950987128508
3.452552318572998,-0.24513408081982072,0.36726723609356127
3.4652886390686035,-0.23940581581032108,0.36291186146822996
3.4771840572357178,-0.2337407818122705,0.3584745539572614
3.4892241954803467,-0.2283941225017367,0.35424510784915597
3.5014307498931885,-0.22275042656283484,0.34978069251281785
3.5147790908813477,-0.2165363849046327,0.34481649084887805
3.5266363620758057,-0.2105956523373702,0.3401171062843137
3.539609432220459,-0.20376380988502169,0.33471281403506803
3.552677869796753,-0.19780061620285738,0.33004196402351826
3.5654404163360596,-0.19149252676049158,0.3251978315441856
3.5774052143096924,-0.1845583112226783,0.3199255359451019
3.5894384384155273,-0.178506648756133,0.31536989108269153
3.602053165435791,-0.17210683119068726,0.310647609111091
3.615057945251465,-0.1650727924725865,0.30550924893286024
3.6268234252929688,-0.15796558186220241,0.3004725830367925
3.6390278339385986,-0.15211442233494663,0.296283759773316
3.650951385498047,-0.14527034088848026,0.29153148276046853
3.6668663024902344,-0.13785412112111736,0.2862758313906547
3.6838831901550293,-0.1288323773962251,0.28001146623735246
3.6961145401000977,-0.12263126845236703,0.27566143559518425
3.7087464332580566,-0.11674021495570758,0.2715289064851279
3.7221453189849854,-0.11025102265926877,0.26693021153654406
3.733956813812256,-0.10444029502257511,0.26268547921539565
3.745891571044922,-0.09864998389193702,0.2584129383839494
3.758122682571411,-0.09318389400999048,0.25433901624835303
3.771864414215088,-0.08745562900049869,0.24998364162302772
3.783681631088257,-0.08149243531833468,0.24531279161147757
3.7959368228912354,-0.07582740132028383,0.24087548410050938
3.8080637454986572,-0.07018370538138195,0.23641106876417126
3.8219096660614014,-0.06396966372317596,0.23144686710022835
3.8337793350219727,-0.058074262485672455,0.2266907381101524
3.8458564281463623,-0.05217886124817692,0.22193460912008225
3.8579816818237305,-0.04628346001067342,0.2171784801300063
3.8708980083465576,-0.040093288711297546,0.21218454469042816
3.8834733963012695,-0.034175153798718216,0.20745673358190936
3.895505666732788,-0.02707339190362456,0.20178336025168803
3.9076409339904785,-0.021747070482298535,0.19752833025401742
3.9206771850585938,-0.01558091181455295,0.19250477581772446
3.9332597255706787,-0.00968551057704944,0.1877486468276485
3.94527268409729,-0.0032005692157970585,0.18251690493856546
3.9571471214294434,0.0026489587034674326,0.17770446877347512
3.9699578285217285,0.008206010226770985,0.17313265441663742
3.982957124710083,0.01374108009069262,0.16853425146045
3.995011806488037,0.019883084405917732,0.16348119348710666
4.007000684738159,0.024506853167875972,0.15956434087082527
4.019036293029785,0.02970859302507409,0.15515788167751343
4.0329320430755615,0.03601434436910555,0.14971149869060243
4.0448949337005615,0.04056215595217497,0.14570670384111126
4.056645154953003,0.04563501055303136,0.14115246116390837
4.068957805633545,0.05038457897749851,0.1368054927309068
4.086629867553711,0.0578279382336132,0.12979370919502198
4.098970174789429,0.06240733521811877,0.1252678216539554
4.110934257507324,0.06718668727138444,0.12040646648124571
4.124720573425293,0.07161165041915425,0.11572947643239094
4.13612699508667,0.07658220054125742,0.11052602184628203
4.148722887039185,0.08121975888625106,0.10552921959273369
4.160479307174683,0.08580919412879476,0.10048818157276361
4.173598289489746,0.09060235602181735,0.09512088176622088
4.185647010803223,0.09612247486468273,0.08887957776678068
4.19763445854187,0.10009340049569174,0.08430216347324475
4.209626913070679,0.10500196838666023,0.07853306649182061
4.2225189208984375,0.10966510788307904,0.07305242435946918
4.235161066055298,0.1145459616576821,0.0672598614420429
4.2471795082092285,0.11888854233527177,0.062004676076808096
4.259137153625488,0.12294209196607261,0.05700234960138541
4.272017955780029,0.12744567462375112,0.05138985894290809
4.284951210021973,0.13186807321439395,0.04571317867610443
4.296666622161865,0.1358005607405821,0.04061513232160921
4.308990001678467,0.13965932195218406,0.03546105658604029
4.320815324783325,0.1434435586653342,0.03025201758877274
4.334607839584351,0.14731705004708817,0.02464211164662329
4.346056938171387,0.15066390094088986,0.019590422713576198
4.358416795730591,0.1537101830718804,0.01479516912704372
4.370465040206909,0.15664065566736263,0.00992827872886046
4.383743524551392,0.16001623084262995,0.004005401691445468
4.39582371711731,0.16286408144901765,-0.0013434971583579447
4.408016204833984,0.16560884141090085,-0.006746021080864393
4.419749021530151,0.168084460153689,-0.011859298270798542
4.433523893356323,0.170486284210016,-0.017007650724083938
4.445530414581299,0.17306771886421135,-0.022906017438884162
4.457432270050049,0.17536354836287377,-0.02851405977955375
4.469416856765747,0.17768816149467864,-0.03451828400617822
4.487430810928345,0.1805844233843146,-0.04233091830707253
4.499373912811279,0.18264788797924858,-0.04842982383524707
4.51210355758667,0.1845072172275981,-0.05419730740504624
4.523802280426025,0.18636488569033519,-0.06036201361529633
4.537716865539551,0.18802965382184358,-0.06618863519645682
4.549716472625732,0.1895823883327839,-0.07204610798941166
4.5626466274261475,0.19084250200090513,-0.07719650678143175
4.5745744705200195,0.1920333548491434,-0.08275133902683643
4.587303161621094,0.19302023396946624,-0.08796099964681457
4.5993733406066895,0.19380662991530986,-0.0932046696964829
4.612086296081543,0.19439651266354124,-0.09809277950530555
4.623770236968994,0.19478932037779828,-0.10262060998350235
4.63679313659668,0.19511734671472092,-0.10829217859395625
4.648947238922119,0.1951782755069624,-0.1124578339560203
4.660753011703491,0.19513226417814297,-0.1173811927807851
4.6732892990112305,0.19492108713327755,-0.12230023571772833
4.6860504150390625,0.19451605102754133,-0.12758705327902908
4.698101043701172,0.19395912923149886,-0.1328600346261064
4.709861516952515,0.19325078251790687,-0.13811481712462326
4.722715616226196,0.19239159694187524,-0.14334705319722352
4.735527038574219,0.191238095700876,-0.14929603688089796
4.752041578292847,0.1901622467766609,-0.15410063137493
4.763917684555054,0.18823881133635187,-0.1618180148691705
4.776036739349365,0.1867846173733956,-0.16691701615291046
4.789284706115723,0.1850112439538209,-0.1727115065270864
4.800961971282959,0.18319315568956113,-0.1780937780590849
4.81357479095459,0.18124658547767544,-0.18343092675393538
4.825667381286621,0.17944917624654383,-0.1880146914965473
4.838769912719727,0.17710239690291163,-0.19360160465981668
4.850692272186279,0.17510894530369003,-0.19810357421561445
4.863388776779175,0.17268496403258754,-0.20324153164811087
4.879114627838135,0.16945948179362616,-0.2096741495033943
4.892855644226074,0.16656306295910228,-0.21499690536071922
4.905122518539429,0.16389579388842143,-0.21957949959085454
4.916866779327393,0.1608979743748922,-0.2244051984982718
4.9291112422943115,0.15816100076463044,-0.22849794264083678
4.942781925201416,0.15472032140488295,-0.23348619860109773
4.954622507095337,0.15158543931167312,-0.23776252978976314
4.966155529022217,0.14786363807487157,-0.24254470163269748
4.97845983505249,0.14452742340282917,-0.2466658866364891
4.991823673248291,0.14062499318299782,-0.2513018342592539
5.003563404083252,0.13633870927872485,-0.2561062390161596
5.015451192855835,0.13249611774724976,-0.2602905886792538
5.027554988861084,0.12829155279241877,-0.26465437207468245
5.040549278259277,0.1237799523812738,-0.2692478453255422
5.053181171417236,0.11924638218278628,-0.2738196366628114
5.065006971359253,0.11410648836362475,-0.27885588523429616
5.07682728767395,0.10967774910875477,-0.28299197524709635
5.089803218841553,0.10437176992583129,-0.28785293122883704
5.102712631225586,0.09960351849797103,-0.2921793978121954
5.1148152351379395,0.09477353741227298,-0.29643684041168433
5.126490831375122,0.09020851506398621,-0.30042200577102063
5.139394283294678,0.08527787760614633,-0.30456245852834285
5.152115345001221,0.0797011819189963,-0.3091102902489421
5.163764238357544,0.07431624726163907,-0.31329089533675075
5.175810098648071,0.06949422836303924,-0.3169609233643382
5.189003229141235,0.06460272197463311,-0.32053781268800946
5.2007834911346436,0.05933357714434199,-0.3242379001915271
5.213433265686035,0.05401176298291922,-0.32786182469507624
5.225415229797363,0.048322298972479964,-0.33161748434927846
5.237280607223511,0.042881889059929575,-0.33506080756378614
5.250474452972412,0.03706961624245619,-0.3386234561374664
5.263033390045166,0.031580247470399836,-0.341988179790386
5.278888463973999,0.023437317827910868,-0.34681969170070387
5.292729139328003,0.016904518720979256,-0.35065362630498087
5.304838418960571,0.010992185594718786,-0.3540476353162254
5.316495656967163,0.005047582083523389,-0.3573848001696656
5.32882285118103,-0.0009287453007549868,-0.3606648140660097
5.342433929443359,-0.006936247129766445,-0.36388737546009403
5.354386568069458,-0.013645273773553145,-0.3674038339362152
5.365907192230225,-0.01971346479379442,-0.3705106068449126
5.37811017036438,-0.025811164981108248,-0.37355905441538495
5.391979694366455,-0.031937813748848354,-0.3765488963913152
5.403684616088867,-0.038434794187896935,-0.3796426890993981
5.415747404098511,-0.044631344502413635,-0.3824848263874291
5.445381164550781,-0.05811562965407351,-0.3885137787331229
5.460615873336792,-0.06716202854490287,-0.3924033781658384
5.473241329193115,-0.07312466087129918,-0.3948326888739113
5.485089063644409,-0.08017990057450335,-0.39758951883815113
5.497704267501831,-0.08622068540951844,-0.39981739974906083
5.509740352630615,-0.09333997497440805,-0.4024043351585082
5.52264666557312,-0.0997473355828053,-0.4047325770270101
5.535249948501587,-0.10653391342814342,-0.40712520514168493
5.548379421234131,-0.1140474596451464,-0.4097336980274966
5.559882402420044,-0.12085666633117725,-0.41206114565373425
5.572978973388672,-0.12731799036938404,-0.4142351446964305
5.584971904754639,-0.13379986195798532,-0.4163470918721672
5.59763503074646,-0.1413853223975391,-0.4187384098790947
5.609457015991211,-0.14791595177993985,-0.4206943904602892
5.622018337249756,-0.15446503514033758,-0.42258766468840514
5.633910179138184,-0.16139680013091406,-0.42451974705243234
5.647204399108887,-0.16797243503547313,-0.4263186372009309
5.659210681915283,-0.1752975246046176,-0.4282472588655558
5.670904159545898,-0.18118610440578273,-0.42967750356733986
5.687624454498291,-0.19038701034510025,-0.4319122609138767
5.700792551040649,-0.19741839822753793,-0.4334425852562127
5.713578701019287,-0.20482749678343073,-0.43501795102656293
5.7254884243011475,-0.2107665870023831,-0.43622135426439124
5.737433910369873,-0.21747279515878312,-0.4374468143116061
5.750545263290405,-0.22419044490556414,-0.4386079181156904
5.763183355331421,-0.23091891866156844,-0.439704558931598
5.7752180099487305,-0.23803196891657846,-0.4407939735522399
5.78719162940979,-0.24404217379061424,-0.44156754278232097
5.799837112426758,-0.2504356035706798,-0.4423281940976941
5.812865734100342,-0.2568326065275696,-0.4430581858413121
5.8248841762542725,-0.2632452684462821,-0.4436346421644644
5.836507081985474,-0.26928789360167177,-0.4440903319855745
5.849369525909424,-0.2753381457493427,-0.4444300685471552
5.8618388175964355,-0.2813938000421975,-0.44465372691856186
5.875500202178955,-0.2882108295680013,-0.44470930217029303
5.8876447677612305,-0.29389066945121195,-0.44459220954953965
5.900855302810669,-0.29956607109681527,-0.4443390140877245
5.913107633590698,-0.3048559267824591,-0.443975804783828
5.92487096786499,-0.30937925922933784,-0.44353420506153807
5.93602180480957,-0.31426374973839916,-0.44291506725243657
5.947968244552612,-0.3187507958370799,-0.4421925964585447
5.960912227630615,-0.32357817705968217,-0.44122410810477514
5.973389148712158,-0.327633088314977,-0.44026802671446336
5.985301971435547,-0.3323846463465864,-0.4389779587193304
5.997133493423462,-0.3367018324950284,-0.4375575888733508
6.009941577911377,-0.34025145680091073,-0.4362368705205517
6.022879600524902,-0.3437337099793542,-0.43474756112302837
6.034993648529053,-0.3474812780631403,-0.43292763519854544
6.046875715255737,-0.35013322577396944,-0.4314622286561669
6.059674501419067,-0.35337548634252103,-0.4295047108182031
6.07269024848938,-0.3561873955693617,-0.42757807864234204
6.088618040084839,-0.3594952732755411,-0.42504542351497504
6.100473165512085,-0.36176244200397856,-0.4230354013876881
6.1138834953308105,-0.3641787687810781,-0.42063121546572607
6.126041412353516,-0.3661893418175512,-0.4183645352808687
6.138124942779541,-0.3680662593653199,-0.4159860013806844
6.149831533432007,-0.3695861797127599,-0.41381379842497457
6.16350531578064,-0.3709894880566906,-0.41156449870390904
6.175469875335693,-0.3727901878262174,-0.4082325908389772
6.187157154083252,-0.374075102369099,-0.40548864521034145
6.198947429656982,-0.3750594929626018,-0.4030270199945988
6.2120585441589355,-0.3763127717718401,-0.3994530275622278
6.223411560058594,-0.37704476772963125,-0.3969049291612313
6.23504900932312,-0.37793248989524414,-0.39322307106551246
6.246672630310059,-0.37847213356638787,-0.3902416238156718
6.25937557220459,-0.3790564085152392,-0.38611669718634106
6.270775318145752,-0.37928933900394063,-0.3834757945128568
6.2830119132995605,-0.37945905546623016,-0.37969223454864864
6.294827938079834,-0.37944843732989175,-0.37628362305769386
6.3071300983428955,-0.37929080269659976,-0.37287864194710874
6.318835258483887,-0.3788790415283077,-0.3687329393946451
6.329944849014282,-0.3783961523665257,-0.3653586893893073
6.342501163482666,-0.37769839239254077,-0.36163615521229353
6.3538291454315186,-0.37691057457643096,-0.3583198186597593
6.3666770458221436,-0.37587709590126805,-0.3546761870224568
6.3786091804504395,-0.3746701910434192,-0.3510862691481271
6.3898444175720215,-0.37329263338603913,-0.3475583144175661
6.402391195297241,-0.3717475884605029,-0.34410042982457534
6.415065288543701,-0.3696968103146028,-0.34004458765112155
6.4266345500946045,-0.3681764185556708,-0.33742377634643184
6.438613653182983,-0.3663541827419114,-0.33454311640813517
6.449711799621582,-0.3641933008670023,-0.33143269534290015
6.46306848526001,-0.36188584118533257,-0.32842940389886754
6.474834680557251,-0.35943710607824986,-0.3255401434302231
6.49089503288269,-0.3555605308131373,-0.3213872581687859
6.503339052200317,-0.3533392289785302,-0.31932666088765865
6.515809535980225,-0.35017854514934915,-0.3166125358637936
6.528033018112183,-0.3471791322792681,-0.3143000367578212
6.540780544281006,-0.34407234382751284,-0.31213393537598993
6.553392648696899,-0.3408653189771758,-0.31011920926814013
6.565958023071289,-0.33594244136744644,-0.3072837961024046
6.577724456787109,-0.3322645977075737,-0.3053267925442295
6.589385747909546,-0.3288632927363919,-0.3036608831309112
6.600813150405884,-0.32510445902200136,-0.3018643403341104
6.614360570907593,-0.32065207324557665,-0.29976247448262033
6.625534534454346,-0.3172349516870329,-0.2981292537582527
6.637048006057739,-0.31383364671586,-0.29646334434493876
6.648892402648926,-0.31044847102799594,-0.2947648993965742
6.662420988082886,-0.30678005173120365,-0.2927902863265934
6.673917531967163,-0.30219810583752815,-0.2901219036702155
6.685848951339722,-0.2983613108343105,-0.28768581031342544
6.697927474975586,-0.2943090323627988,-0.28488927346420573
6.709757089614868,-0.2900485462387616,-0.281732890699011
6.723334074020386,-0.2852851822666589,-0.2779870482502492
6.735252618789673,-0.2803013556903305,-0.2739107745311245
6.746741056442261,-0.2765354189092138,-0.2707391346839159
6.758780241012573,-0.27252933713126304,-0.26726554821431436
6.77196741104126,-0.267950957956459,-0.2632957351061955
6.783365488052368,-0.26477729862485727,-0.26059679395082475
6.795096397399902,-0.2604319869543386,-0.2569372095117389
6.806979417800903,-0.2565911130372292,-0.2538567441714556
6.819727897644043,-0.2524075042130583,-0.2505991512902399
6.832842111587524,-0.2484654351871638,-0.24764929180971335
6.844850540161133,-0.2444537953379485,-0.244794764724554
6.8564722537994385,-0.2400611276348106,-0.2418250905634229
6.869340896606445,-0.23529455127543694,-0.2387341292904431
6.885955572128296,-0.2281969225753717,-0.2343695841264202
6.898401260375977,-0.22332932015591694,-0.23144029437174193
6.91048789024353,-0.21815225014726458,-0.22829086297747667
6.923721790313721,-0.21204062118515798,-0.22449213956354175
6.935720443725586,-0.20694052518191325,-0.22121952703845443
6.947774648666382,-0.20190412040537456,-0.21784972008426998
6.959628343582153,-0.19693325888256027,-0.21438395787333633
6.973192453384399,-0.19141683224541306,-0.21037845948721867
6.984949350357056,-0.1853739372269272,-0.20581119131937944
6.9966065883636475,-0.1799749940607842,-0.20164869292863177
7.008869886398315,-0.17469800121525464,-0.19733263840249532
7.02249813079834,-0.16859007253594352,-0.19223844375184246
7.033971309661865,-0.163086011086622,-0.18760297012900096
7.045806407928467,-0.157649185816538,-0.1828888170631062
7.057765483856201,-0.15280493506529227,-0.1786476180068091
7.070874214172363,-0.14765425849363495,-0.17418157826017297
7.083353757858276,-0.142789730620408,-0.16996365183279874
7.0952513217926025,-0.1373303676427357,-0.16527561770067176
7.106985092163086,-0.13267670769659332,-0.16139432653826957
7.119729995727539,-0.127399714851064,-0.1570782720121328
7.132665157318115,-0.12158263991838789,-0.15222665805913166
7.1446168422698975,-0.11626450680239947,-0.14796139835720892
7.156040906906128,-0.11094637368640335,-0.14369613865528003
7.169158220291138,-0.10503733689085724,-0.13895696120869647
7.18380069732666,-0.09735558905664576,-0.1327960305281366
7.195974349975586,-0.09207859621112027,-0.12847997600200295
7.208159446716309,-0.08597066753180917,-0.1233857813513501
7.220946311950684,-0.08051130455413658,-0.11869774721922345
7.233389139175415,-0.07483617244747352,-0.11368083638751425
7.245254278182983,-0.06864672709022542,-0.10810263292918576
7.2570109367370605,-0.06306883947567976,-0.10297782186137579
7.269887924194336,-0.0573163178998154,-0.097485453755578
7.2871315479278564,-0.04848610578816988,-0.08864040280704309
7.299177169799805,-0.04300340419658583,-0.08287866737854488
7.311814069747925,-0.03760413436080226,-0.07703867618586227
7.324949264526367,-0.03178324919070151,-0.07055810971020063
7.336570501327515,-0.02680317938129942,-0.06485062134711733
7.348713397979736,-0.021878062560564158,-0.059095645845554864
7.36016058921814,-0.017199201580873038,-0.05362841911907914
7.373752593994141,-0.011811984345288493,-0.04727204608805832
7.385778188705444,-0.006728052393927586,-0.041155572610291666
7.397762298583984,-0.0018583413481189793,-0.035353639048833124
7.409670114517212,0.0030113696976963337,-0.029551705487367325
7.423292398452759,0.007637595191219426,-0.024039868603975847
7.4351654052734375,0.012963619140261834,-0.017632134484412795
7.447202444076538,0.01810596286514002,-0.011564687500254162
7.459191083908081,0.022919820443472443,-0.005716329274497051
7.470914840698242,0.0276773819966143,0.00017791595194758224
7.484795331954956,0.03284829295693476,0.006711465331360235
7.496472120285034,0.03760275174215063,0.013087414950820574
7.508831739425659,0.041983962999026084,0.01926653354849301
7.520588397979736,0.046185645283971136,0.025569103238524453
7.535023212432861,0.05108171217662232,0.03322747878046842
7.546818971633911,0.05517126992445605,0.04004899835585233
7.5589599609375,0.058909252984571434,0.04663716967751774
7.57081151008606,0.06288131477534381,0.0539616705330815
7.584546327590942,0.06698287106714845,0.062073354879997863
7.596020698547363,0.07059935733512171,0.06957979309837177
7.608392715454102,0.07407124005367921,0.07715419855632355
7.619846820831299,0.07724606058431421,0.08444653196124613
7.633508205413818,0.08104653575227903,0.093530732814192
7.645331144332886,0.08383544623924419,0.10057335285343127
7.657215118408203,0.08669276590016971,0.10799584140145216
7.669186115264893,0.08957400600776134,0.11581402808989043
7.686563491821289,0.09304956182486296,0.1258329346398155
7.698840379714966,0.09572047866925688,0.13491682222786952
7.7107625007629395,0.09785407617777044,0.14257876542538514
7.7234578132629395,0.10006994385740624,0.1510031571800105
7.736159563064575,0.1021707913670332,0.159846721320105
7.752932548522949,0.10415102535463867,0.1698790380377942
7.764929294586182,0.10542853191864206,0.17772923477858618
7.776546478271484,0.10646565874908735,0.18523262645561428
7.803889751434326,0.10818756908921776,0.20256920076591553
7.8319923877716064,0.10839925707867026,0.2192322598730022
7.856720924377441,0.1074060880105937,0.23472866058829076
7.88488245010376,0.10516337519160439,0.25238742792494806
7.90466046333313,0.1023223485310399,0.26726810809754964
7.916078090667725,0.10031021278998344,0.27496284146849453
7.92861795425415,0.09804103145846509,0.28258572989578384
7.952542066574097,0.09407526179126142,0.2944381660658562
7.96923828125,0.08893449252428484,0.30747440887839284
7.981839656829834,0.08539231379870586,0.3154326383224981
7.993679046630859,0.08149815010460873,0.3236459005295835
