11.125639915466309,-0.027811227084879517,-0.9621234299555502
11.137810945510864,-0.02693752595193344,-0.9632569615435244
11.149369955062866,-0.0265006753854604,-0.9638237273375114
11.160868167877197,-0.0265006753854604,-0.9638237273375114
11.173134088516235,-0.026049226404956095,-0.9643789351370449
11.184672355651855,-0.026049226404956095,-0.9643789351370449
11.195836305618286,-0.02653353297122913,-0.9638521438761777
11.20772099494934,-0.026533532971229335,-0.9638521438761775
11.220165967941284,-0.02653353297122912,-0.9638521438761777
11.231489181518555,-0.02569886205066547,-0.9645270243769728
11.242831945419312,-0.02511794609576827,-0.9649448742734766
11.253809452056885,-0.02421014574307814,-0.9655176200771654
11.26495909690857,-0.022020004587196888,-0.9667325438525185
11.277442693710327,-0.020402513539715963,-0.9674968144053674
11.288657903671265,-0.018081331281291885,-0.9684374902186971
11.29937219619751,-0.015372187506287749,-0.9693613571620058
11.310697078704834,-0.012962844791855315,-0.9700453350468917
11.32215666770935,-0.009129786595963838,-0.9709383842154276
11.3333420753479,-0.005952782352123445,-0.9714636433500573
11.34463357925415,-0.0027543442509581255,-0.9718368012749491
11.35535979270935,0.0015291147298619311,-0.9721304114509259
11.366052150726318,0.0061802785188289685,-0.972166327333965
11.379060983657837,0.010111337861336275,-0.9719749000731133
11.390098810195923,0.013669543720631257,-0.9715997759211147
11.401086568832397,0.018263580925561414,-0.9708721519095816
11.411896467208862,0.022109973307926897,-0.9700384027918044
11.42414140701294,0.02660354961062636,-0.9688374088058662
11.435240983963013,0.031702119974485944,-0.9671616817563486
11.445900917053223,0.036032023708080015,-0.9654626972948966
11.457580089569092,0.03960895880082758,-0.9638209277334844
11.468717813491821,0.044056597939817956,-0.9615166841830467
11.484976768493652,0.04958468646637845,-0.9582125580144379
11.496659755706787,0.053378940345862894,-0.9555221580366531
11.508471727371216,0.05673582250475546,-0.9528452998134516
11.519702434539795,0.06048442705321044,-0.9495228013274154
11.531631708145142,0.06456522253853818,-0.9455079453278478
11.543033123016357,0.06891494666583178,-0.940758533520895
11.554767608642578,0.07305466917227166,-0.9358250043515022
11.56575322151184,0.07697660507394798,-0.930716635602212
11.578898429870605,0.08118515722661672,-0.9249292115599974
11.59006404876709,0.08438936908738186,-0.9201852694396013
11.601232290267944,0.08770589724031048,-0.9150865331223245
11.6128249168396,0.09128817300460293,-0.9093089137805228
11.624964952468872,0.09461040855102336,-0.9037916895264545
11.635871648788452,0.09770276154321914,-0.8985539587206617
11.647743225097656,0.10045132558130397,-0.8939443083403994
11.659269094467163,0.1030352865618531,-0.8896531339205687
11.670894622802734,0.10617295346680601,-0.8844424221250593
11.683055400848389,0.10881252508260049,-0.880185228925837
11.694538116455078,0.11168009407042163,-0.8756486521327265
11.70552134513855,0.11405230210117269,-0.8720699852252527
11.717413902282715,0.11689188589029816,-0.8679435101974655
11.730804443359375,0.12021844249604885,-0.863284542324742
11.741755723953247,0.12323426040983167,-0.8592850580378222
11.753122806549072,0.1259075663090955,-0.8559253462429246
11.76458740234375,0.12886634831441846,-0.8523364434039749
11.777168273925781,0.1326028449141423,-0.8479993298879843
11.788882493972778,0.13641401367241743,-0.8437276846327838
11.800068140029907,0.13981312094574042,-0.8400484045408562
11.811307907104492,0.1435228555822992,-0.836170086628923
11.822580337524414,0.14774624433889275,-0.8317929347657845
11.834927320480347,0.15202622356394363,-0.8274711007968056
11.845841407775879,0.15687216820277042,-0.8227034592973189
11.858093976974487,0.16122647276272845,-0.8184565188902241
11.86932373046875,0.1658950267342413,-0.8140201221191219
11.885612487792969,0.17335430782525835,-0.8068076234927942
11.897667169570923,0.1781795302733612,-0.8020190106209373
11.909478664398193,0.18332386206026932,-0.7970448736372632
11.920882940292358,0.18863399887853716,-0.7917291169145848
11.933130741119385,0.19417279552272107,-0.7861361553076706
11.9447021484375,0.1994133234803761,-0.7807517621860216
11.955649375915527,0.20413358150245084,-0.7758596512801613
11.967538118362427,0.20952498351986998,-0.7701244728096515
11.979931354522705,0.2149163855372897,-0.7643892943391409
11.9911630153656,0.21977225307060802,-0.7591331799221016
12.002129316329956,0.22501261011323662,-0.7532596676962007
12.013611555099487,0.2297300784180415,-0.7478789910603765
12.025088548660278,0.23444754672284637,-0.7424983144245523
12.037821531295776,0.23953331071043973,-0.7364904452128821
12.04947805404663,0.2442039314600942,-0.7310690533178942
12.060903310775757,0.24900860023896648,-0.7252923777610734
12.071900606155396,0.2533329739390536,-0.720047058227224
12.084505081176758,0.25790884896655025,-0.7145454624588241
12.09563684463501,0.2620271364912978,-0.7095940262672636
12.107533931732178,0.26700791887870373,-0.7034988400837789
12.119027137756348,0.27112620640345064,-0.6985474038922191
12.131202220916748,0.2754277911925739,-0.693283379461028
12.142606735229492,0.27975216489266175,-0.6880380599271778
12.153836488723755,0.28387045241740866,-0.6830866237356179
12.165124893188477,0.2880315320436214,-0.678171094380615
12.177043199539185,0.29242378276017955,-0.672982480061445
12.189315795898438,0.2966061412425495,-0.6680850429745063
12.200661182403564,0.3008308210469754,-0.6632240664218318
12.211749076843262,0.30509750433559796,-0.6583999161121741
12.223284006118774,0.3091665164563234,-0.6538788972686305
12.235484600067139,0.3136922793567757,-0.6488063185280792
12.24743127822876,0.31800064513166165,-0.644019357399621
12.258830070495605,0.3225920205993601,-0.6390060893811713
12.270106315612793,0.3267195080026809,-0.6345383921266876
12.287497758865356,0.3338590760171951,-0.6270092766809208
12.299216985702515,0.3383107575810662,-0.6223552951866004
12.310652494430542,0.34276243914493665,-0.6177013136922807
12.32165265083313,0.3470047713011334,-0.6133425192604698
12.334108114242554,0.3524703332214303,-0.6076779697905265
12.345308542251587,0.35698218755972866,-0.6030822997713061
12.357084035873413,0.361950880214544,-0.5979327093440849
12.368560314178467,0.3669195728693594,-0.5927831189168637
12.379663944244385,0.3711429616259527,-0.5884059670537255
12.391847848892212,0.37683122140200925,-0.5824592129220949
12.40327525138855,0.3813030447913436,-0.5778245815375953
12.41480278968811,0.3862268848013536,-0.5726320881267215
12.425775289535522,0.3913969168118641,-0.567179970045304
12.438945770263672,0.3962981913731543,-0.5619661714357495
12.450179100036621,0.4009544022063808,-0.5570130627566718
12.461448431015015,0.40563205021589005,-0.5520801940163419
12.472841739654541,0.41053332477718024,-0.5468663954067874
12.483836889266968,0.415679663066535,-0.5413919068667551
12.495852947235107,0.42055827999354284,-0.5361569011221871
12.507764101028442,0.4251929660742003,-0.5311836456648475
12.519318342208862,0.4296041131793614,-0.5264912269162486
12.53068995475769,0.4339743939593482,-0.5217607239409129
12.542892456054688,0.4393657959767677,-0.5160255454704026
12.554003238677979,0.44397887013342,-0.5110322367742153
12.565237760543823,0.44841032614242915,-0.5063589927044286
12.57738995552063,0.45328894306943684,-0.5011239869598609
12.58970332145691,0.45816755999644454,-0.4958889812152932
12.600987195968628,0.46304617692345224,-0.4906539754707254
12.612071514129639,0.4674369321577595,-0.4859424703006141
12.62345266342163,0.4718683881667684,-0.4812692262308277
12.635031938552856,0.4767470050937765,-0.4760342204862595
12.647522687911987,0.481625622020784,-0.47079921474169195
12.658951759338379,0.4860974454101179,-0.4661645833571928
12.670104742050171,0.4905289014191268,-0.46149133928740643
12.68515682220459,0.496988201870387,-0.4547968717320187
12.698570966720581,0.5024044258813981,-0.4490851289800574
12.709805965423584,0.5068762492707325,-0.4444504975955579
12.721049547195435,0.5113881036090305,-0.43985482757633804
12.733147859573364,0.5163567962638459,-0.43470523714911685
12.74536657333374,0.5210770542859204,-0.4298131262432568
12.757483959197998,0.5260680332932108,-0.4246851327940674
12.771389245986938,0.5318076591515953,-0.418787940327499
12.782954931259155,0.5368208306385932,-0.41368164030614346
12.795072078704834,0.5418340021255911,-0.4085753402847879
12.805994033813477,0.5465965150382391,-0.4037243552645
12.818572759628296,0.5516317847147699,-0.3986398447127598
12.831106185913086,0.5566670543913005,-0.39355533416101984
12.843508958816528,0.5614505605840049,-0.3887250491368665
12.855793714523315,0.567519288376311,-0.3826498985966625
12.867733716964722,0.5720708342205407,-0.37809353569150944
12.879711627960205,0.5771718285772001,-0.3730749656920501
12.891655683517456,0.5817627234981934,-0.36855825269253684
12.903101444244385,0.5868199966584486,-0.3634956272423668
12.914541721343994,0.5916244061606913,-0.35868613306470504
12.92559003829956,0.59670358768501,-0.3536454879364347
12.937607288360596,0.601738857361541,-0.34856097738469427
12.950122356414795,0.6068180388858604,-0.3435203322564231
12.961327075958252,0.611897220410179,-0.33847968712815274
12.972742557525635,0.6169324900867096,-0.3333951765764127
12.983760833740234,0.6214642327955869,-0.3288191170798468
12.995941400527954,0.6270513324723384,-0.32327440743874847
13.007788896560669,0.6315830751812158,-0.31869834794218255
13.019145011901855,0.6361543385531029,-0.31416176732673895
13.030549049377441,0.6406860812619807,-0.30958570783017264
13.041513204574585,0.6460192218625161,-0.3042930304454879
13.053952932357788,0.6507817347751641,-0.2994420454252002
13.06511902809143,0.6556069572232676,-0.29465343255334264
13.076098918914795,0.6619285486735865,-0.2883251507406301
13.091917276382446,0.6670077301979055,-0.2832845056123593
13.104695081710815,0.6720869117222245,-0.2782438604840885
13.115907430648804,0.6771660932465434,-0.2732032153558177
13.127726554870605,0.6817373566184308,-0.26866663474037367
13.139144897460938,0.686347796740739,-0.2641698743093324
13.151322603225708,0.6912143724253984,-0.2594232938543435
13.162675142288208,0.6963587042123063,-0.25444915687066955
13.173837661743164,0.7009886028205237,-0.24997243358536267
13.185072898864746,0.7056571567920364,-0.24553603681426042
13.197699785232544,0.7110587051682897,-0.24031319298140277
13.209256649017334,0.7157464552901409,-0.23589708482028868
13.220650434494019,0.7203957253028758,-0.23144048288111194
13.231743812561035,0.7253439059870521,-0.22677903537771368
13.243172645568848,0.7300507640897509,-0.2223832988869042
13.255328178405762,0.7352380462803207,-0.21745396914123494
13.26711916923523,0.740425328470891,-0.21252463939556526
13.278493642807007,0.7450938824424039,-0.20808824262446304
13.289693117141724,0.7500622326619188,-0.20344829855083119
13.301616907119751,0.7552708439084207,-0.1985415117051484
13.31291937828064,0.7604794551549225,-0.19363472485946553
13.32412075996399,0.7651672052767737,-0.18921861669835144
13.335267305374146,0.7696305340784003,-0.18508640578518834
13.347360849380493,0.7756448527651822,-0.17946963138026484
13.359856843948364,0.7803707303198453,-0.17509434923691602
13.371091604232788,0.7851343797625512,-0.1707602222795474
13.382046699523926,0.7896333820139957,-0.16666688015314376
13.393437623977661,0.7944530164334378,-0.16239509638538302
13.405665397644043,0.8002981734169788,-0.15712313018293095
13.417700290679932,0.8048500503686741,-0.1530886677356014
13.429123640060425,0.8094540315049839,-0.14911376789802097
13.440510749816895,0.814040730739742,-0.1451189385960163
13.452669382095337,0.8192246961426995,-0.14072120194961127
13.463779211044312,0.8241538436566411,-0.13657626319476995
13.475269079208374,0.828567100401511,-0.13293001506906646
13.491517543792725,0.8346353284257069,-0.12791642389622437
13.50395679473877,0.8396356350593933,-0.123857612978642
13.515254735946655,0.8441114779379169,-0.12028846868103986
13.527053594589233,0.8485873208164404,-0.11671932438343774
13.538674592971802,0.8530631636949635,-0.11315018008583595
13.549982786178589,0.857539006573487,-0.1095810357882338
13.561971426010132,0.8614553690921951,-0.106458034527832
13.57339358329773,0.8653986721058138,-0.10336911989754541
13.597575426101685,0.8749098382226755,-0.09578468826514158
13.614126443862915,0.8790767604174146,-0.09240234583382273
13.625341653823853,0.8821645152002562,-0.08996192735504749
13.637251377105713,0.8863606178988716,-0.08661585457604588
13.64885425567627,0.8897058593156796,-0.08392446318141654
13.66108775138855,0.8930511007324876,-0.08123307178678717
13.672099590301514,0.8963963421492956,-0.07854168039215782
13.68352198600769,0.8991840433299694,-0.07629885422996638
13.695002794265747,0.9025292847467774,-0.073607462835337
13.707664251327515,0.905595756045518,-0.0711403540569268
13.719200134277344,0.9083931578445951,-0.06890963887092559
13.73143458366394,0.9114489007874036,-0.06642925442129187
13.742782592773438,0.9139578318500095,-0.06441071087531994
13.753823041915894,0.9167357799798354,-0.06215581592110749
13.765844583511353,0.9192534415990051,-0.06014817225370608
13.778016805648804,0.9217797864213295,-0.05815146622561767
13.789283990859985,0.9240331024291119,-0.05638637215116799
13.800661087036133,0.9257230894349486,-0.05506255159533073
13.812792539596558,0.9279916304861816,-0.05331706838960995
13.823783874511719,0.9302601715374145,-0.05157158518388916
13.835206985473633,0.9322451449572436,-0.05004428737888317
13.84666132926941,0.934236723394526,-0.048525612499011384
13.859336376190186,0.9362348693906833,-0.04701558910825138
13.870715856552124,0.9379531630817646,-0.04572872325077248
13.885647773742676,0.9402442213365395,-0.04401290210746728
13.897716760635376,0.9419625150276203,-0.042726036249988726
13.91049838066101,0.9436919059044098,-0.04145412267618378
13.921441078186035,0.9451330649684009,-0.04039419469801306
13.932936668395996,0.9465696137146691,-0.03932802657513923
13.944085121154785,0.9480107727786597,-0.03826809859696885
13.955348253250122,0.949447321524928,-0.037201930474095035
13.968026876449585,0.9508792329341613,-0.036129542259529975
13.97925066947937,0.9520284719311756,-0.03527660776123119
13.99080753326416,0.9534650206774433,-0.03421043963835771
14.00173306465149,0.9546105498048303,-0.03335252906670545
14.01445484161377,0.9557560789322178,-0.032494618495052856
14.025402784347534,0.9569016080596053,-0.03163670792340026
14.037265300750732,0.9580396528809099,-0.03076889370633047
14.048621416091919,0.9591776977022144,-0.029901079489260678
14.060818195343018,0.9603157425235189,-0.029033265272190887
