5.18496036529541,0.025658738381069485,0.9608947676036201
5.197810411453247,0.02485856378973213,0.9620813459423844
5.209579229354858,0.024458476494063453,0.9626746351117665
5.220895290374756,0.024255867380304212,0.9629695334293048
5.231836318969727,0.024462296052300585,0.9626772960702228
5.244429349899292,0.02488772932136208,0.9621019106200789
5.255526781082153,0.02510785923003652,0.9618198498217176
5.2674400806427,0.02556503924573653,0.9612693515783904
5.278984785079956,0.02580303954606246,0.9610021974511341
5.290119886398315,0.02680491738415305,0.9599801953336273
5.301990985870361,0.02706833862748941,0.9597380699131847
5.313453435897827,0.02651504591830547,0.9601918639861132
5.324921369552612,0.02622697114769443,0.9604040629427624
5.335643291473389,0.025323191404998165,0.9609831323796009
5.3484883308410645,0.024699875380835984,0.961334613555034
5.359229326248169,0.022769390419256977,0.9622736475038715
5.370516300201416,0.021116134283442212,0.9629571172662061
5.381287574768066,0.018075677784039033,0.9640177196418073
5.392053842544556,0.015668152229113018,0.9647080664857787
5.404597282409668,0.012527665252825069,0.9654198211314681
5.415496110916138,0.008646371326384392,0.9660720706290414
5.427121639251709,0.0054457414863358,0.9664259374837837
5.43813157081604,0.0018729808142603568,0.9666181047198228
5.454627275466919,-0.0038516909335256913,0.9666277933953129
5.465427875518799,-0.0081326858424733,0.9663002107868367
5.477115631103516,-0.01274569066669692,0.965704559014291
5.488508939743042,-0.016262698752213138,0.9650471389104385
5.500164747238159,-0.020784161163029665,0.9639558130150157
5.511138916015625,-0.025236943693617966,0.9626114387078625
5.521848440170288,-0.02927074610196144,0.96114083818214
5.532946586608887,-0.03355190801029696,0.9593225237821904
5.5438196659088135,-0.03741921283925586,0.957457535542087
5.555672645568848,-0.042439284743163795,0.9547060198561556
5.567579984664917,-0.0457511209646928,0.9525796114305991
5.578907251358032,-0.049540816070459445,0.9498827937601263
5.59004020690918,-0.05317252524481185,0.9469767134075944
5.60202956199646,-0.05719828693042969,0.9434275270571303
5.613496780395508,-0.061272281669737125,0.939405770307347
5.624963045120239,-0.06561396147446229,0.9346490036566881
5.635911226272583,-0.06951580796950252,0.9299829491187053
5.6477038860321045,-0.07371639234192237,0.9246379817810706
5.659942150115967,-0.07728533091223397,0.9197126240779558
5.671236515045166,-0.08078988718829357,0.9147412503915165
5.682559013366699,-0.08473346711405672,0.9087701227228713
5.693534851074219,-0.08742105238230974,0.9045430767476919
5.705592155456543,-0.09082924985678387,0.8990785362848016
5.7174506187438965,-0.09437662560822548,0.8932794234053791
5.729790687561035,-0.09771343948027174,0.8877710038789728
5.740968227386475,-0.10034580227304152,0.8835093494610672
5.753089189529419,-0.10354224280711902,0.878334483382182
5.764474391937256,-0.1060378576990683,0.8744093692623724
5.775406360626221,-0.10858432816058339,0.8705170559744835
5.787317514419556,-0.11178050659647114,0.8657676977129601
5.798938751220703,-0.11444394899845634,0.8619544721605238
5.811141729354858,-0.11761183042727541,0.8576222662382886
5.825724363327026,-0.12174251981045767,0.852223100549975
5.837570905685425,-0.12467960952628776,0.848616423610795
5.849061727523804,-0.12838988852685843,0.8442568605331162
5.864908933639526,-0.13237208832429148,0.8396591920157465
5.875999212265015,-0.13624966026209992,0.8354477318939533
5.888128995895386,-0.13995282576654075,0.8315631410343611
5.899268388748169,-0.14373934906340594,0.8277597580373435
5.911614418029785,-0.14804939583628438,0.8234679090374496
5.922971487045288,-0.15292850652917367,0.8187342145229365
5.934543609619141,-0.15731235397425317,0.8145177761443331
5.945454835891724,-0.1620117658170431,0.8101140798755808
5.9584808349609375,-0.16744964459366554,0.8049290729349698
5.969707012176514,-0.17212991400515099,0.8005050373641938
5.9809980392456055,-0.17754525496671972,0.7952964958376837
5.991995573043823,-0.18242436565960904,0.7905628013231707
6.003383159637451,-0.1875818332420556,0.7856022855836371
6.015578746795654,-0.1929060086673761,0.7803005897602387
6.027447700500488,-0.1989114353103529,0.7741628571219533
6.039004802703857,-0.20391595751283356,0.7690480799233821
6.050154209136963,-0.20883100248915237,0.7638472606468729
6.0625901222229,-0.21472905646073498,0.7576062775150619
6.073606252670288,-0.21931194069905582,0.7525852460504777
6.084952116012573,-0.22411306238681616,0.74727907805413
6.095981121063232,-0.22952767072642133,0.741082127149802
6.109034776687622,-0.23444685871148585,0.735402654275404
6.1204235553741455,-0.23883032172081126,0.7302066137678566
6.1313865184783936,-0.24323627803398878,0.7250296326131132
6.142739534378052,-0.24825949112455284,0.7189693671033502
6.153848171234131,-0.2523693927441053,0.7140109680499078
6.165848970413208,-0.25762093370242234,0.7076752359260646
6.177676439285278,-0.26148216170444843,0.7029755136642009
6.189186096191406,-0.2658203911917537,0.6977416479966784
6.2006309032440186,-0.26968161919377986,0.6930419257348145
6.212826490402222,-0.2745264993619815,0.6872989335948938
6.223837614059448,-0.27865786623908323,0.6823584052605586
6.23506760597229,-0.28236814523965353,0.6779988421828802
6.245941400527954,-0.2870059939903667,0.6725493883357819
6.263394117355347,-0.2928033049287582,0.665737571026909
6.275062561035156,-0.2970408244988842,0.6608877833626522
6.286097526550293,-0.30151376182290607,0.655768563050381
6.298018217086792,-0.30557511656440617,0.6512406641241701
6.309222221374512,-0.3101797332405538,0.6462395552295406
6.3214030265808105,-0.31407553324737286,0.6420449512199582
6.3329033851623535,-0.31870179575547014,0.6370638589585794
6.344052076339722,-0.32286037273230034,0.6326250856426656
6.355148792266846,-0.3273243458831395,0.6279828926044384
6.3677825927734375,-0.33223939085945847,0.6227820733279292
6.379140853881836,-0.3367434608416909,0.6181787738492154
6.390644073486328,-0.3412074339925303,0.6135365808109879
6.401599168777466,-0.3457115039747628,0.608933281332274
6.413773536682129,-0.3509194726507418,0.6035173894543423
6.425020456314087,-0.3556947970265831,0.5986790155523284
6.43599534034729,-0.3609027657025621,0.5932631236743967
6.4477622509002686,-0.3651377147863402,0.5888971555938789
6.45928955078125,-0.3698920108786967,0.5840381172552365
6.471426486968994,-0.3748743039184357,0.5789016842193332
6.482673406600952,-0.3798565969581745,0.5737652511834301
6.493623495101929,-0.38483888999791344,0.5686288181475269
6.504964351654053,-0.38932295373367815,0.5640060284152143
6.517677307128906,-0.3947542631401913,0.5583086284878126
6.529125213623047,-0.3994874415279432,0.5534290171037046
6.540434122085571,-0.40415673425544596,0.5484882387910212
6.5514280796051025,-0.40884741056107116,0.5435677570355376
6.562763929367065,-0.4137624555373899,0.5383669377590286
6.575048208236694,-0.4189232527625248,0.5329060775186938
6.586075305938721,-0.42381569626467785,0.5276839912646777
6.597811460494995,-0.4284635175917234,0.5227230093233622
6.609187841415405,-0.4328870580704103,0.5180422719745041
6.621338129043579,-0.43775680807893386,0.5127990169625264
6.632807016372681,-0.44262655808745766,0.5075557619505484
6.64379620552063,-0.44700933309512875,0.5028368324397686
6.659571886062622,-0.45315313931552736,0.49633580834413216
6.671774387359619,-0.4585348271678958,0.49059151346471436
6.683237314224243,-0.4627317480729287,0.4861889771571766
6.694861650466919,-0.4676467930492475,0.4809881578806675
6.7057952880859375,-0.47256183802556634,0.4757873386041584
6.719052314758301,-0.47723113075306917,0.47084656029147476
6.731083869934082,-0.48216868475899016,0.4656671058120187
6.742023706436157,-0.4863656056640231,0.46126456950448097
6.753583908081055,-0.49137012786650386,0.4561497923059097
6.764954090118408,-0.4961244239588605,0.451290753967267
6.777544736862183,-0.5010619779647817,0.4461112994878107
6.78894829750061,-0.5055859694787367,0.4415275768437974
6.800077676773071,-0.5100700332145017,0.4369047871114845
6.8113930225372314,-0.5145940247284566,0.4323210644674713
6.823331832885742,-0.5196206819661845,0.42722803930745634
6.834864616394043,-0.5246473392039122,0.4221350141474416
6.845948696136475,-0.52967399644164,0.41704198898742667
6.860673189163208,-0.5349519865412542,0.41169431256941114
6.87307071685791,-0.5402531191568655,0.4063695763735864
6.884479999542236,-0.5447771106708205,0.401785853729573
6.895383596420288,-0.54959422176992,0.3969890813179268
6.907158851623535,-0.5546429194990736,0.39191790398856996
6.918514728546143,-0.5594391823417697,0.38710028552568077
6.9308390617370605,-0.5645098256039798,0.3820510514081584
6.941742181777954,-0.5693269367030793,0.37725427899651226
6.953066349029541,-0.5739101807848003,0.3727298026530059
6.9645421504974365,-0.5784540087410384,0.36816574305658484
6.977771043777466,-0.5845650008499996,0.3621331079319097
6.989602327346802,-0.5891482449317206,0.3576086315884034
7.000913619995117,-0.5941969426608742,0.35253745425904653
7.011840581893921,-0.5987407706171125,0.3479733946626252
7.02440881729126,-0.6038332640412467,0.3429461987253961
7.035331726074219,-0.6086711327941744,0.3381703625850283
7.047135353088379,-0.6137417760563845,0.33312112846750597
7.062122344970703,-0.6203336122972575,0.326557124114727
7.0749125480651855,-0.6254042555594673,0.32150788999720487
7.085936546325684,-0.6304748988216774,0.3164586558796825
7.098172187805176,-0.6350384777576664,0.3119143451739125
7.10956597328186,-0.6396413007812287,0.3074097882912281
7.120890855789185,-0.6447119440434388,0.3023605541737058
7.132993936538696,-0.6500361194687594,0.2970588583503073
7.144436836242676,-0.6543647388792734,0.2927857418036627
7.155370712280273,-0.6592232742930338,0.28803093176082895
7.1672632694244385,-0.6640611430459615,0.28325509562046114
7.179587364196777,-0.6691753908499198,0.2782500324174784
7.1908652782440186,-0.6740339262636801,0.27349522237464485
7.201775789260864,-0.6786562416569436,0.2690106696766852
7.213134527206421,-0.6833172806083344,0.26456637801330435
7.225349187850952,-0.6884531866008495,0.25958354168223796
7.237375736236572,-0.6933322972937388,0.2548498471677249
7.24877142906189,-0.6984897648761853,0.2498893314281913
7.259862899780273,-0.703131485700387,0.24542486726261134
7.271114110946655,-0.7075517401445679,0.2412466114457671
7.283246755599976,-0.7129896189211904,0.23606160450515618
7.294888019561768,-0.7179299032999806,0.23139178918044803
7.30581259727478,-0.7231088354681925,0.22645368733224722
7.3177008628845215,-0.7278082473109826,0.22204999106349493
7.330074071884155,-0.7330720597337944,0.21720246932103773
7.341275453567505,-0.7375463002931846,0.21308207583994904
7.3528923988342285,-0.7427890401657007,0.20821177124010337
7.3640570640563965,-0.7475075060509652,0.20382849710024237
7.375869989395142,-0.753320770616597,0.19852138461867527
7.387679576873779,-0.7580392365018611,0.19413811047881444
7.399110794067383,-0.7630597831721798,0.1895546951538244
7.410590648651123,-0.7677972143527104,0.18519192558561298
7.421531677246094,-0.772572308456992,0.18087041094479114
7.433614253997803,-0.7780993115009445,0.17578051311521103
7.444982051849365,-0.7826267808017505,0.17171867944646624
7.455881595611572,-0.7889935729407921,0.16595665992537093
7.471639633178711,-0.7938059707213169,0.16167672533503166
7.483791828155518,-0.799153079366344,0.15692124245687727
7.495219945907593,-0.8040024187691145,0.15268320991189685
7.506624937057495,-0.8091211659164835,0.1482097311144173
7.518145561218262,-0.8137184131808726,0.1442270450092418
7.530654668807983,-0.818640538576587,0.14007376990585155
7.541619539260864,-0.8230476179458849,0.13642005783139335
7.553006172180176,-0.8280055822363452,0.1323096317476276
7.564441919326782,-0.8324126616056433,0.1286559196731692
7.575399160385132,-0.8368512662098355,0.12504057049805856
7.58857798576355,-0.8423995219650762,0.1205213840291699
7.599712133407593,-0.8463105933836094,0.1173917590341357
7.61102032661438,-0.850501027046324,0.1140385893965987
7.622117519378662,-0.8549862926456888,0.11048129365496007
7.634765863418579,-0.8595022442574303,0.10696303534568985
7.645714998245239,-0.8637359488934372,0.10366466818074956
7.657708644866943,-0.8676740184578627,0.10056908417184998
7.66911506652832,-0.8713555919333852,0.09772643905035193
7.681122779846191,-0.8753070495936587,0.0946479630297407
7.692088603973389,-0.8786940133024644,0.09200926929778826
7.703564643859863,-0.8826454709627377,0.08893079327717718
7.715087890625,-0.8860324346715435,0.08629209954522474
7.726004123687744,-0.8896767129710279,0.08340179675514298
7.739968776702881,-0.8933334918522804,0.08052732588973609
7.7513039112091064,-0.8961367828518839,0.07830401605121157
7.762663841247559,-0.8994774644601264,0.0756069668918222
7.773829698562622,-0.9022613658003285,0.07335942592566445
7.7858498096466064,-0.905602047408571,0.07066237676627508
7.797658205032349,-0.908107558614753,0.06863958989673297
7.809038400650024,-0.9109011810565623,0.0664041434717087
7.820185661315918,-0.9136753089341827,0.06414455023726427
7.833925724029541,-0.9164689313759922,0.06190910381223983
7.845209360122681,-0.9187038293294396,0.06012074667222035
7.857093095779419,-0.9214974517712491,0.057885300247195924
7.873154163360596,-0.9242910742130588,0.055649853822171316
7.885621070861816,-0.9268226903616184,0.05365983553073572
7.897727966308594,-0.9287984191917551,0.0521205975204301
7.909161567687988,-0.9310790906328474,0.050390994126479245
7.9205121994018555,-0.932789594213667,0.04909379158101589
7.931478261947632,-0.934798233382763,0.047597754565773115
7.943596601486206,-0.9368133417729242,0.04611044281684358
7.955070734024048,-0.9385460900958545,0.04484310695238763
7.965972900390625,-0.9402788384187847,0.043575771087931835
7.977765798568726,-0.9420115867417148,0.04230843522347605
7.9901697635650635,-0.9434646497155503,0.04126488610594379
8.00136113166809,-0.9449131732926244,0.040215045064026726
8.012909412384033,-0.9463571302283997,0.03915893184364676
8.02404499053955,-0.9480953585208887,0.03789912259334621
8.035926580429077,-0.9495438820979631,0.03684928155142881
8.047765254974365,-0.9506990476465832,0.036004390975125006
8.059074401855469,-0.9521430045823586,0.034948277754745044
8.07056474685669,-0.9532944950910222,0.034098385326785274
8.081518173217773,-0.954445985599686,0.03324849289882534
8.093767881393433,-0.9555900611245801,0.0323886448169045
8.10501742362976,-0.9564481177682511,0.031743758755463605
8.115955591201782,-0.9575884534887974,0.03087895705848809
8.127742052078247,-0.9587287892093439,0.030014155361512408
8.140458106994629,-0.9598691249298902,0.029149353664536897
