8.159124612808228,-0.9615796285107098,0.027852151119073538
8.170814514160156,-0.9624348803011197,0.027203549846341775
8.181880950927734,-0.963006918063567,0.02677362580538118
8.194658756256104,-0.9632910616806187,0.02655619104377685
8.205700635910034,-0.963572352363792,0.026335077900283985
8.217583656311035,-0.9638468018805093,0.026105528486346508
8.22902226448059,-0.9638468018805093,0.026105528486346508
8.24122166633606,-0.9638468018805091,0.02610552848634671
8.252754926681519,-0.9638468018805093,0.026105528486346497
8.269137144088745,-0.964078694318045,0.025833055793991543
8.280768632888794,-0.9644960524821575,0.025251786454089795
8.2929105758667,-0.9652586890150601,0.024040740191831916
8.303630590438843,-0.9659464351799926,0.022785649460742973
8.315061330795288,-0.9670144973159752,0.020520257367465357
8.325805902481079,-0.967819106954842,0.018529990985044167
8.337569236755371,-0.9687289197910646,0.01581609512749388
8.349716901779175,-0.9695922523660574,0.012713852392173507
8.36076021194458,-0.9703557532697338,0.009218339062686211
8.371633529663086,-0.9707957450740639,0.006390018477125829
8.382755756378174,-0.9712711786280388,0.0021229128173641818
8.394805431365967,-0.971486812391872,-0.0021651788159507248
8.405693769454956,-0.9714455984082543,-0.006100680481312237
8.417380094528198,-0.9712065872386235,-0.00967061335565702
8.428623676300049,-0.9706556010492068,-0.014649312630516342
8.439496994018555,-0.9700469771774773,-0.018175092551228497
8.451354503631592,-0.9689816997233369,-0.02306960133108709
8.483530759811401,-0.9649007744591425,-0.037532150872636276
8.505626440048218,-0.9620579710546645,-0.04331103322989769
8.517557382583618,-0.9596856087039347,-0.047311847074515676
8.529138088226318,-0.9570915716964151,-0.051172622455972525
8.547500610351562,-0.9512606759135088,-0.05887482554885054
8.574902057647705,-0.9421749693804249,-0.06850307129434101
8.595697164535522,-0.935043703074423,-0.07447663798792284
8.607617139816284,-0.930152544264678,-0.07809230342047382
8.619201898574829,-0.9251538911116648,-0.08155783911905808
8.630628108978271,-0.9200523501070357,-0.08487005143115016
8.653197288513184,-0.9081868081062177,-0.0922131055579321
8.687582015991211,-0.8931686973230325,-0.10054401144606753
8.701217889785767,-0.8881869351568261,-0.10336429622064092
8.712098121643066,-0.8838494616241306,-0.10586976136778989
8.723317861557007,-0.8795338827779078,-0.10841275398917982
8.737672090530396,-0.8740138491566132,-0.11173031955979877
8.750033617019653,-0.8697890789836922,-0.1144214808772241
8.76124119758606,-0.8662290900658384,-0.11682162809782817
8.772583723068237,-0.8624181197373146,-0.11948829637445282
8.783622026443481,-0.8589545008204829,-0.12202553341004449
8.798561573028564,-0.8541428892773544,-0.12574640231129897
8.809812545776367,-0.8502752219936228,-0.12892951117415075
8.821147441864014,-0.8470321887793729,-0.1317432210645058
8.832160234451294,-0.843040017745695,-0.1353301489056495
8.845238208770752,-0.8388656623056623,-0.13924763753366165
8.858181476593018,-0.8344666790934336,-0.1434482824509119
8.869496583938599,-0.8306995155183637,-0.14727084173735538
8.880758285522461,-0.8264488919316371,-0.15162155089176335
8.905476331710815,-0.8169897638958468,-0.1613877802789582
8.917513847351074,-0.8118093604542507,-0.16683004476589083
8.929089784622192,-0.8074300807446696,-0.1715522181766019
8.940458059310913,-0.8027644476601129,-0.1764964524783404
8.952176809310913,-0.7973870146039101,-0.18224473061427757
8.963739156723022,-0.7929063750080094,-0.18687083927136994
8.975156784057617,-0.7879278865681196,-0.19201096000147264
8.986129522323608,-0.7823542930437863,-0.19756924598076026
8.99811339378357,-0.7769882255820351,-0.20282853705079562
9.010512828826904,-0.7715541874963404,-0.2080175690073992
9.021646738052368,-0.7663575292920148,-0.2129370132619429
9.033189535140991,-0.7605481959323647,-0.21824842867767638
9.0447256565094,-0.7546930117496375,-0.22350925617802006
9.057570934295654,-0.7484771980889913,-0.22890220013453444
9.073028326034546,-0.7414771313451859,-0.23502898752696558
9.084657669067383,-0.7360115215847202,-0.23964778587853333
9.09584665298462,-0.7297260703601842,-0.24495940398283655
9.109045267105103,-0.7239245694345872,-0.24973406727711403
9.120523929595947,-0.7186569068004574,-0.2540311960025755
9.131536483764648,-0.7134079297725359,-0.25835112945930305
9.143123388290405,-0.7078239968602643,-0.26282615811813803
9.15544319152832,-0.7025192605936061,-0.26707743534403144
9.167460203170776,-0.6972330114300358,-0.271351678515734
9.179045915603638,-0.6916881033941096,-0.27587497191095667
9.190420627593994,-0.6869749315635723,-0.279719771296896
9.201427936553955,-0.6814893420974166,-0.28431482259965146
9.21380090713501,-0.6765166270183334,-0.28840739113760366
9.225106000900269,-0.671615652488904,-0.2925856038125947
9.236055612564087,-0.6667146779594739,-0.29676381648758626
9.247809648513794,-0.6621203809059529,-0.30074990549892283
9.260436296463013,-0.6573111534907298,-0.30503340222055625
9.271592378616333,-0.6528043656936979,-0.3091181708522919
9.283126831054688,-0.6480137604532845,-0.3134224842616642
9.294607400894165,-0.6432606695226614,-0.3177681877836282
9.30720043182373,-0.638021537268547,-0.32264237299656817
9.318859100341797,-0.6333063182398441,-0.3270291396882143
9.330177068710327,-0.6286293258559509,-0.33145663951730375
9.341402292251587,-0.6242486016433925,-0.33567632272766335
9.352835655212402,-0.619332090994431,-0.3403711611645902
9.36503291130066,-0.6141782978031857,-0.34533549435324873
9.376001358032227,-0.6087668149523779,-0.3505480442013402
9.387791156768799,-0.6044044321342874,-0.3547866863389493
9.39933180809021,-0.5995494187165119,-0.35954509254517225
9.411530494689941,-0.594417203636405,-0.3645317303541244
9.422907590866089,-0.5892849885562984,-0.3695183681630763
9.434072494506836,-0.5844093842301971,-0.3742556740815806
9.445408582687378,-0.5795543708124216,-0.3790140802878036
9.45865511894226,-0.5733440415716281,-0.3849444025239216
9.473551988601685,-0.5668749486124681,-0.3911218215198779
9.485061407089233,-0.561978845080785,-0.39583793804910344
9.496610641479492,-0.5567609007807444,-0.40073479883411833
9.509506702423096,-0.5512820592657014,-0.4058765026583842
9.520878791809082,-0.5460429270115869,-0.4107506878713244
9.531896591186523,-0.5410657513701781,-0.41538116382361756
9.54332423210144,-0.5361087042851392,-0.42003318156938185
9.554910659790039,-0.5306076154183195,-0.4251510760429687
9.567600727081299,-0.525084382666885,-0.43024506490602143
9.579158544540405,-0.5201072070254762,-0.4348755408583146
9.590600967407227,-0.5153730075242465,-0.43924181702664555
9.60155725479126,-0.5106768576542096,-0.44364899173315925
9.61375904083252,-0.5048906138193733,-0.4489855514944526
9.625051975250244,-0.5001944639493368,-0.4533927262009659
9.636107683181763,-0.49467123119790196,-0.4584867150640188
9.64816665649414,-0.49021796878190477,-0.46262977249501785
9.659485101699829,-0.4852609216968664,-0.46728179024078176
9.671479225158691,-0.4802837460554577,-0.4719122661930749
9.68283462524414,-0.475065801755417,-0.4768091269780898
9.694071054458618,-0.47036965188538027,-0.48121630168460333
9.70544147491455,-0.46597066867315134,-0.48541694660185375
9.718562841415405,-0.4597346788279607,-0.49132027970730613
9.73061752319336,-0.45505768644406774,-0.4957477795363954
9.741611242294312,-0.4506769622315091,-0.49996746274675524
9.75314474105835,-0.44576045158254757,-0.504662301183682
9.765406131744385,-0.440606658391302,-0.5096266343723408
9.7772376537323,-0.4354528652000566,-0.5145909675609993
9.78859806060791,-0.43055676166837376,-0.5193070840902246
9.799799680709839,-0.4259377680962774,-0.5237950581182818
9.811171531677246,-0.42135787538618324,-0.5283229268508756
9.823315858840942,-0.4162691057083004,-0.5333538921093137
9.835111141204834,-0.41118033603041787,-0.5383848573677514
9.846075773239136,-0.40609156635253535,-0.5434158226261891
9.858054161071777,-0.4015116736424408,-0.5479436913587834
9.874108076095581,-0.39520549685592943,-0.5542873341216693
9.885560274124146,-0.3901826120891698,-0.5593840798369271
9.897560596466064,-0.3850720716494063,-0.5643929284750563
9.9091317653656,-0.38055147535932254,-0.5689799996187883
9.921299457550049,-0.3754845721553832,-0.5740329868726861
9.935272455215454,-0.3694042883106559,-0.5800965715773636
9.947133779525757,-0.3643373851067166,-0.5851495588312614
9.958617687225342,-0.35927048190277727,-0.5902025460851592
9.970729112625122,-0.35420357869883756,-0.5952555333390573
9.981711149215698,-0.3498967109754891,-0.5995505725048705
9.993319988250732,-0.34485176954628,-0.6046254867151792
10.004890203475952,-0.3398068281170709,-0.6097004009254879
10.017537832260132,-0.3345096396164011,-0.6150290608463123
10.02902340888977,-0.3297378990879791,-0.6198709692758074
10.040473937988281,-0.325197451801691,-0.6244383920650852
10.051617860794067,-0.32069679153339214,-0.6290450252873996
10.063039541244507,-0.3156518501041826,-0.6341199394977087
10.075205087661743,-0.3106069086749733,-0.6391948537080177
10.086112022399902,-0.30556196724576423,-0.6442697679183264
10.098560094833374,-0.30051702581655515,-0.649344682128635
10.10984182357788,-0.29597657853026704,-0.6539121049179127
10.121720314025879,-0.2912258815803957,-0.6587746622081337
10.133219242095947,-0.2862029968136361,-0.6638714079233915
10.144779920578003,-0.2811801120468765,-0.6689681536386493
10.155779600143433,-0.27615722728011666,-0.6740648993539072
10.169007778167725,-0.27138548675169444,-0.6789068077834026
10.18047547340393,-0.26688482648339557,-0.683513441005717
10.191463708877563,-0.26242429183394855,-0.6881589380874787
10.202889919281006,-0.25767359488407726,-0.6930214953776997
10.21399188041687,-0.25319295528817654,-0.6976476040347921
10.226115942001343,-0.24776586596840938,-0.7033490239734832
10.238617897033691,-0.2427873775285198,-0.7084891447035857
10.249791145324707,-0.23830673793261886,-0.7131152533606783
10.261088132858276,-0.23411307800370784,-0.717520896040576
10.277342557907104,-0.2274222760295371,-0.7244891416632189
10.289140462875366,-0.22248855846611246,-0.7296722506983925
10.300640344619751,-0.21804821265902996,-0.7343370488300491
10.311619281768799,-0.2138929234792369,-0.7387789001169097
10.32383942604065,-0.20873617112262172,-0.7442435801346206
10.335120439529419,-0.20437741202616322,-0.7489847014824262
10.34605097770691,-0.1994888365205242,-0.7542104088787329
10.358482599258423,-0.19508911856544917,-0.7589135455354088
10.369576692581177,-0.19048820618585402,-0.7639180625136481
10.381638526916504,-0.18586563315907378,-0.7689025788916212
10.393026113510132,-0.18126472077947903,-0.7739070958698601
10.40454649925232,-0.1769265642778103,-0.7786670759814374
10.4156174659729,-0.17262985735917438,-0.7834645046834527
10.428674459457397,-0.1673276660793573,-0.789282258153158
10.439843654632568,-0.16303095916072138,-0.7940796868551734
10.451097965240479,-0.15877602508183594,-0.7989142032198082
10.462136268615723,-0.15428470577634612,-0.8040173038269223
10.474953174591064,-0.15005077835744896,-0.8088702278019181
10.486632823944092,-0.14562623189689833,-0.8140313297703572
10.498408794403076,-0.14191918191983555,-0.8183936389017571
10.509555578231812,-0.1380207914401647,-0.8230625812541857
10.520968675613403,-0.13391456235736193,-0.8280240220948206
10.533267498016357,-0.13003645711249232,-0.8327098273331984
10.544836044311523,-0.12595178374555635,-0.8376890296770505
10.555850267410278,-0.1220940366767839,-0.8423916096684659
10.56770944595337,-0.1187081693230006,-0.8465556681649683
10.580116748809814,-0.11515467037712518,-0.851043942413719
10.591503381729126,-0.11182326511536715,-0.8552516995219224
10.602853298187256,-0.10825033454727889,-0.8597245205161
10.61447787284851,-0.10534732846070746,-0.8633586875738691
10.626665830612183,-0.10179382951483201,-0.8678469618226198
10.63852334022522,-0.09890661162130812,-0.8714936846497299
10.649832487106323,-0.0958143611945526,-0.8754343723496926
10.661123037338257,-0.09291135510798114,-0.8790685394074615
10.678601741790771,-0.0881964679350757,-0.8849187241490069
10.689947843551636,-0.08571349854230155,-0.8879723670464416
10.701363325119019,-0.08301927730064174,-0.8913153297558954
10.712936878204346,-0.08029616172268425,-0.8946347979851305
10.724152088165283,-0.07734611984656398,-0.8982308885668012
10.737699270248413,-0.07483675762929555,-0.9012628801916337
10.749233484268188,-0.07256749464766468,-0.9040291037159957
10.760719299316406,-0.07007130536787014,-0.9070719495927946
10.771794557571411,-0.06803978495560012,-0.9095703846906961
10.7839994430542,-0.06579460058755035,-0.9123561869485741
10.795169115066528,-0.06354941621950023,-0.9151419892064527
10.80611538887024,-0.0615287502882555,-0.9176492112385429
10.818174839019775,-0.05929566868320012,-0.9204447243599042
10.844962120056152,-0.055540793164997014,-0.9252298451384303
10.868834495544434,-0.05202635760463514,-0.9297487723543083
10.893350839614868,-0.048985638304819855,-0.9337293575361801
10.918121337890625,-0.04555011976760486,-0.9383085684803041
10.950162172317505,-0.04194221950351114,-0.9432054579733037
10.969214916229248,-0.04025439400463052,-0.9455172181701899
10.980662107467651,-0.03941048125518986,-0.9466730982686334
10.99163556098938,-0.0385665685057492,-0.947828978367077
11.003123998641968,-0.03708972119422823,-0.949851768539353
11.02863097190857,-0.03496742692123215,-0.9527322917705289
11.043258905410767,-0.034108547286928276,-0.95387709450656
11.054826498031616,-0.03303494774404861,-0.9553080979265988
11.067525386810303,-0.0319551522286958,-0.956734431832687
11.083197593688965,-0.030869181050189744,-0.9581560693976421
11.09485912322998,-0.02999547991724419,-0.9592896009856156
11.105987787246704,-0.029121778784298107,-0.9604231325735897
