0.004588603973388672,0.0,0.0
0.026624441146850586,0.0,0.0
0.03872084617614746,0.0007155849933176752,0.0
0.04979276657104492,0.0021467549799530257,0.0
0.060971975326538086,0.005008987281157142,-2.4826931487794818e-05
0.07314085960388184,0.008228998620011774,-5.2757229411564e-05
0.08497047424316406,0.012879907403668404,-0.00011327192640479697
0.09754753112792969,0.01717325585547458,-0.00015051232363648913
0.10888981819152832,0.022181597118408194,-0.00023740331515987667
0.11999726295471191,0.0271905036455154,-0.0002808504452635177
0.13123869895935059,0.03255718921027312,-0.0003274009418031329
0.14324688911437988,0.03899739358430995,-0.00029947038121356
0.1547088623046875,0.045437113438603745,-0.00021568080076139122
0.16563820838928223,0.050802739147986976,-9.931222032538904e-05
0.1775374412536621,0.058313837952831696,9.618025340650107e-05
0.18995904922485352,0.06510876302610372,0.00030252501058630526
0.20114827156066895,0.07190042839555871,0.0005972561075922518
0.21265697479248047,0.07868768440701575,0.000980323654033768
0.22354769706726074,0.08475551923208806,0.001402048158811588
0.24176549911499023,0.0965305963132084,0.0022717649450448834
0.25331664085388184,0.10259454499554224,0.0027461038537505075
0.2648956775665283,0.10972073813697002,0.003396918402768451
0.2757866382598877,0.11719703228403847,0.004145148574530934
0.28761887550354004,0.12431415501243562,0.0048886217314629285
0.299893856048584,0.1303637093315732,0.005520573914855124
0.3111698627471924,0.13677196145763187,0.006161914062080109
0.3220705986022949,0.1435301013393244,0.0068975296204212425
0.33343005180358887,0.14922379952204212,0.007492308145966838
0.3456230163574219,0.15562920997759955,0.008161433987205632
0.3574793338775635,0.1627463327059967,0.008904907144137627
0.368924617767334,0.16915174316155412,0.009574032985376422
0.38005757331848145,0.17556271642858218,0.01018757537594927
0.3919718265533447,0.18197877018649913,0.010745488156854974
0.4032893180847168,0.18804271886883298,0.011219827065560599
0.4147758483886719,0.1948177103817953,0.011779358038326764
0.4256880283355713,0.20123836192779582,0.012281599235779777
0.43770384788513184,0.2076631282131665,0.012728131064368054
0.450045108795166,0.2140915258796272,0.013118919929895782
0.46115660667419434,0.22016576321702552,0.013435324404021055
0.47217774391174316,0.22695301922848257,0.01381839195046257
0.483532190322876,0.2323126404085399,0.014097572368808403
0.4957594871520996,0.24053250544374677,0.014490004254568973
0.5075838565826416,0.24660925866904856,0.014753711025574292
0.5189430713653564,0.25304461839241826,0.015005023035652246
0.5299499034881592,0.259479978115788,0.015256335045730202
0.5410797595977783,0.26555964791818926,0.015440959302154238
0.5532898902893066,0.27271119137371835,0.015689181923655798
0.5647792816162109,0.27986273482924745,0.015937404545157356
0.575676441192627,0.2870142782847765,0.016185627166658917
0.5874309539794922,0.2927355130491997,0.016384205263860162
0.5998139381408691,0.30024463367750526,0.016644839016436798
0.6110837459564209,0.30739718638621266,0.016862044023994487
0.621924638748169,0.31383254610958233,0.017113356034072442
0.6332471370697021,0.3216979857714786,0.017420515157501055
0.6498665809631348,0.33062858578655363,0.017924551402818838
0.6611554622650146,0.3374202511560086,0.018219282499824786
0.672149658203125,0.34456795988227545,0.018560527617877458
0.6834781169891357,0.35028612686328886,0.01883352371231959
0.694847583770752,0.3574338355895557,0.019174768830372262
0.7074477672576904,0.3645815443158225,0.019516013948424928
0.7188153266906738,0.37137186760577606,0.019840196810574966
0.7309739589691162,0.37851802917918587,0.020212437368369408
0.7418248653411865,0.3849495745952547,0.0205474538703844
0.754105806350708,0.39209869603678627,0.020857697130390665
0.7651402950286865,0.3988903614062412,0.02115242822739661
0.7759928703308105,0.40603807013250803,0.021493673345449278
0.7877223491668701,0.4121136225498348,0.021783731695794048
0.8000268936157227,0.41926274399136637,0.022093974955800302
0.8111438751220703,0.4256969532887448,0.02237319388980594
0.8278017044067383,0.43570572330688895,0.022807534453814705
0.839139461517334,0.44178453524408867,0.023018523682091032
0.8576130867004395,0.4539402147215647,0.023493224145571614
0.881563663482666,0.4668148095972381,0.023884193159175452
0.9052460193634033,0.48075808899787237,0.024428702514344352
0.9290637969970703,0.494703598736154,0.02491273662627239
0.9532837867736816,0.5086510765181335,0.025336286391009887
0.9777166843414307,0.5229579313845044,0.02570865300764207
0.9901738166809082,0.5293972272939904,0.025820369996743565
1.0012657642364502,0.5358372499716997,0.025876230592591105
1.0121021270751953,0.5426350516870595,0.025935194554874613
1.0408825874328613,0.5598089300178244,0.026009676049780144
1.0555999279022217,0.5680374609427553,0.02611674051369125
1.0675599575042725,0.5748352626581151,0.026175704475974764
1.0790259838104248,0.5816332561640429,0.02614622221757466
1.0910961627960205,0.5887891060972196,0.02614622221757466
1.1021044254302979,0.5952293710370787,0.02614622221757466
1.1135761737823486,0.602384951790089,0.026084154888855175
1.1250073909759521,0.6088249744677983,0.026028294293007636
1.1375830173492432,0.6163386168976338,0.026028294293007636
1.1488933563232422,0.6231366104035615,0.02599881203460753
1.1600451469421387,0.6299346678400795,0.02599881203460753
1.1712756156921387,0.6367326613460071,0.025969329776207428
1.1834423542022705,0.6438882420990175,0.02603139710492692
1.1948843002319336,0.6510438228520278,0.026093464433646407
1.2057366371154785,0.6581994036050381,0.026155531762365895
1.2175090312957764,0.6646394262827474,0.026211392358213435
1.229029893875122,0.6710796912226065,0.026211392358213435
1.2411494255065918,0.6778774929379663,0.02627035632049695
1.2525992393493652,0.685033275575785,0.026301390276707585
1.263516902923584,0.6907579016860399,0.026326217441676094
1.2748854160308838,0.6975558951919677,0.026355699700076198
1.2874600887298584,0.7054273301184623,0.026355699700076198
1.2988827228546143,0.711509573758521,0.02630294247066464
1.310014009475708,0.7175919890006669,0.0262765636078856
1.3211026191711426,0.724031284910153,0.026164846618784102
1.3318901062011719,0.7308283194812772,0.02604692313028808
1.3441581726074219,0.736551653571286,0.02592279664448968
1.355419635772705,0.7429889510091227,0.02572731213768776
1.367138385772705,0.7494262484469594,0.025531827630885833
1.3786780834197998,0.7558616081703291,0.025280515620807877
1.3906428813934326,0.7615797751513425,0.02500751952636575
1.4015460014343262,0.7676493818753248,0.024612114368991092
1.4129948616027832,0.7737206463380932,0.024243035995992684
1.424086093902588,0.7797865951374583,0.02379500007581189
1.435934066772461,0.786915543757366,0.02317509698591667
1.4517714977264404,0.7940496010306999,0.02261705121096888
1.4632377624511719,0.7993920787532232,0.02210576588549151
1.47493314743042,0.8050883028652754,0.021535685754624848
1.4875128269195557,0.8111405409843309,0.02092997561557903
1.498948335647583,0.8164733457693437,0.02032609315627854
1.5100786685943604,0.8214530277874329,0.019784060639606124
1.5212855339050293,0.8260770182328016,0.019280744731267445
1.5328254699707031,0.8317707164155193,0.01868596620572185
1.5449140071868896,0.8367527023253971,0.01816553499586946
1.5558829307556152,0.841739014866419,0.01768833535875724
1.5677180290222168,0.8463691622259393,0.017245221410010184
1.5790050029754639,0.8506413303099785,0.016817661311860195
1.591210126876831,0.8556296655089779,0.016362091127547638
1.6025805473327637,0.8599086075171646,0.016008703144747956
1.6135852336883545,0.8638309710246691,0.015684764160514904
1.6249523162841797,0.8681114053886695,0.015349936695546228
1.6358318328857422,0.872035136889003,0.015043011519324951
1.6490793228149414,0.8763169831003196,0.014726750869785565
1.6601359844207764,0.8795283677588069,0.014489555382631032
1.6712148189544678,0.8830953963954739,0.014210532495157134
1.682119369506836,0.8866624250321409,0.013931509607683234
1.6947858333587646,0.8902294536688078,0.013652486720209345
1.7128000259399414,0.8952197177027432,0.01321855455728269
1.7237792015075684,0.8984252043362573,0.012911783361996266
1.7357726097106934,0.9016293303992866,0.012591113288383778
1.7513480186462402,0.9051878917634851,0.012219376709917781
1.7627029418945312,0.9080320543154919,0.011897306064957522
1.7737915515899658,0.9101651762294971,0.011655753081237322
1.785038709640503,0.9130064382655716,0.011309025284622826
1.7976410388946533,0.9158477003016461,0.010962297488008328
1.8089814186096191,0.9179763111229795,0.010683778340991386
1.8200440406799316,0.920104921944313,0.010405259193974437
1.8313448429107666,0.9222310369168747,0.010108287701398775
1.8475325107574463,0.9254239531488749,0.009690508980873357
1.8591160774230957,0.927196772235021,0.009450718959332598
1.8706095218658447,0.9293253830563545,0.00917219981231565
1.8815021514892578,0.9310992254074657,0.008940100523134865
1.8938193321228027,0.9332290241108069,0.008670815493473859
1.905216932296753,0.9350038563635912,0.008446411302089686
1.9170255661010742,0.9367796451361378,0.008229706429205624
1.9280915260314941,0.9382010146500637,0.008062505246411234
1.9392201900482178,0.939977726542471,0.007853503767918248
1.9515132904052734,0.9417553281374753,0.0076522096148180785
1.9628663063049316,0.943178094428358,0.007497343181483099
1.9737818241119385,0.9449565522919613,0.007303760139814383
1.9849748611450195,0.9460231132489637,0.007182983647954298
1.997554063796997,0.9478015711125671,0.006989400606285567
2.0089943408966064,0.9492236523885704,0.006828365283805446
2.0200307369232178,0.9499346930265723,0.006747847622565369
2.0313305854797363,0.9513553240446094,0.0065744837242581325
