2.0504813194274902,0.953131112817156,0.00635777885137407
2.0616183280944824,0.9541960121688267,0.0062231363365435576
2.073194980621338,0.9549063276778452,0.006136454387389939
2.0847222805023193,0.9545511699233359,0.006179795361966748
2.097485065460205,0.9534840952051739,0.00629594518696798
2.1089093685150146,0.9524155996606691,0.006398202252063462
2.12007999420166,0.9509883175902303,0.006503622468576586
2.131340742111206,0.9492013904086636,0.006588933748089751
2.142603874206543,0.9466976908070487,0.006654097906000381
2.1549572944641113,0.9434775886200303,0.006668063186295167
2.1660006046295166,0.9409738890184155,0.006602899028384537
2.1777799129486084,0.9377588730129884,0.006421445980070129
2.189293146133423,0.9349072935650253,0.006173484744112043
2.201356887817383,0.9313520903750167,0.005770896437911705
2.2125959396362305,0.9278085654207474,0.005275943950285629
2.223592519760132,0.9242843419493623,0.0046583712903705415
2.2351272106170654,0.9211337298168093,0.003992866734334631
2.251707077026367,0.915907993982833,0.0027700969713770726
2.2632646560668945,0.9124586334885965,0.0018195922384392584
2.2749247550964355,0.9080200260001936,0.0004291325639643386
2.2858622074127197,0.9046397513885546,-0.0007435952887127617
2.2980055809020996,0.9009684346673161,-0.0021618003101619605
2.3105978965759277,0.897012168186967,-0.003829788113558623
2.32133412361145,0.8937654796255078,-0.005333304143212465
2.332082986831665,0.8908796562106123,-0.006762036568103471
2.3434572219848633,0.8877375746131272,-0.008473430824633112
2.3556394577026367,0.8846410843486359,-0.010265997450576764
2.367525100708008,0.8810220503949749,-0.012576153509820777
2.3789875507354736,0.8789713573505189,-0.014014004719099023
2.390153646469116,0.8764088988094948,-0.015964148136754817
2.401916027069092,0.8742164138085302,-0.017804256732226638
2.4132566452026367,0.8729077913917225,-0.019024049393649826
2.424835681915283,0.8721584126042364,-0.01979253535243799
2.4358270168304443,0.8712279639518732,-0.02087996941294968
2.447700023651123,0.8705809016561458,-0.021736386146459893
2.459864854812622,0.8707801601471473,-0.02143921359653442
2.4708352088928223,0.8714982346657705,-0.02020122469660441
2.481498956680298,0.8718190503713905,-0.01956158482473205
2.492678642272949,0.8725368200927167,-0.01792292885297308
2.504577875137329,0.8730246015913186,-0.0165774487378218
2.5152156352996826,0.8739631451762016,-0.013497125854880922
2.5258588790893555,0.874641791838031,-0.010716401339404574
2.5374817848205566,0.8751504563835272,-0.007899621173552232
2.5487020015716553,0.8756474496051734,-0.003995409385220816
2.5605721473693848,0.8758232151078099,-0.0014970370049127673
2.5713083744049072,0.8759199423392681,0.002795383246939062
2.5819220542907715,0.8757970092447303,0.006013168289194222
2.593065023422241,0.8753979936095132,0.010647324206435133
2.6049680709838867,0.87478921119039,0.014897454997596572
2.615727424621582,0.8739236568498852,0.019102813895413316
2.6273231506347656,0.8729307773619783,0.022911233813568698
2.638150930404663,0.8718640826407723,0.026326451147544325
2.652797222137451,0.8696268502269804,0.03236564013467307
2.664830446243286,0.8675257749176801,0.03691278372104234
2.675955057144165,0.8653221636095303,0.04100896630303764
2.687814712524414,0.8632652244651973,0.04436439076307544
2.6991329193115234,0.8602453003531417,0.04880100425279167
2.711214542388916,0.8569801733760626,0.05306039701740697
2.722172975540161,0.8534802194463985,0.057129033569120045
2.7349307537078857,0.84929822461721,0.06154575070642142
2.74585223197937,0.8446522557370985,0.0660057939417064
2.7589375972747803,0.8395878235018635,0.07054067112250306
2.770047187805176,0.8351772678043973,0.07419018601216737
2.781249761581421,0.829865344104798,0.07843247920333564
2.7927329540252686,0.8247133229957297,0.08229689261125317
2.803617477416992,0.8194950424750342,0.08607135428186356
2.815822124481201,0.8139525075290759,0.09000758233458446
2.827664613723755,0.8092423793369051,0.09326129604412488
2.8390772342681885,0.8042378681327237,0.09671836686051155
2.8505568504333496,0.8001041976699669,0.09954746579051454
2.8620803356170654,0.7951147263793822,0.10302620798601
2.873443841934204,0.7910433702187147,0.1059442709160043
2.884826898574829,0.7866812029037139,0.10907076691242669
2.895819902420044,0.7823600813445524,0.11225375126216162
2.9089646339416504,0.7783923973460207,0.1153112855527636
2.9201033115386963,0.7744783483042108,0.11843718579888748
2.931321859359741,0.7709206259734874,0.1214333877880596
2.942802667617798,0.7671315369355859,0.12470964121434804
2.9537510871887207,0.7633998500254128,0.12805112966335605
2.9657928943634033,0.7592358687258567,0.13197964340614493
2.9776880741119385,0.7556525615195351,0.13547977793435034
2.9889943599700928,0.7521615350616719,0.13907195923836463
3.00011944770813,0.7482075489841853,0.14321176051250495
3.0120387077331543,0.7445685682209895,0.14715654186320096
3.023399829864502,0.7405029047708448,0.15168057233750673
3.03493070602417,0.7364568996653029,0.15622219250086467
3.0510873794555664,0.730535913398095,0.16292678725292747
3.0634636878967285,0.7258224304689205,0.16831095542847013
3.0750255584716797,0.7211089475397461,0.17369512360401274
3.0858490467071533,0.7161597904641127,0.17934850018833268
3.09773850440979,0.7116598409010347,0.1844439921999003
3.109086036682129,0.707182032118319,0.18955895196666578
3.121232748031616,0.7019205853004845,0.19541357963929687
3.132122278213501,0.6968500113213011,0.2009583160699176
3.143402338027954,0.6924832344054662,0.20569205369075275
3.1549460887908936,0.6870960804366975,0.21143122261306327
3.167574644088745,0.6814122254503102,0.2173821869446401
3.178934335708618,0.6764473471339093,0.22253545499214894
3.1900370121002197,0.6713938239437732,0.22760182367523
3.201324224472046,0.6660876245941304,0.232921510792465
3.213571310043335,0.6604567132699108,0.23842172219393062
3.2250874042510986,0.6553377029751658,0.24342191437708116
3.2359578609466553,0.6496122286882763,0.2488236207734158
3.2477095127105713,0.6449277497262758,0.25324319873405327
3.2591116428375244,0.6397227731018307,0.25815384091253935
3.2714409828186035,0.6344753990866249,0.2630191522294738
3.2826988697052,0.6292280250714192,0.2678844635464081
3.2936065196990967,0.6245053884577341,0.27226324373164895
3.304922103881836,0.6198209094957335,0.2766828216922865
3.31746244430542,0.6145735354805278,0.2815481330092208
3.328944444656372,0.6095885301660824,0.2861701787603085
3.3399834632873535,0.6048849281444191,0.29056939920458963
3.351165533065796,0.6004788418941785,0.29476259309203784
3.3620567321777344,0.5957943629321779,0.2991821710526754
3.374610185623169,0.5911483940520663,0.3036422142879604
3.385552406311035,0.5862853342720585,0.30839239686195336
3.3975284099578857,0.5814017193241785,0.3131214443295772
3.408872365951538,0.5770875886743209,0.3174091882303074
3.421132802963257,0.5722867416436918,0.32222223847923426
3.432063102722168,0.568009963662078,0.3265472403426183
3.44875431060791,0.5613073779349366,0.33350415220675556
3.4600956439971924,0.5568189153462553,0.33812267102620247
3.472148895263672,0.5518764327493969,0.34329742261887786
3.483428716659546,0.5476753225420673,0.34769596147265197
3.4948484897613525,0.5430013283212095,0.35263229239081234
3.505793809890747,0.5383487862572729,0.3575888473691715
3.5188710689544678,0.5334740468891308,0.36282746401470223
3.5300064086914062,0.5290867814578029,0.3675422189956799
3.541105031967163,0.5247405751899313,0.3722948502219262
3.5520849227905273,0.5201095727901963,0.3772715360351804
3.563408613204956,0.5157427958743614,0.3820052736560155
3.5756239891052246,0.5108908215234338,0.38726498212361005
3.5874905586242676,0.505503667554665,0.3930041510459206
3.599026679992676,0.5008942919212838,0.3980008740901354
3.6101315021514893,0.49646629739626064,0.40267739811786624
3.6220552921295166,0.4913478210597115,0.40817794559567344
3.633531332015991,0.4866952789957748,0.4131345005740326
3.6449544429779053,0.48152928538324796,0.41859044527305184
3.6558291912078857,0.47658680278638943,0.4237651968657274
3.6676297187805176,0.47164432018953106,0.4289399484584028
3.679954767227173,0.4669489617225156,0.4338559624714444
3.691197395324707,0.46252096719749247,0.4385324864991753
3.7020812034606934,0.45780433279691163,0.44342809114430876
3.715891122817993,0.45162622955083853,0.44989653063515317
3.729992389678955,0.4461648634027975,0.455565125487413
3.7411603927612305,0.4417368688777744,0.46024164951514385
3.752591848373413,0.43677199056137345,0.46539491756265283
3.7635042667388916,0.4328000879082526,0.46951753200066004
3.775688886642456,0.42709047784439147,0.4754437902552954
3.787482500076294,0.42313649176690477,0.4795835915294357
3.7988383769989014,0.41819400917004634,0.48475834312211113
3.8100547790527344,0.4137457748328737,0.4894156195555191
3.8212199211120605,0.40884836213399306,0.4946330458485287
3.8333280086517334,0.40444069070500044,0.49932872951223733
3.8492414951324463,0.3980154633290845,0.5060559065827155
3.8607125282287598,0.3936077919000919,0.5107515902464241
3.871805429458618,0.38851321883161793,0.5162742841373984
3.884117603302002,0.38412595340029004,0.520989039118376
3.89518141746521,0.37977974713241847,0.5257416703446224
3.906032085418701,0.3751487447326835,0.5307183561578765
3.9178049564361572,0.3707819678168487,0.5354520937787116
3.9305028915405273,0.365975796845359,0.5407536887141019
3.941431760787964,0.3614099344224438,0.5457902039027227
3.9527876377105713,0.3570637281545722,0.5505428351289691
3.9636123180389404,0.35271752188670064,0.5552954663552154
3.9756920337677,0.3474560750688662,0.5611500940278465
3.9876866340637207,0.3431512549451837,0.5659402439418172
3.9991774559020996,0.33884643482150095,0.5707303938557882
4.010490894317627,0.3343024580242804,0.575786663209424
4.0214643478393555,0.3300184526184126,0.5805954375000382
4.033580303192139,0.3249719730983484,0.5861621121821979
4.044950723648071,0.32047202353527043,0.5912576041937656
4.0559468269348145,0.3159061611123551,0.5962941193823865
4.067732572555542,0.3113621843151346,0.6013503887360223
4.080057382583618,0.30684017860894064,0.6064263171538932
4.091166973114014,0.30234022904586266,0.6115218091654608
4.102048397064209,0.29781822333966895,0.6165977375833314
4.1135454177856445,0.2935551132272791,0.6214250458048167
4.124961614608765,0.2885328230829828,0.6270135540377826
4.137590408325195,0.283726652111493,0.632315148973173
4.148905277252197,0.27948451747523606,0.6371609003311612
4.160082578659058,0.27496251176904224,0.6422368287490319
4.171286582946777,0.27093624110734077,0.6467959531804347
4.183259963989258,0.266176235100821,0.6521390357255615
4.194706916809082,0.26141622909430107,0.6574821182706886
4.205577611923218,0.25760822428908525,0.6617565843067902
4.217417240142822,0.25261021798223937,0.6673668209791735
4.229704856872559,0.24763658951778478,0.6729986805709062
4.241072416305542,0.24315878073506894,0.6781136403376717
4.255864858627319,0.23723779446786109,0.6848182350897345
4.267775774002075,0.23299565983160403,0.689663986447723
4.2805256843566895,0.22832905459205183,0.6950888351833405
4.291551828384399,0.224129109876455,0.6999711990453962
4.30284857749939,0.2196513010937393,0.7050861588121616
4.313781261444092,0.21543022172175239,0.709950262165398
4.3250181674957275,0.21125149065715437,0.7148507947063921
4.337625503540039,0.2063268980565031,0.7205255819518345
4.349069356918335,0.20193849041529463,0.7257174470584008
4.360138177871704,0.1977597593506967,0.7306179795993948
4.371412038803101,0.1936236909744581,0.7355545726434544
4.383427143096924,0.18921280818404906,0.7407273569922815
4.394862413406372,0.18459343171961917,0.7461924781570881
4.405754566192627,0.1802050240784109,0.7513843432636542
4.417680740356445,0.17606895570217224,0.7563209363077139
4.428983211517334,0.1717484670457863,0.7615694563543783
4.441060304641724,0.16740525689663782,0.7667991896659849
4.451889514923096,0.16353955651987143,0.7714952339182637
4.46320366859436,0.15951149916028254,0.7765203474894617
4.474759340286255,0.15521381325851738,0.7817875555544587
4.487363576889038,0.15093901094434614,0.7870733525695691
4.498834133148193,0.14691095358475706,0.7920984661407674
4.509996652603149,0.14292663381776016,0.7971583286379006
4.5212109088897705,0.13942416055580847,0.8016865337502653
4.5334792137146,0.13548387813611276,0.8067807645016757
4.544963598251343,0.1313714879147409,0.8121938811249682
4.555880069732666,0.1272826123241391,0.8176247817238352
4.567680597305298,0.12407317754445578,0.821926294166531
4.579060077667236,0.1207097649497189,0.8265587250842995
4.591410398483276,0.11713613906781094,0.8314806829344287
4.602681398391724,0.11379284833164435,0.8361276569545621
4.613568305969238,0.11044955759547768,0.8407746309746957
4.624948263168335,0.10735312751553241,0.8451581913609251
4.637640714645386,0.10403002152017919,0.8498196210808692
4.65327525138855,0.10013199412341212,0.8553890884992361
4.6648499965667725,0.09682913537147063,0.8600648862445471
4.675859212875366,0.09393913396352174,0.8641562092716945
4.689011335372925,0.09101375456937605,0.8682223115393112
4.7001259326934814,0.08808837517523027,0.872288413806928
4.711411952972412,0.08578986279411564,0.8754832084457699
4.722674131393433,0.08263666348654967,0.879826112431178
4.734814405441284,0.08009906009209779,0.8832894629459656
4.747347354888916,0.07756145669764607,0.8867528134607529
4.758906364440918,0.0748123863536565,0.8905047765184394
4.770188093185425,0.07268522000834939,0.8933817037691583
4.781375169754028,0.07034533702851153,0.896546323744949
4.793490648269653,0.06799175152341037,0.8997007662029259
4.804856061935425,0.06586458517810326,0.9025776934536448
4.815751552581787,0.06352470219826539,0.9057423134294356
4.827570915222168,0.061621499652426484,0.9083398263155262
4.839946269989014,0.05951936678071587,0.9112350956391316
4.851141929626465,0.057650119658329606,0.9138571498566003
4.862535238265991,0.05576951861923596,0.9164710727429253
4.8735175132751465,0.05452335387097845,0.9182191088879044
4.884939193725586,0.05267691984093098,0.9208572776650255
4.897618055343628,0.05084194455743465,0.9235034293675654
4.908959627151489,0.04942368076111914,0.9255677175903343
4.920028209686279,0.04801438284216001,0.9276381372188683
4.931158781051636,0.04681412095515398,0.9294180047270147
4.943248748779297,0.04541381542031393,0.9314945168198517
4.954823732376099,0.04402252860722236,0.9335770823209394
4.965814828872681,0.04283774981578646,0.9353672935261654
4.977646589279175,0.04165297102435057,0.9371575047313915
4.988921642303467,0.04046819223291475,0.9389477159366174
5.001030683517456,0.03928341344147877,0.9407379271418436
5.012103080749512,0.03829609778194888,0.9422297698128652
5.023559331893921,0.03750107674589654,0.9434198072420582
5.0350565910339355,0.036308545191818066,0.9452048633858476
5.04765510559082,0.03491725837872657,0.9472874288869352
5.0628745555877686,0.03391704013955496,0.9487706518103903
5.074486970901489,0.03311172704300686,0.9499537487409813
5.085533857345581,0.03230641394645868,0.9511368456715723
5.098500728607178,0.0315011008499105,0.9523199426021633
5.109365224838257,0.030494459479225418,0.953798813765402
5.120695114135742,0.029886632137947202,0.9546835087180174
5.131710767745972,0.02908131904139894,0.9558666056486086
5.143804311752319,0.028276005944851006,0.9570497025791993
5.1550819873809814,0.027470692848302745,0.9582327995097905
