14.25806212425232,-0.03404722350269678,-0.36418269310141427
14.272993087768555,-0.03391641955211524,-0.36431962611683805
14.284068584442139,-0.03365546887689816,-0.3645941184517163
14.295890092849731,-0.03339320525296779,-0.36486735660492026
14.307373285293579,-0.0331296347081023,-0.36513933429643686
14.319661378860474,-0.03259989189213265,-0.36568075625400986
14.330819845199585,-0.03206498220948958,-0.36621707408760096
14.34178876876831,-0.03138994799340158,-0.3668810295922334
14.353700876235962,-0.03057041607098021,-0.3676680105954109
14.367462396621704,-0.029462728810668963,-0.3687014948392185
14.37852168083191,-0.028476340416058087,-0.3695870420264524
14.39149522781372,-0.02733221716147791,-0.3705800388679289
14.403741598129272,-0.026023893959679027,-0.37167227357709337
14.417582750320435,-0.024396406858719445,-0.3729724216319363
14.428529262542725,-0.023188261876953435,-0.3738864492310202
14.44000792503357,-0.021656449814583534,-0.3749998153997455
14.451122283935547,-0.01994258649082808,-0.37618377981466156
14.46227240562439,-0.01851528270569077,-0.3771151713355595
14.474249601364136,-0.01626429495329971,-0.37851577037952266
14.485515356063843,-0.014787835878813563,-0.3793670957354451
14.497417688369751,-0.012629142220578699,-0.3805504961240874
14.508487939834595,-0.010941052513134717,-0.3814086252284217
14.521193504333496,-0.0085496107317731,-0.38255301578663303
14.532351016998291,-0.0068149731641203816,-0.3833126636846567
14.543651103973389,-0.004712157057855295,-0.384174087568788
14.55491828918457,-0.0024082087873801834,-0.3850413921040679
14.567151546478271,-7.835661584165753e-05,-0.3858364918768751
14.579350471496582,0.002275137210102408,-0.38655861485891274
14.590341091156006,0.004284625906911411,-0.38710729910845637
14.601463794708252,0.006491814338195929,-0.38764785984854605
14.612999677658081,0.008528484816120077,-0.38808497835954187
14.62536883354187,0.011320512543934116,-0.3886076198354159
14.641004085540771,0.01469132592718882,-0.3891139420414711
14.652541160583496,0.016762696684515896,-0.38933422007939866
14.663893938064575,0.01921669284509974,-0.3895299178918047
14.677019119262695,0.021675594932342165,-0.3896490619864848
14.688024520874023,0.024137015394320463,-0.38969153667655826
14.699394226074219,0.026787914144543637,-0.3896546671846934
14.710225343704224,0.028868618436558753,-0.38955582955273294
14.72243356704712,0.031323698218382455,-0.3893742309436447
14.733753681182861,0.03396025341670737,-0.38909638165076993
14.745116472244263,0.03658600153444726,-0.3887302254470118
14.756999492645264,0.03845170452959679,-0.3884059034558148
14.767815351486206,0.04105205548999319,-0.387889378116526
14.780064344406128,0.043633611546147165,-0.3872858949996952
14.791197776794434,0.04601061889914647,-0.3866454023504559
14.80283236503601,0.048004070735074844,-0.3860410440079674
14.814096450805664,0.0508794528235662,-0.38508583678406305
14.82730484008789,0.05336151407363776,-0.3841541740262701
14.838470458984375,0.05546100321444807,-0.38328467300123253
14.849981546401978,0.058058560058997837,-0.3821352073059974
14.861733675003052,0.06079599859327755,-0.3808364874491947
14.873830795288086,0.06383971300714542,-0.3793020339282672
14.885095357894897,0.06652534079342312,-0.37789930573328856
14.89705228805542,0.0688573699050961,-0.3766382491264406
14.908050060272217,0.07118332656849871,-0.3753660269982971
14.91963505744934,0.0736688595215005,-0.37399100013138464
14.93178391456604,0.07598560732082883,-0.37270208462691073
14.943174600601196,0.07830850770420122,-0.3714242906872269
14.958295106887817,0.08113657862115041,-0.36988622417931893
14.969858169555664,0.08314061973090406,-0.36881491380629944
14.982242345809937,0.085490544043897,-0.3675875266356931
14.993547677993774,0.08717739020561294,-0.36672695563525937
15.004355192184448,0.08921141405957893,-0.3657137263194489
15.016900300979614,0.0912597997084823,-0.3647298549262831
15.02907657623291,0.09332212344422067,-0.3637755449693345
15.044250726699829,0.09608990375273042,-0.3625428101400863
15.056869268417358,0.0980086540612848,-0.3617319485725405
15.068150043487549,0.10029202769878914,-0.36081184008899414
15.081031322479248,0.10293922444336567,-0.3597818292440554
15.09283709526062,0.10523982165627067,-0.3589056744324413
15.104221105575562,0.10825645632506677,-0.3577815974915412
15.116397619247437,0.11074295554907508,-0.35686184472456
15.128477573394775,0.11376759560868793,-0.3557594898797713
15.140056371688843,0.11625629239516876,-0.3548457000525552
15.15139126777649,0.11927292706396399,-0.35372162311165545
15.163431167602539,0.1222814003423787,-0.3525758822041599
15.17491340637207,0.12528155665289883,-0.351408536579896
15.187808275222778,0.128449222271356,-0.3501497119015869
15.199500799179077,0.13160467252251798,-0.34886057313732866
15.210896015167236,0.13509683340068648,-0.3473946460991281
15.222789525985718,0.13805308654273968,-0.3461202046316042
15.235182285308838,0.14170114444611884,-0.34453714540777186
15.247381925582886,0.1448115640354212,-0.34314285884484524
15.258939743041992,0.1477428357630552,-0.34181196450162504
15.270097017288208,0.15101538801498093,-0.34031664554069446
15.282783508300781,0.15411229604394266,-0.3388926000002611
15.29400897026062,0.15720920407290384,-0.33746855445982804
15.30600357055664,0.16012758028715338,-0.3361096159159098
15.317767143249512,0.16271117417025252,-0.33492910094675415
15.329334259033203,0.1658148736465709,-0.33351991870099157
15.341748714447021,0.16840688997098952,-0.3323580132318861
15.353446006774902,0.171174670279499,-0.331125278402638
15.36601996421814,0.1742950359489103,-0.3297533953426679
15.377724647521973,0.17690618262514146,-0.32863514403799765
15.390053987503052,0.17986851161197048,-0.3273748898303735
15.401652574539185,0.18266504342477355,-0.32620884831507563
15.413573265075684,0.1856422638493358,-0.32498418826526204
15.425007581710815,0.1887977141004981,-0.3236950495010037
15.44242238998413,0.19301317312358246,-0.32199638768522604
15.454084396362305,0.1967087830117822,-0.3205277588938655
15.46694827079773,0.19969760876684375,-0.3193317010775703
15.478262424468994,0.20304125580854798,-0.3180029416949109
15.49079179763794,0.2067333346824483,-0.31652545851007535
15.50219988822937,0.21006408772534155,-0.3151647009255805
15.513705492019653,0.2132226190589187,-0.3138831296806297
15.525394678115845,0.21689306706322217,-0.31235270019180145
15.538277864456177,0.22074213048804048,-0.3107586149792328
15.549818992614746,0.22388507527839213,-0.3094392806448524
15.561383247375488,0.22737016820407374,-0.3079566286358826
15.573201417922974,0.23084811307707725,-0.30645728573291336
15.585957527160645,0.2346659016499429,-0.3047896864626739
15.597663879394531,0.237796052035646,-0.3034402778500016
15.609179019927979,0.24126676892006982,-0.30192427851342
15.620310544967651,0.24421687827182922,-0.3006356790773261
15.63181447982788,0.24717006800313657,-0.29935415494374734
15.644325494766235,0.2509878565760022,-0.2976865556735079
15.656802892684937,0.2539379659277622,-0.29639795623741366
15.66802716255188,0.25689726549415726,-0.2951306047587875
15.6795973777771,0.2602013131235103,-0.2937062290009668
15.692096710205078,0.2635087655800704,-0.29228977734838424
15.703778982162476,0.2662968399206151,-0.29110365574120867
15.715279579162598,0.2696076782000126,-0.2896951363326874
15.727393865585327,0.2729218832784251,-0.2882945572614717
15.739690780639648,0.27589022002486857,-0.28704851927900116
15.751126289367676,0.2790363183142709,-0.2857367225742915
15.76293396949768,0.2820076333653739,-0.2844978034642876
15.774157762527466,0.2853383864082674,-0.28313704587979266
15.786013841629028,0.28866586805924915,-0.28176830817705967
15.798928022384644,0.29181510177046455,-0.2804640566395033
15.810088157653809,0.2947952492298953,-0.27924653669548166
15.821819305419922,0.2979476002676674,-0.2779498378192083
15.833448648452759,0.30127508191864916,-0.2765811001164753
15.850515604019165,0.306173889913873,-0.27455226439138775
15.86228609085083,0.3093231236250884,-0.27324801285383143
15.87391448020935,0.3124785738762504,-0.2719588740895732
15.88595724105835,0.31650259472946984,-0.2702923304582513
15.89842700958252,0.31964869301887344,-0.26898053375354114
15.90998911857605,0.3226200080699756,-0.26774161464353763
15.924082040786743,0.32733442525550294,-0.26576261314196703
15.935977458953857,0.3302997666414515,-0.26450946344666854
15.94854187965393,0.33431575165134503,-0.26282364735273805
15.964250564575195,0.3384935863333148,-0.2610344452652657
15.97644591331482,0.34163335956549473,-0.25970758088200885
15.987698078155518,0.3447794578548979,-0.25839578417729886
16.01163363456726,0.352105595396652,-0.25529976728303255
16.03701901435852,0.358011974859267,-0.25273671901587497
16.06286096572876,0.3651923300008592,-0.24978312713103
16.08686590194702,0.3716785332949141,-0.24713323078227706
16.11240530014038,0.37887296577695023,-0.24421409627988944
16.128384351730347,0.38326406892599707,-0.24244465688845415
16.140220880508423,0.3867735481855267,-0.241020688838509
16.15175175666809,0.3899320795191042,-0.23973911759355804
16.17244791984558,0.39676217343427694,-0.23692960336163252
16.19142508506775,0.40112737453198793,-0.23509719456388173
16.20361304283142,0.40461601145663273,-0.23362290080470727
16.21535849571228,0.4082790802275098,-0.23207489235757411
16.228176593780518,0.4115966330617696,-0.23068226167128372
16.244227170944214,0.41630629291004023,-0.22869196509639816
16.25654172897339,0.41926862189686925,-0.22743171088877398
16.268040657043457,0.42223396328281726,-0.22617856119347576
16.280463218688965,0.4257190562084986,-0.2246959091845061
16.292072534561157,0.42886200099885025,-0.22337657485012566
16.30375647544861,0.4318303377452937,-0.22213053686765513
16.315329790115356,0.4354934065161708,-0.22058252842052198
16.328290224075317,0.43846768279898535,-0.21935073530171875
16.339962482452393,0.4414449032235473,-0.21812607525190528
16.35137128829956,0.4445941369347624,-0.21682182371434905
16.364034414291382,0.44809328550277955,-0.21537265533928643
16.377359867095947,0.4515924340707964,-0.21392348696422392
16.38846468925476,0.45456671035361124,-0.2126916938454206
16.400076389312744,0.4575497677242116,-0.21148132100296718
16.41159963607788,0.46070521797537384,-0.21019218223870884
16.423561334609985,0.46421127380999805,-0.20875980583397757
16.43645143508911,0.46771042237801463,-0.20731063745891518
16.44793701171875,0.47069637251936647,-0.20610741867273918
16.45954203605652,0.47385490385294365,-0.20482584742778834
16.47106695175171,0.4771889091494968,-0.20347307778034046
16.483659982681274,0.48069496498412156,-0.20204070137560895
16.495052099227905,0.4840257180270151,-0.200679943791114
16.507259130477905,0.4873597233235688,-0.1993271741436659
16.518372297286987,0.4905151735747305,-0.19803803537940778
16.530988454818726,0.4940280560939674,-0.1966224838662598
16.54278564453125,0.4973588091368609,-0.19526172628176489
16.553998470306396,0.5006928144334143,-0.19390895663431693
16.565510988235474,0.5040170055730303,-0.19253224667800758
16.57840871810913,0.5075196178372219,-0.19109147014881486
16.59005045890808,0.5104968382617844,-0.18986681009900117
16.601714611053467,0.5138210294014006,-0.18849010014269169
16.613436460494995,0.5171419109291042,-0.18710542584327544
16.624469995498657,0.5206340718072722,-0.18563949880507516
16.637773275375366,0.5237770165976235,-0.18432016447069483
16.65325903892517,0.5283168257392424,-0.18241445932103426
16.6645405292511,0.5312851624856856,-0.18116842133856384
16.677164793014526,0.5344312607750885,-0.17985662463385396
16.689536809921265,0.5377521423027916,-0.17847195033443797
16.700957775115967,0.5407264185856058,-0.17724015721563488
16.712345123291016,0.5437036390101686,-0.17601549716582107
16.72399878501892,0.5468590892613309,-0.17472635840156273
16.737417697906494,0.5501832804009471,-0.17334964844525325
16.748934268951416,0.5531663377715472,-0.1721392756027999
16.760071516036987,0.5559766437869369,-0.17100683439228143
16.77145791053772,0.5594895263061735,-0.16959128287913353
16.784217596054077,0.563002408825411,-0.1681757313659853
16.79602336883545,0.5661640030927244,-0.166901735004152
16.807689905166626,0.5691556872879334,-0.1657128450301936
16.819246292114258,0.5723203263227045,-0.1644464308717634
16.830322742462158,0.5756607786371857,-0.16310966037119795
16.843397855758667,0.5791736611564229,-0.16169410885804986
16.85453701019287,0.5825108995496976,-0.1603493349205594
16.867253303527832,0.5858449048462516,-0.15899656527311118
16.87837266921997,0.5890003550974139,-0.15770742650885283
16.890870809555054,0.5925132376166505,-0.15629187499570493
16.90246033668518,0.5956686878678131,-0.15500273623144645
16.91398024559021,0.598830282135126,-0.15372873986961338
16.925486087799072,0.6023363379697505,-0.15229636346488198
16.938374519348145,0.6058492204889877,-0.15088081195173386
16.94993782043457,0.6088351706303387,-0.1496775931655582
16.96150517463684,0.6121691759268924,-0.14832482351811013
16.973376512527466,0.615324626178055,-0.14703568475385168
16.985907554626465,0.6191812875961417,-0.14546007070864722
16.997782230377197,0.6221672377374935,-0.14425685192247123
17.009427309036255,0.6254947193884747,-0.1428881142197385
17.02096724510193,0.6286501696396367,-0.14159897545548028
17.032387018203735,0.6321562254742621,-0.14016659905074857
17.049304246902466,0.6365387952675425,-0.1383761285448344
17.060502290725708,0.6398728005640957,-0.1370233588973865
17.072221517562866,0.642852948023527,-0.13580583895336465
17.083900928497314,0.6460175870582987,-0.1345394247949342
17.097156524658203,0.6495201993224897,-0.1330986482657417
17.108290672302246,0.6525032566930904,-0.13188827542328813
17.119944095611572,0.6554949408882994,-0.13069938544932974
17.131311893463135,0.6584837666433613,-0.12950332763303446
17.14388942718506,0.6619966491625987,-0.12808777611988623
17.155453205108643,0.6651582434299116,-0.12681377975805316
17.167580366134644,0.6683259090483685,-0.12555495507974415
17.179165363311768,0.6716631474416436,-0.12421018114225357
17.191362619400024,0.674827786476415,-0.12294376698382325
17.203346490859985,0.6781682387908965,-0.12160699648325768
17.21438479423523,0.681505477184171,-0.12026222254576732
17.226885318756104,0.6843184896595236,-0.11913652107160698
17.239304304122925,0.687841460771722,-0.1177462677770763
17.250826120376587,0.6911819130862029,-0.11640949727651095
17.262327909469604,0.6941735972814121,-0.11522060730255246
17.27387571334839,0.6971681227267805,-0.1140388920022015
17.28537678718567,0.7008566493719799,-0.11255256291339588
17.29828119277954,0.7042034719285678,-0.11123182228359196
17.30979037284851,0.7070191747005291,-0.11011286701398408
17.3212947845459,0.7103564130938042,-0.1087680930764935
17.33316397666931,0.7136968654082857,-0.10743132257592793
17.345448970794678,0.7170405124499893,-0.10610256319326873
17.358243465423584,0.7203873350065778,-0.10478182256346459
17.369781732559204,0.7233846844957927,-0.1036072887267663
17.381412506103516,0.726731507052381,-0.10228654809696226
17.39397668838501,0.7300814858932676,-0.1009738338088879
17.405458450317383,0.7332521598942462,-0.09972260584381032
17.417603254318237,0.7362578781153453,-0.09856965672550844
17.42932367324829,0.7394374678845718,-0.09734126186207742
17.441845417022705,0.7426229101793635,-0.09612812443061171
17.45793318748474,0.7468701665724197,-0.0945106078553239
17.46974778175354,0.7500556088672117,-0.09329747042385807
17.481163501739502,0.7530640821456261,-0.09215172951636268
17.493723154067993,0.7564295533183429,-0.09087925915438379
17.505404710769653,0.759791964629512,-0.08959872519894774
17.517683744430542,0.7626260456170629,-0.08852717120991295
17.52935028076172,0.7656317638381629,-0.08737422209161076
17.540473699569702,0.7688113536073894,-0.08614582722817972
17.553316354751587,0.7716376556244791,-0.08505392068290792
17.564509630203247,0.7746406015176374,-0.0838937699785564
17.577130794525146,0.7776407578281576,-0.08272642435429248
17.588358163833618,0.7801091632898637,-0.0817591611946587
17.600982427597046,0.7832887530590902,-0.08053076633122767
17.612366676330566,0.7857571585207965,-0.07956350317159376
17.624078273773193,0.788760104413954,-0.07840335246724256
17.636001348495483,0.7912308213755591,-0.07744200901196632
17.649054527282715,0.7940597326424764,-0.07635688043003495
17.66020679473877,0.7968938136300276,-0.07528532644100006
17.67179298400879,0.7990193743706913,-0.07448166094922379
17.68363094329834,0.8018534553582419,-0.0734101069601891
17.69689965248108,0.8045104062840712,-0.0724055250954689
17.718430519104004,0.8093057976446589,-0.07063171618771936
17.731288194656372,0.8119675341171257,-0.06963988359280761
17.743318796157837,0.8146268854564884,-0.06864167349517221
17.755953311920166,0.8171067063205957,-0.06770406375476667
17.767735958099365,0.8192360954985682,-0.0669105976788376
17.779565811157227,0.8217159163626762,-0.06597298793843186
17.79102349281311,0.8240186071650611,-0.06510235032234113
17.80364990234375,0.8263192043779665,-0.06422619551072695
17.815347909927368,0.828794501736519,-0.06327670800153702
17.827544927597046,0.8307429324154607,-0.06254001463407545
17.839133739471436,0.8328665606119886,-0.0617312563464316
17.855156660079956,0.835698064874026,-0.06065291196290642
17.86752986907959,0.8378216930705537,-0.05984415367526266
17.879311561584473,0.8399453212670819,-0.059035395387618705
17.890492916107178,0.8418919804472322,-0.05829403362394529
17.903403759002686,0.8440175411878958,-0.05749036813216903
17.914978981018066,0.845965971866837,-0.05675367476470768
17.92736554145813,0.847916162849036,-0.05602165402644183
17.93891453742981,0.8496906538306805,-0.0553604322965007
17.95094347000122,0.8514682943924524,-0.054707725277060734
17.962371349334717,0.8532459349542252,-0.05405501825762045
17.973958253860474,0.8550235755159971,-0.053402311238180476
17.986019372940063,0.8568012160777692,-0.05274960421874039
17.99765682220459,0.8584010925833641,-0.05216216790124434
18.010054111480713,0.8601771634576562,-0.05150520163911477
18.021461248397827,0.8619532343319479,-0.050848235376985296
18.033608198165894,0.8635516981188105,-0.05025696574106878
18.045336961746216,0.8653261891004547,-0.049595744011127756
18.058292150497437,0.866923230983935,-0.04900064445418064
18.06985306739807,0.8683415516982614,-0.048468265735441864
18.08124852180481,0.8699342728456576,-0.047861697019708896
18.093116521835327,0.8715284434011553,-0.0472589479008767
18.105438470840454,0.8731211645485509,-0.046652379185143936
18.117563009262085,0.8745382050423267,-0.04611660219062643
18.129154443740845,0.8759552455361022,-0.04558082519610903
18.14030933380127,0.8771951559681557,-0.04511202032590632
18.153187036514282,0.8786134766824825,-0.04457964160716744
18.16442108154297,0.8802090874860998,-0.043980715548586305
18.17695379257202,0.8814512311732509,-0.043517860337627536
18.18813705444336,0.882694480785255,-0.04305798395413694
18.199643850326538,0.8839388291784954,-0.04260108904052892
18.212077379226685,0.8851820787905001,-0.042141212657038116
18.223751068115234,0.8864264271837409,-0.04168431774342998
18.23535990715027,0.887669676795745,-0.041224441359939384
18.25088906288147,0.8892695533013403,-0.04063700504244322
18.26360511779785,0.8905128029133441,-0.040177128658952725
18.27532935142517,0.8917549466004949,-0.03971427344799407
18.287726163864136,0.8928205891250701,-0.039320093690716325
18.299527883529663,0.8940616197501058,-0.03885426231181991
18.312016487121582,0.895126314339093,-0.03845752927385506
18.323572874069214,0.896368458026244,-0.0379946740628963
18.335089206695557,0.8972549084726982,-0.03766193736368449
18.34736204147339,0.8983196030616848,-0.03726520432571985
18.360326766967773,0.8995617467488356,-0.03680234911476119
18.371859550476074,0.9002721750985524,-0.036539562609909364
18.38351845741272,0.9013378176231279,-0.03614538285263151
18.394944429397583,0.9024034601477029,-0.035751203095353866
18.407882690429688,0.9031138884974195,-0.03548841659050214
18.41964626312256,0.9041795310219947,-0.03509423683322439
18.431073665618896,0.9052451735465699,-0.03470005707594665
18.44273853302002,0.9059556018962867,-0.034437270571094816
18.454017162322998,0.9066660302460032,-0.03417448406624309
18.467380046844482,0.9077316727705784,-0.03378030430896534
18.47895836830139,0.9086197082077242,-0.03345182117790066
18.490217447280884,0.9093307644324332,-0.03319073837012458
18.501728773117065,0.9100418206571416,-0.03292965556234872
18.514137506484985,0.9109306409380281,-0.03260330205262853
18.526840448379517,0.9118186763751741,-0.03227481892156374
18.537965059280396,0.9125297325998828,-0.03201373611378777
18.549655437469482,0.9132407888245918,-0.031752653306011694
18.561927795410156,0.914129609105478,-0.0314262997962916
18.573564291000366,0.914663369115998,-0.031231766588387694
18.585335969924927,0.9155521893968839,-0.030905413078667707
18.597533702850342,0.9162638694109102,-0.03064603546812927
18.610074758529663,0.916974297760627,-0.03038324896327744
18.621453523635864,0.9176847261103438,-0.030120462458425607
18.633342742919922,0.91839515446006,-0.029857675953573987
18.64451551437378,0.9191055828097774,-0.029594889448721948
18.661831855773926,0.9199936182469228,-0.02926640631765737
18.673638343811035,0.9207046744716321,-0.029005323509881196
18.685330390930176,0.9212379666401636,-0.028809511404049245
18.697526931762695,0.9217717266506835,-0.02861497819614534
18.70929789543152,0.9224827828753925,-0.028353895388369264
18.72143006324768,0.9231938391001009,-0.0280928125805934
18.73334288597107,0.9237271312686332,-0.02789700047476114
18.74437165260315,0.9242599525309205,-0.02769991059612237
18.758488416671753,0.9249710087556292,-0.027438827788346408
18.772014617919922,0.9255043009241612,-0.027243015682514245
18.78360152244568,0.9260380609346807,-0.02704848247461055
18.795097827911377,0.9267491171593902,-0.02678739966683427
18.807223558425903,0.9272824093279214,-0.02659158756100242
18.819869995117188,0.9278152305902093,-0.026394497682363443
18.831284046173096,0.9283485227587408,-0.026198685576531492
18.843015670776367,0.9288822827692604,-0.026004152368627693
18.8542799949646,0.9294155749377925,-0.02580834026279553
18.867425441741943,0.9299483962000795,-0.02561125038415687
18.879106998443604,0.9303039243124342,-0.02548070898026873
18.890180826187134,0.9310149805371433,-0.025219626172492654
18.90161418914795,0.9313705086494974,-0.025089084768604723
18.91411781311035,0.9320815648742065,-0.02482800196082865
18.926022052764893,0.932437092986561,-0.024697460556940616
18.937703371047974,0.9327926210989155,-0.024566919153052577
18.94942879676819,0.9331481492112694,-0.024436377749164753
18.960864067077637,0.933681441379802,-0.02424056564333238
18.973524570465088,0.9342142626420891,-0.02404347576469372
18.98493528366089,0.9345697907544432,-0.02391293436080579
18.997270107269287,0.935103082922975,-0.023717122254973733
19.008957624435425,0.9354582970978333,-0.02358572900254782
19.021273612976074,0.935992057108353,-0.02339119579464402
19.03314995765686,0.936347585220708,-0.02326065439075577
19.044219732284546,0.936703113333062,-0.023130112986867946
19.060168981552124,0.937236405501594,-0.022934300881035784
19.073248386383057,0.9377692267638811,-0.022737211002397124
19.08445906639099,0.9381247548762358,-0.02260666959850898
19.096991539001465,0.93848028298859,-0.02247612819462105
19.10805583000183,0.9388358111009442,-0.02234558679073312
19.12035608291626,0.9391913392132989,-0.022215045386844975
19.13183045387268,0.9397246313818309,-0.022019233281012813
19.143494367599487,0.9400804713888437,-0.021889544475743754
19.1548810005188,0.9404363113958569,-0.021759855670474483
19.167733430862427,0.9407921514028702,-0.021630166865205216
19.1796133518219,0.9411479914098841,-0.021500478059935733
19.190961122512817,0.9413259114133905,-0.021435633657301202
19.2027645111084,0.9418592035819217,-0.02123982155146936
19.214027404785156,0.9420371235854286,-0.02117497714883462
19.22736382484436,0.9423926516977833,-0.021044435744946476
19.23848295211792,0.9427481798101375,-0.020913894341058545
19.250110864639282,0.9431037079224917,-0.020783352937170613
19.26145100593567,0.9434592360348464,-0.02065281153328247
19.274027585983276,0.9436370000910234,-0.02058754083133856
19.28553009033203,0.9441698213533113,-0.02039045095269958
19.297672748565674,0.9443475854094883,-0.020325180250755668
19.30942416191101,0.9447027995843467,-0.020193786998329754
19.321791172027588,0.944880719587853,-0.020128942595695226
19.333620309829712,0.9454140117563847,-0.019933130489863175
19.34504795074463,0.9454140117563847,-0.019933130489863175
19.357921600341797,0.9457698517633978,-0.019803441684594008
19.369627475738525,0.9461256917704114,-0.019673752879324633
19.381858348846436,0.9464815317774244,-0.019544064074055467
19.39352798461914,0.946837371784438,-0.01941437526878609
19.407880544662476,0.9470152917879444,-0.01934953086615156
19.41969656944275,0.9473708199002986,-0.01921898946226363
19.431933879852295,0.9475485839564758,-0.019153718760319613
19.443613290786743,0.9479044239634897,-0.019024029955050134
19.459683179855347,0.9482596381383481,-0.018892636702624217
19.472344160079956,0.9484375581418545,-0.018827792299989685
19.484156370162964,0.9487930862542084,-0.01869725089610186
19.496015310287476,0.948970850310386,-0.018631980194157738
19.50775647163391,0.9491487703138929,-0.018567135791523
19.519408464431763,0.9495042984262474,-0.018436594387634963
19.531506299972534,0.9496820624824246,-0.018371323685690943
19.54358673095703,0.949859982485931,-0.018306479283056412
19.5773344039917,0.95057103871064,-0.018045396475280334
19.63019108772278,0.9518153871038804,-0.017588501561672305
19.681188106536865,0.952527067117907,-0.017329123951133764
19.711506128311157,0.9528829071249203,-0.017199435145864493
19.738330602645874,0.9532387471319334,-0.017069746340595326
