0.007481575012207031,0.0,0.0
0.030402660369873047,0.0,0.0
0.04153323173522949,0.00018936822384079478,0.0
0.05418801307678223,0.001325574302603421,-2.7235663184011993e-06
0.06739473342895508,0.0024617542671918416,-1.0894202676100283e-05
0.07866215705871582,0.003976591249645452,-2.9050894150592185e-05
0.09043478965759277,0.005680782854905455,-4.947717205939188e-05
0.10301089286804199,0.007574269239451023,-7.671192237001429e-05
0.11464047431945801,0.009656936703721102,-0.00011665515174016353
0.1270463466644287,0.01192919217740121,-0.0001438901889518888
0.13840031623840332,0.014201290970837648,-0.00018201836469912576
0.15088915824890137,0.01704174088230839,-0.00020244495559336017
0.16249322891235352,0.01950341463114998,-0.00022604885795032826
0.17418313026428223,0.02253329750785001,-0.00021878601443455699
0.18607258796691895,0.025563110746751848,-0.00019699765081400688
0.19817423820495605,0.02859278471165876,-0.00016068426786500312
0.21101689338684082,0.03237926786506937,-7.89835379354478e-05
0.22904539108276367,0.03749102012217432,3.1312447469445585e-05
0.241133451461792,0.041087527962736244,0.0001347937949964013
0.2540462017059326,0.04449395283525655,0.0002573279899969519
0.2651815414428711,0.047899751118836015,0.0003961915656338482
0.27776193618774414,0.05130554940241548,0.0005350551412707446
0.2889127731323242,0.05414371463873191,0.0006507747876348332
0.3006727695465088,0.057549836002437925,0.0007814740484475033
0.31344103813171387,0.060766099656769344,0.0009203329692002207
0.3248109817504883,0.06417252452929026,0.0010428671642007668
0.3370790481567383,0.06720094512426826,0.0011372689402717984
0.3484177589416504,0.06985117869429891,0.0012071657760207898
0.3609755039215088,0.07344792425362572,0.0013020257673943935
0.3725290298461914,0.0764772587471096,0.0013601250101146014
0.3841743469238281,0.07950659324059411,0.001418224252834833
0.39571547508239746,0.08272552009432149,0.00146452332836294
0.40862083435058594,0.08613405998808614,0.0014890352374360729
0.42032742500305176,0.08935323655441937,0.00151218537378292
0.43172717094421387,0.09257245936453634,0.00152761887191397
0.4434323310852051,0.09560234224123607,0.0015348817154297405
0.4559798240661621,0.09957906351690526,0.0015253492333153207
0.46816349029541016,0.1029876523746756,0.0015090078823530885
0.4800121784210205,0.1063962804038213,0.0015090078823531018
0.4911842346191406,0.1098049084329661,0.0015090078823531284
0.5027639865875244,0.11302416823826918,0.0015090078823531536
0.5150203704833984,0.11681152183414428,0.0014999293279584689
0.5275959968566895,0.12003069840047784,0.001523079464305331
0.5388197898864746,0.12362865330590275,0.0015403286680988576
0.550541877746582,0.1266584665448049,0.0015621170317194218
0.562852144241333,0.13063491362374438,0.0016097783468399793
0.574371337890625,0.13366466593001133,0.0016388293035870442
0.5858495235443115,0.1370729414221936,0.0016878518541462346
0.5980260372161865,0.14048121691437554,0.0017368744047054072
0.6105318069458008,0.1438894924065575,0.0017858969552645798
0.6219451427459717,0.14862320836792156,0.001853983831041212
0.6387624740600586,0.15184238493425542,0.0018771339673880638
0.6505458354949951,0.15487224169671843,0.0018916596126878516
0.6634433269500732,0.15828083055448938,0.00190800096365014
0.6747171878814697,0.1618788268074756,0.001908000963650154
0.6866638660430908,0.16471934200438215,0.001914809879446168
0.6984269618988037,0.16755983271919117,0.0019011920869776615
0.7108275890350342,0.17096845095547875,0.0018930213880224453
0.7236709594726562,0.1741876275218123,0.0018698712516756334
0.734961986541748,0.17740685033192896,0.0018544377535446353
0.7477457523345947,0.18043673320862869,0.0018471749100289004
0.7600266933441162,0.1834666160853284,0.0018399120665131415
0.7715394496917725,0.1861177636024415,0.0018335570784368713
0.783423900604248,0.18876891111955368,0.0018272020903606137
0.7947330474853516,0.1917987939962534,0.0018199392468448905
0.8066511154174805,0.19426057383357243,0.001814038186488345
0.8195724487304688,0.19710106454838175,0.0018004203940198149
0.8307874202728271,0.19975221206549423,0.0017940654059435462
0.8425161838531494,0.20221399190281264,0.0017881643455870022
0.854210615158081,0.2050545152604335,0.0017881643455870133
0.8674571514129639,0.20770566277754568,0.0017945193336633227
0.8788037300109863,0.2101674426148647,0.0017886182733067675
0.8903844356536865,0.21262922952480243,0.0017886182733067868
0.9020304679870605,0.21490164168232767,0.0017940654059436247
0.9146454334259033,0.21774215687923332,0.00180087432173967
0.9265866279602051,0.2200145494510807,0.0018117685557145114
0.9383211135864258,0.22228696813717733,0.0018117685557145114
0.9499948024749756,0.22437001859943317,0.0018117685557145194
0.9615371227264404,0.2266424307569575,0.0018063214230777192
0.9741473197937012,0.22910421059427652,0.0018004203627211737
0.985675573348999,0.23118723711846964,0.0017904339815775867
0.9979684352874756,0.23345959704764618,0.001774092708862182
1.009711503982544,0.23535323032196084,0.0017604749815993458
1.0221149921417236,0.23800431690599957,0.0017414101634313879
1.0382513999938965,0.2402767290635242,0.0017359630307945781
1.0501408576965332,0.24217036233783762,0.0017223453035317433
1.0615992546081543,0.24406399561215197,0.001708727576268902
1.0741760730743408,0.24595762888646538,0.0016951098490060744
1.0859181880950928,0.2478512621607791,0.0016814921217432448
1.0981547832489014,0.2497448954350925,0.0016678743944804099
1.1097192764282227,0.2514491653819754,0.0016556184399438524
1.1220200061798096,0.25334282585851486,0.0016465399116315069
1.1340365409851074,0.25504712028740034,0.0016383692361503894
1.1456475257873535,0.2567513902342827,0.001626113281613843
1.1578738689422607,0.25845568466316815,0.0016179426061327254
1.1702277660369873,0.25997062610151833,0.0016143111843748453
1.1816685199737549,0.26167493521966195,0.0016102258348972308
1.1933941841125488,0.26318986360089375,0.0016029630122473472
1.2048285007476807,0.2648941580297795,0.0015947923367662282
1.2180054187774658,0.2664090646492295,0.0015838981549559656
1.2295691967010498,0.2677346079412496,0.001574365745871976
1.2408394813537598,0.2692494840943831,0.0015598402674984553
1.252300500869751,0.2703856412092329,0.0015489461587183178
1.2642595767974854,0.2719005173623664,0.0015344206803447912
1.2771351337432861,0.2734153935154999,0.0015198952019712646
1.2886245250701904,0.2747409101494914,0.0015071854083944318
1.3002493381500244,0.2762558167689427,0.0014962912265841664
1.3117239475250244,0.2775813600609625,0.0014867588175001842
1.324500560760498,0.27890692239454,0.0014804038476815427
1.3360702991485596,0.28023246568655924,0.0014708714385975596
1.348268985748291,0.281557982320551,0.0014581616450207238
1.3598988056182861,0.2826941622851397,0.001449991008663018
1.3721458911895752,0.28383034224972753,0.0014418203723053234
1.3841655254364014,0.2853452488691788,0.001430926190495058
1.3958663940429688,0.28648142883376687,0.0014227555541373612
1.4080638885498047,0.2876176087983547,0.0014145849177796621
1.4204504489898682,0.2889431520903748,0.0014050525086956726
1.4358532428741455,0.2904580282435083,0.0013905270303221518
1.4482805728912354,0.2915941853583581,0.0013796329215420143
1.4599742889404297,0.2927303424732076,0.0013687388127618754
1.4723567962646484,0.2940558591071997,0.0013560290191850367
1.4841055870056152,0.29500263222123263,0.0013446810870134866
1.4955544471740723,0.29613878933608245,0.0013337869782333491
1.5079371929168701,0.2972749464509323,0.0013228928694532071
1.5190505981445312,0.2984111035657824,0.0013119987606730577
1.5317943096160889,0.2995472606806328,0.0013011046518929142
1.5435385704040527,0.30030469875719895,0.0012938419127061628
1.5547590255737305,0.3014408558720494,0.001282947803926015
1.5671586990356445,0.3023876534677575,0.0012738693799425674
1.5799212455749512,0.3035237812045974,0.0012602518613367066
1.5910766124725342,0.3044705978417544,0.0012534429977052832
1.6027247905731201,0.3054173954374625,0.0012443645737218283
1.6143558025360107,0.3063641685514957,0.0012330166415502708
1.6279559135437012,0.3073109661472044,0.00122393821756681
1.6390972137451172,0.3082577827843614,0.0012171293539353903
1.6508173942565918,0.3092045803800695,0.001208050929951939
1.6623601913452148,0.3099619988712963,0.001198972584214693
1.6781799793243408,0.31109812660813646,0.001185355065608824
1.6899561882019043,0.31204494324529347,0.0011785462019774083
1.7011139392852783,0.3128023813218593,0.0011712834627906569
1.712785243988037,0.3135598193984269,0.0011640207236038847
1.7260935306549072,0.3145066169941344,0.0011549422996204432
1.7382416725158691,0.3152640354853612,0.0011458639538831942
1.750016689300537,0.3160214539765877,0.001136785608145949
1.7611618041992188,0.31677887246781483,0.0011277072624086993
1.7728288173675537,0.31753629095904135,0.001118628916671454
1.7855525016784668,0.31829370945026814,0.001109550570934208
1.7977573871612549,0.3190511279414949,0.0011004722251969621
1.8090181350708008,0.31961919180991505,0.0010936634658940277
1.820601224899292,0.32037662988648086,0.0010864007267072763
1.8377223014831543,0.3213234274821899,0.0010773223027238164
1.8489959239959717,0.3220808459734161,0.0010682439569865809
1.8609323501586914,0.32245955521902947,0.0010637047841179565
1.872455358505249,0.323216973710256,0.0010546264383807173
1.8847336769104004,0.3237850375786761,0.0010478176790777783
1.8966772556304932,0.3243530834940402,0.0010396472539845837
1.908433198928833,0.3251105019852667,0.0010305689082473384
1.920311450958252,0.32567856585368743,0.0010237601489443966
1.9327552318572998,0.3260572631305957,0.0010183131988822831
1.9443020820617676,0.32662530904595977,0.0010101427737890906
1.9558987617492676,0.32738272753718656,0.0010010644280518447
1.968041181564331,0.32795079140560635,0.000994255668748914
1.980525255203247,0.3285188373209701,0.0009860852436557215
1.9920189380645752,0.3288975465665835,0.0009815460707870971
2.0038986206054688,0.32965496505781,0.0009724677250498578
2.015015125274658,0.3302230289262301,0.000965658965746919
2.0276002883911133,0.3306017262031396,0.0009602120156847877
2.0401694774627686,0.33116977211850307,0.0009520415905916041
2.051635265350342,0.3317378359869232,0.0009452328312886651
2.0630617141723633,0.33230588190228694,0.0009370624061954748
2.0747315883636475,0.33287390660064553,0.0009275303622586791
2.0881412029266357,0.33325260387755534,0.0009220834121965434
2.0998830795288086,0.3338206497929185,0.000913912987103362
2.1110284328460693,0.3341993329251579,0.0009075582911454883
2.122588634490967,0.33476739679357864,0.0009007495318425464
2.1350173950195312,0.3353354427089415,0.0008925791067493694
2.1476035118103027,0.33571415195455523,0.0008880399338807413
2.158801794052124,0.33609286120016835,0.000883500761012122
2.1706342697143555,0.33647157044578235,0.0008789615881434901
2.183081865310669,0.33722898893700826,0.0008698832424062523
2.194841146469116,0.337607698182622,0.0008653440695376227
2.2066502571105957,0.3379864074282354,0.0008608048966689982
2.218324899673462,0.3383651166738485,0.0008562657238003805
2.234527349472046,0.3387438259194619,0.0008517265509317575
2.246598482131958,0.339311889787882,0.0008449177916288186
2.2586028575897217,0.3395012384263369,0.0008421943165977508
2.270318031311035,0.340069302294757,0.0008353855572948186
2.282928705215454,0.34044799957166527,0.0008299386072327036
2.2944960594177246,0.3408266968485751,0.0008244916571705679
2.306147336959839,0.34120539412548456,0.0008190447071084366
2.3183045387268066,0.3415840914023931,0.00081359775704632
2.3299808502197266,0.34177344004084736,0.0008108742820152618
2.342421531677246,0.3421521492864611,0.0008063351091466351
2.3541178703308105,0.3425308585320745,0.0008017959362780137
2.365513324737549,0.3429095677776873,0.0007972567634093966
2.377735137939453,0.343288277023301,0.0007927175905407684
2.390068292617798,0.3436669862689141,0.0007881784176721491
2.4016454219818115,0.3440456955145281,0.0007836392448035172
2.4130146503448486,0.3440456955145281,0.0007836392448035172
2.4244961738586426,0.3444244047601409,0.0007791000719349001
2.437967300415039,0.34480311400575464,0.0007745608990662719
2.4491710662841797,0.34518182325136776,0.0007700217261976526
2.460871458053589,0.34556053249698115,0.0007654825533290282
2.472425699234009,0.34556053249698115,0.0007654825533290282
2.4841203689575195,0.3461285963654013,0.0007586737940260959
2.497446298599243,0.34631794500385554,0.0007559503189950361
2.508629083633423,0.34650729962666227,0.0007536807325607232
2.5203821659088135,0.34688599690357147,0.0007482337824985934
2.531832218170166,0.34707534554202635,0.0007455103074675256
2.544412136077881,0.3472647001648331,0.0007432407210332148
2.5560755729675293,0.3476433974417423,0.0007377937709710894
2.568315267562866,0.34783274608019654,0.0007350702959400296
2.580052137374878,0.34821145532580994,0.0007305311230714037
2.5921683311462402,0.34840080994861694,0.0007282615366370885
2.6041672229766846,0.3485901694677586,0.0007264458518403992
2.6156954765319824,0.34896887871337173,0.0007219066789717814
2.6279118061065674,0.3493475879589845,0.0007173675061031658
2.6443657875061035,0.3495369425817915,0.0007150979196688506
2.6560583114624023,0.3497262912202461,0.0007123744446377864
2.6683030128479004,0.34991563278636617,0.0007091970966588436
2.6799588203430176,0.35010498142482044,0.0007064736216277846
2.7027242183685303,0.35067304529324056,0.0006996648623248479
2.7142064571380615,0.3508623939316948,0.0006969413872937897
2.7261838912963867,0.35067303930888843,0.0006992109737280974
2.7381386756896973,0.3502943202706051,0.0007028423433214791
2.750316619873047,0.34972622212764315,0.0007055659018151854
2.7618799209594727,0.34896875140846806,0.0007037501909362424
2.7734527587890625,0.34783262367162815,0.0006901326723303638
2.784579038619995,0.34688611168233136,0.0006651695167057248
2.7979869842529297,0.3455615089297794,0.0006143420263896958
2.809561252593994,0.34404886496662457,0.0005308615521113136
2.8209593296051025,0.34272694552620236,0.00043244976991281103
2.832568645477295,0.3414068633942303,0.00031187178399073824
2.8450560569763184,0.3399007226369453,0.0001487743649448579
2.8577542304992676,0.33821014420772644,-6.716737471603414e-05
2.8690555095672607,0.3367118982062448,-0.00029148783276366076
2.8808391094207764,0.33503152046440376,-0.0005761225196729838
2.893627405166626,0.3335436568207414,-0.0008612935678567402
2.904916286468506,0.33187626976942386,-0.0012141486108511476
2.9174740314483643,0.33021688248206105,-0.0016028902870405324
2.9287123680114746,0.32893307062770155,-0.0019330160334556368
2.9404633045196533,0.3276566789643668,-0.0022907592480819992
2.9531142711639404,0.3260259079737669,-0.002786008918940838
2.9646944999694824,0.3247681269537307,-0.003204509565867976
2.976667642593384,0.3231629634923311,-0.0037773415852728424
2.9883925914764404,0.32228155430003846,-0.0041232114173838635
3.000917673110962,0.32070881688100283,-0.004779856885677733
3.0125372409820557,0.3200192547094122,-0.005093336069554295
3.0242435932159424,0.3189988632180581,-0.005593108893549527
3.040661096572876,0.317825668470396,-0.006210174505862357
3.0530996322631836,0.31684245511036685,-0.006779615600172787
3.0649189949035645,0.31636212717892653,-0.007082976764605998
3.077432632446289,0.3155802735597811,-0.007617030154492475
3.088780403137207,0.3151229835667688,-0.007954118837333112
3.101182460784912,0.3151229835667688,-0.007954118837333112
3.1129112243652344,0.3148368348683436,-0.00820223215659053
3.1245763301849365,0.3151132595645621,-0.007943329309707937
3.1365530490875244,0.31471575961800435,-0.008349207013325954
3.1490931510925293,0.3147157596180046,-0.008349207013325725
3.1607720851898193,0.31495715274981817,-0.008057366898336991
3.172297477722168,0.31541431333787934,-0.007453405489026182
3.184242010116577,0.3157373263062217,-0.006986066703892049
3.1974985599517822,0.3159382601574582,-0.006665026388307782
3.208744764328003,0.3164015546149886,-0.005839274397306315
3.2205166816711426,0.31691667820665476,-0.0048265457285407935
3.231966257095337,0.31738763953537574,-0.0037925403619786576
3.2440743446350098,0.3178845490282837,-0.00256362342349192
3.257033109664917,0.3183309813420444,-0.001315483176936937
3.2684946060180664,0.31883911350422683,0.00031131981237207586
3.2802481651306152,0.3192805497515892,0.0019574729947285908
3.291718006134033,0.3196961135260684,0.003804995435572908
3.3044896125793457,0.32004945408675617,0.005665420889133679
3.3187663555145264,0.3203875483320538,0.00791254771381874
3.3301234245300293,0.32064847182491285,0.010360467998635325
3.343982458114624,0.32083299923848163,0.012815329384454063
3.3561086654663086,0.3209108755478994,0.015086413259028625
3.368197202682495,0.32091264314816453,0.01754819953438471
3.379598617553711,0.32085500108572157,0.019441004282033356
3.390716552734375,0.32070932718469863,0.021898477355029894
3.4030158519744873,0.32048715696947877,0.024350218610833908
3.4142959117889404,0.32018870616354567,0.026793847450568
3.4257335662841797,0.31981426455753376,0.029226991152371585
3.4419963359832764,0.319191092331812,0.03257817026100852
3.454509973526001,0.3186370458054718,0.0349768005444396
3.4659500122070312,0.31796018756303746,0.037540096559926725
3.4780335426330566,0.3172521681413515,0.039897871631569
3.489558696746826,0.3165912065301511,0.041873277659913825
3.501634120941162,0.31555438793004076,0.0447202497682913
3.5128555297851562,0.3148386257705908,0.04647345168227173
3.52420973777771,0.3137780166851315,0.048903211322895615
3.535065174102783,0.3126364799542782,0.051296016671326154
3.547619104385376,0.31168585715512676,0.05314950406595152
3.5597057342529297,0.3102325350575693,0.05580809351830505
3.57063889503479,0.3092611641944668,0.05743366143949498
3.581782579421997,0.30793812597686576,0.059509706878474185
3.5930287837982178,0.30665774549009234,0.061387075380929766
3.605694532394409,0.3049904386251821,0.06368678422411249
3.61796236038208,0.30335813223604946,0.06577585085669276
3.6291351318359375,0.30189971995366877,0.06751852704563957
3.6408112049102783,0.30002501694582834,0.06965255178251249
3.653428554534912,0.29834343897614424,0.07145052016983619
3.664919376373291,0.2958173213273218,0.07401261046114294
3.677135944366455,0.29376096515569994,0.07597219517240765
3.688356399536133,0.2915426246907731,0.0780359801847299
3.699817657470703,0.2892851182912391,0.0800568482782668
3.711763858795166,0.28700833934172676,0.08205597824164423
3.7242321968078613,0.28486489855247327,0.08391990810302691
3.7356741428375244,0.28286018946839775,0.08565477554222517
3.7477376461029053,0.28071228687831706,0.08751356208422313
3.7600042819976807,0.2788546381942976,0.0891289679640879
3.7709403038024902,0.27715065291958063,0.09063240431740328
3.7824201583862305,0.27532037011133437,0.09227875167801204
3.7939164638519287,0.27364185038055194,0.0938105670057494
3.8059253692626953,0.27183944875279886,0.09548739232826124
3.8179452419281006,0.27019436381550166,0.09705506009727276
3.829115152359009,0.26884238985545056,0.0983810309986998
3.8447251319885254,0.26670996721515794,0.10053347534840586
3.8580424785614014,0.2651418997030314,0.10217817926167815
3.8698947429656982,0.26359764833681665,0.103845264863219
3.881115674972534,0.26195085622853265,0.10567514752121535
3.892853260040283,0.2603261136217384,0.10752463562650429
3.904540538787842,0.2584771216407808,0.10968097548829503
3.9178707599639893,0.2565103826705533,0.11198579236136817
3.929039239883423,0.2546769450322173,0.11415537282116316
3.9406538009643555,0.252980342448131,0.11619256775907008
3.95206880569458,0.25115211070003524,0.11836653685278926
3.964845895767212,0.24870752718225464,0.12125931079918163
3.977029323577881,0.2468533716290945,0.12341121231409277
3.988431692123413,0.24487010925946529,0.12570182650435496
4.000214576721191,0.24273965450868176,0.1281152879705702
4.012690782546997,0.24032640060635557,0.13078395479867186
4.024366855621338,0.2380220384737887,0.13329565943956087
4.036129951477051,0.23543499544350532,0.13606176465082823
4.048320293426514,0.23309474855206333,0.13854006841109848
4.060683250427246,0.23059951910118562,0.14113225031520418
4.072145700454712,0.22808571343471645,0.14370642165910005
4.084194898605347,0.2256983744792665,0.1461393946866654
4.0957255363464355,0.22329939900893703,0.14856089458008498
4.108029365539551,0.22090042353860778,0.15098239447350437
4.120481014251709,0.21850144806827831,0.15340389436692398
4.131901741027832,0.21637936899676666,0.15556653705809376
4.14391016960144,0.21412465998328598,0.1578643449174612
4.155096530914307,0.2120181876399936,0.1600421918501809
4.168545246124268,0.2097911798945262,0.16236685745961166
4.180169343948364,0.20771096043546688,0.16456979413540718
4.191627264022827,0.20564132601124024,0.166782678304421
4.203437089920044,0.20372102423410082,0.16887576550516223
4.215876817703247,0.20156179705833555,0.1712635200355687
4.228034973144531,0.1992816233699422,0.1737972037158714
4.2442848682403564,0.19650962249371398,0.17690725324206896
4.2565436363220215,0.1941285260075441,0.1796046513513684
4.269867658615112,0.19189118515980327,0.18217623665465973
4.281091213226318,0.19002673445335302,0.184319224407402
4.292818784713745,0.18767161038941851,0.18703932875833812
4.304393291473389,0.1855585662554411,0.1894680482114466
4.338657379150391,0.17816463506154512,0.19784417918242914
4.378119707107544,0.17099574922172914,0.20539961143500263
4.402162790298462,0.16613661818580855,0.21044754461668297
4.42769980430603,0.1615287099348555,0.2152115847820083
4.451871395111084,0.15758887395978524,0.21930450357796483
4.474449872970581,0.1540963658689033,0.22303874561317516
4.48608660697937,0.15206415205641774,0.22528604399473484
4.498306751251221,0.1504394094496233,0.22713553210002402
4.5140416622161865,0.14782199432988644,0.23012944944416455
4.538051605224609,0.1444845143341988,0.2340028721710039
4.550263166427612,0.14265628258610286,0.23617684126472333
4.561925649642944,0.14095480158999238,0.23820996348516085
4.5746049880981445,0.13913178623701622,0.24038830872134465
4.5865819454193115,0.1374157287761512,0.24240914279033027
4.5983757972717285,0.1356996713152858,0.24442997685931636
4.61009669303894,0.13396431674186082,0.24643426427579507
4.622826099395752,0.1320947345134772,0.24857277666446703
4.6344544887542725,0.1300841614770046,0.25083945684932407
4.651453733444214,0.12765814141468823,0.25349652359551933
4.6630542278289795,0.12612189999297607,0.255170993356113
4.676031112670898,0.12394555797888536,0.25754315885028567
4.6883697509765625,0.12227695292492019,0.2593531732048767
4.7018232345581055,0.12034663871715207,0.2614370302068024
4.7138752937316895,0.1185496794282665,0.2633862764348236
4.727967023849487,0.11663440043170069,0.2654839607081359
4.7396886348724365,0.11510620426294337,0.2671657761423369
4.750952482223511,0.11359420378500068,0.2688621667929901
4.762547254562378,0.11222317681751975,0.2704304092113491
4.775649309158325,0.11048302282483269,0.27243053111390875
4.787945032119751,0.10899969838230437,0.2741520523258379
4.799166917800903,0.10752464415463367,0.2758806649806429
4.810934782028198,0.10630235239574355,0.27732705195383883
4.822577953338623,0.10495783146096378,0.27891807762435517
4.8350067138671875,0.10348692506593649,0.2806502211120573
4.847642183303833,0.10238374526966605,0.28194932872783385
4.858999013900757,0.10103161222763439,0.28353389032807197
4.870755195617676,0.09966811934851469,0.28510868758387675
4.883535861968994,0.09842515221088079,0.2865373460857054
4.894877910614014,0.09705037000513135,0.28810229755941197
4.9076080322265625,0.09591636964667455,0.28937459054740167
4.9188666343688965,0.09465298423776505,0.29078522506017856
4.9315454959869385,0.09338959882885475,0.2921958595729564
4.9430389404296875,0.09224647855933245,0.2934599649125828
4.954659700393677,0.09110639171513546,0.2947268067527345
4.966613292694092,0.08970924471905163,0.2962718243900568
4.9791624546051025,0.08857524436059462,0.2975441173780467
4.990995407104492,0.08756995784235852,0.29867745747047497
5.002685070037842,0.08657011623817716,0.29981560399680696
5.014277935028076,0.08545144581430686,0.30110139664845254
5.0258948802948,0.08445981462949265,0.30224670374358314
5.04305624961853,0.08309632175037276,0.3038215009993882
5.054763078689575,0.08199003107961939,0.30511796049049233
5.067448854446411,0.081127168155173,0.3061242524259941
5.080008268356323,0.0802667198556981,0.30713260980796403
5.091454744338989,0.07915732466712426,0.30842641372503765
5.1030497550964355,0.0784156624458602,0.3092871743310021
5.114580392837524,0.0773031691139637,0.3105783152399493
5.126554250717163,0.07630605859215991,0.3117188551805734
5.139630556106567,0.07555822570080604,0.31257426013604267
5.150816440582275,0.07468575399422742,0.3135722325840891
5.162721872329712,0.07381089259056917,0.3145681107946291
5.174312353134155,0.0730630596992155,0.31542351575009814
5.200911283493042,0.07105792581612475,0.31769500889477176
5.214240789413452,0.07018067974227274,0.31868878714556625
5.2259602546691895,0.06930581833861407,0.31968466535610673
5.239047050476074,0.06855798544726081,0.3205400703115753
5.250701904296875,0.06793479137113313,0.3212529077744657
5.262291193008423,0.06718901108855238,0.32211010287556335
5.27411675453186,0.06656752751973584,0.3228244321264772
5.2876365184783936,0.06569985023302326,0.3238265758347167
5.298966646194458,0.06495818801175919,0.32468733644068115
5.31063175201416,0.06421652579049493,0.32554809704664583
5.326628684997559,0.06335125319902059,0.3265523177536039
5.340036869049072,0.06273492253870125,0.32727109770753426
5.351559162139893,0.06211687068764826,0.3279883982125042
5.3630523681640625,0.061621055095241156,0.3285610517600695
5.3745996952056885,0.06100128560473203,0.32927686869452644
5.387940406799316,0.06025550532215189,0.3301340637956234
5.399997234344482,0.05963402175333514,0.33084839304653746
5.411505460739136,0.05913820616092763,0.33142104659410326
5.4230568408966064,0.05864239056852053,0.33199370014166857
5.435591459274292,0.058022621078011,0.33270951707612595
5.451642990112305,0.05715254408166767,0.33370957802740553
5.463665962219238,0.05665672848926077,0.3342822315749706
5.474967956542969,0.056160912896853266,0.3348548851225364
5.488322019577026,0.05566509730444616,0.3354275386701017
5.50001859664917,0.05516928171203866,0.3360001922176675
5.511495113372803,0.05467346611963175,0.3365728457652326
5.523434162139893,0.05417765052722445,0.33714549931279814
5.535794734954834,0.05368183493481715,0.33771815286036366
5.548025608062744,0.05318601934240985,0.3382908064079292
5.559739828109741,0.052814157648104376,0.33872029656860336
5.570927858352661,0.052443326537472544,0.33915067687158534
5.5827882289886475,0.051950262009217235,0.33972570083472947
5.595131874084473,0.051457197480961926,0.3403007247978736
5.607963562011719,0.05096413295270662,0.3408757487610177
5.619840383529663,0.05059433455651534,0.3413070167333756
5.631506443023682,0.050223503445883104,0.3417373970363581
5.644315958023071,0.0497276878534762,0.34231005058392316
5.655912160873413,0.0492318722610691,0.34288270413148847
5.66810941696167,0.04886001056676342,0.34331219429216286
5.679847240447998,0.04861141713923665,0.3435979259925286
5.692044258117676,0.04811423028418309,0.34416938939326003
5.704136848449707,0.04774134014289312,0.3445979869438084
5.715684413909912,0.04724552455048582,0.3451706404913739
5.728658437728882,0.04699761675428217,0.3454569672651567
5.741006135940552,0.04662575505997669,0.34588645742583085
5.752676248550415,0.046131313579134185,0.3464602978298069
5.764402866363525,0.04588409283871263,0.3467472180317953
5.776047706604004,0.045513261728080796,0.3471775983347773
5.788208723068237,0.04502019719982549,0.3477526222979214
5.800563812255859,0.044773664935697836,0.3480401342794935
5.8121442794799805,0.044401803241392555,0.34846962444016744
5.824528455734253,0.044154582500971,0.34875654464215583
5.837138414382935,0.04366014102012889,0.34933038504613145
5.8535027503967285,0.04328930990949686,0.34976076534911366
5.864901304244995,0.04279349431708955,0.3503334188966792
5.877644777297974,0.0425455865208857,0.35061974567046217
5.8889710903167725,0.04229767872468225,0.3509060724442447
5.901594638824463,0.04180186313227494,0.35147872599181024
5.912993431091309,0.041553955336071494,0.3517650527655928
5.924541473388672,0.04130604753986784,0.35205137953937554
5.936152219772339,0.04093418584556196,0.35248086970005016
5.949906826019287,0.040686965105140804,0.35276778990203805
5.961051940917969,0.04031613399450897,0.35319817020502003
5.972729682922363,0.03994427230020329,0.35362766036569443
5.9842729568481445,0.039697051559782336,0.3539145805676821
5.997608661651611,0.03944983081936098,0.3542015007696703
6.008883237838745,0.039078999708728746,0.35463188107265275
6.02050518989563,0.03895573357666512,0.35477563706343856
6.0319671630859375,0.03858490246603288,0.35520601736642105
6.04456901550293,0.038215104069841806,0.3556372853387787
6.056187868118286,0.03796788332942045,0.35592420554076687
6.0684123039245605,0.03772066258899889,0.35621112574275526
6.080141544342041,0.03747344184857754,0.35649804594474344
6.091614007949829,0.037226221108156786,0.3567849661467309
6.1042187213897705,0.03685538999752455,0.35721534644971337
6.115777254104614,0.036731436099422726,0.3573585098366048
6.128100633621216,0.03636060498879069,0.357788890139587
6.139688730239868,0.03623665109068907,0.3579320535264781
6.1520185470581055,0.035865819980056834,0.3583624338294606
6.16397762298584,0.03574186608195501,0.358505597216352
6.175127983093262,0.035494645341534056,0.3587925174183397
6.187866687774658,0.03537103497132318,0.358935977519334
6.200349807739258,0.03499917327701729,0.3593654676800086
6.21186637878418,0.034875562906806816,0.35950892778100246
6.223673582077026,0.03475160900870499,0.3596520911678939
6.2349231243133545,0.03450438826828404,0.35993901136988155
6.252146482467651,0.03425716752786248,0.36022593157186994
6.26416802406311,0.03400994678744133,0.36051285177385783
6.275841474533081,0.03376272604701997,0.360799771975846
6.288059234619141,0.03363911567680909,0.3609432320768403
6.300575256347656,0.033515849544745464,0.3610869880676261
6.31204891204834,0.03326862880432391,0.3613739082696145
6.324045419692993,0.033021408063902954,0.3616608284716022
6.335600137710571,0.032897797693692075,0.3618042885725965
6.348583221435547,0.03277384379559025,0.3619474519594879
6.360375642776489,0.032650233425379774,0.3620909120604818
6.3718812465667725,0.032402325629176124,0.36237723883426454
6.388627529144287,0.0322783717310743,0.36252040222115595
6.401007652282715,0.03203115099065294,0.3628073224231441
6.412591457366943,0.03203115099065254,0.36280732242314456
6.4244139194488525,0.03190685427688956,0.362950188273327
6.4383156299591064,0.03203217514458293,0.36280821995178464
6.450989484786987,0.03228754567745801,0.3625285287153434
6.463003873825073,0.03228754567745822,0.3625285287153432
6.474612236022949,0.032020348669905815,0.36279694454192285
6.487131595611572,0.032157125537515936,0.3626659773220265
6.498637437820435,0.031736578845622775,0.3630479241740155
6.511454343795776,0.031736578845622775,0.3630479241740155
6.523003339767456,0.03158845589340844,0.36316590686439065
6.534600019454956,0.030829820869296025,0.3637324587201036
6.547487258911133,0.030674118623807384,0.36384024153390365
6.560004949569702,0.02971726135909741,0.3644529370914211
6.571542501449585,0.028898599182592143,0.3649286474505471
6.58306097984314,0.028397458789130203,0.3651962315006114
6.594820261001587,0.02703950102584558,0.36586780536995755
6.608260154724121,0.026000254935753038,0.3663270865860521
6.620025873184204,0.02459213178697431,0.3668858798812222
6.631585597991943,0.023163617977671195,0.3673902696565793
6.648383855819702,0.02099341281029201,0.3680641362727582
6.661516189575195,0.019160075010022284,0.3685383776988138
6.673409700393677,0.01767840512407072,0.3688541546737784
6.684549331665039,0.015629464056238787,0.3692295740777167
6.695976257324219,0.013380977791329058,0.369558505987745
6.708626985549927,0.011122721002184846,0.3698118100722099
6.720907688140869,0.008857236702308256,0.369989201086444
6.732118129730225,0.006776256098921192,0.370082039422443
6.7436933517456055,0.00412533974173095,0.37011762046437163
6.755936145782471,0.001853381797396145,0.3700718625787812
6.767937183380127,-0.0007946039280160538,0.3699422665087019
6.778977632522583,-0.002870576173294169,0.36977069009675484
6.790531873703003,-0.005317799067212286,0.3695033047990563
6.801715612411499,-0.007755502980657983,0.36915980163995316
6.814172744750977,-0.010181320944773498,0.368740514155145
6.825122594833374,-0.012778403423060806,0.3682077983356535
6.83759617805481,-0.014619650695354773,0.3677652591821848
6.848665714263916,-0.01718180661868118,0.3670840979913274
6.860982179641724,-0.019719665178067836,0.3663173532646345
6.872377872467041,-0.02187169659826712,0.3655875262636284
6.883878946304321,-0.024356872465990508,0.3646642037577551
6.8948447704315186,-0.02680966916493715,0.3636580169475653
6.908080816268921,-0.029054634936309078,0.362647807328075
6.91909122467041,-0.030926666504229743,0.3617342445020963
6.9329235553741455,-0.03361364112200201,0.360334097938746
6.9443583488464355,-0.03575158204854875,0.35911360484800814
6.95569920539856,-0.037850458343747596,0.35782709286306796
6.9685142040252686,-0.040066522318479764,0.35637186641908714
6.980089426040649,-0.042232511872844686,0.3548431045691754
6.991163730621338,-0.044195025322070744,0.3533568556830365
7.002554655075073,-0.04581562476057127,0.3520481323783485
7.015010356903076,-0.048121853187876054,0.35008304880849567
7.027929067611694,-0.05007238915740418,0.34828748957111483
7.0391552448272705,-0.05169169658155871,0.3466932091218228
7.055029392242432,-0.05472123727781325,0.34356399281865957
7.068567276000977,-0.056864379229949205,0.3411617904402075
7.080348968505859,-0.05895520234925063,0.3387139153662222
7.091625928878784,-0.06076354648629108,0.33652337560917195
7.102830171585083,-0.06254550702757097,0.3343113201002592
7.115181922912598,-0.06455904707556896,0.33179949005641585
7.127600431442261,-0.06620233831161708,0.3297190532136131
7.138646841049194,-0.0678456295476652,0.3276386163708104
7.150210618972778,-0.0694889207837137,0.3255581795280072
7.162381410598755,-0.07102407797200835,0.323633682919237
7.17392373085022,-0.07257303478402898,0.321720275596047
7.184870958328247,-0.07413571111839933,0.3198180565066833
7.196584939956665,-0.07572107339520591,0.31793470278493524
7.208369731903076,-0.0769578583856755,0.3165006890794793
7.220796346664429,-0.07870852706925448,0.3145097639920645
7.247800350189209,-0.08190231901811261,0.31101514017641024
7.2861106395721436,-0.08744820522663366,0.30531419656570663
7.3245251178741455,-0.09298412929522469,0.3001440840497039
7.365765571594238,-0.09977403270562323,0.2941009558336062
7.396585702896118,-0.1055278111327553,0.2891744405811369
7.421798944473267,-0.10963004444320429,0.28552338395057797
7.441482067108154,-0.11432503225643613,0.2811175214686364
7.477510929107666,-0.1194365826223696,0.2757868924282692
7.501055002212524,-0.1240717117686287,0.2707878367212587
7.526012659072876,-0.12921263156634577,0.2649695767910857
7.55258846282959,-0.13339427780494845,0.2600738266431153
7.580744028091431,-0.13769891363880393,0.2550340838437342
7.606078863143921,-0.1412287945011449,0.25107751522040206
7.634439468383789,-0.1449626485356313,0.24705049812308816
7.660378932952881,-0.14865078503541954,0.24324101740619375
7.682484865188599,-0.1519046489901945,0.24006801943841974
7.710203409194946,-0.1570368276499579,0.23529795381673055
7.73817777633667,-0.1618257658554002,0.23099439649276857
7.76236629486084,-0.16691819341319888,0.22646205033069547
7.78874397277832,-0.17194491053386296,0.22185693413746851
7.806090593338013,-0.1751137782807971,0.21886889318984415
7.818287134170532,-0.17756555698745008,0.21650087160745163
7.8306872844696045,-0.1798487216629746,0.21423133580502884
7.8421220779418945,-0.1822372159982863,0.21179949702516251
7.858879566192627,-0.1856534250240885,0.20825392301637483
7.870837926864624,-0.18838508613397087,0.20536386582778424
7.883614778518677,-0.19056823216618304,0.20299796069526516
7.894932985305786,-0.19287378708506667,0.20048735089741065
7.907765626907349,-0.19505125561956804,0.19811621942165897
7.919167518615723,-0.19709528246683697,0.19587966017964056
7.931894540786743,-0.19915000814421316,0.19365292593726968
7.943779230117798,-0.20108629934643182,0.1915746215020633
7.954927206039429,-0.20303748585349132,0.1895102949387836
7.9674072265625,-0.2048724013694668,0.18759673579608832
7.979898691177368,-0.20699031976989496,0.18543001831460956
7.991105794906616,-0.20859426661084707,0.18382028503970937
8.002927541732788,-0.21075334317638741,0.18169457777398568
8.014609098434448,-0.21252407224230338,0.17998433996448004
8.028120517730713,-0.21470847043045252,0.17788466200083347
8.0399489402771,-0.21691290016745127,0.17580602481987637
8.051473617553711,-0.21898887169317274,0.1738672326263755
8.063048124313354,-0.22093077713200238,0.17206234293168204
8.075827598571777,-0.22329928509500013,0.16988202100057734
8.088141918182373,-0.22551365472243687,0.16781397599417594
8.100180625915527,-0.22758030760087278,0.16586525363702906
8.1117262840271,-0.22990657163633876,0.16363991561071992
8.123561382293701,-0.23208087862647706,0.16152978952253144
8.136143207550049,-0.23436947696473728,0.1592657331318577
8.148346185684204,-0.23624973022693432,0.15739670364750918
8.160299062728882,-0.2385110293759682,0.15510538091759474
8.171772718429565,-0.24063413545180037,0.15294374644660283
8.184363603591919,-0.24274685400742727,0.15077195840443022
8.1959707736969,-0.24472752765332742,0.14873590711489343
8.20815134048462,-0.2468558092053593,0.14657936807497396
8.219944953918457,-0.24871805556338716,0.14469239641504444
8.232150554656982,-0.2507229891145769,0.1426802298214196
8.244139671325684,-0.25260771715785074,0.14081571279380523
8.26059603691101,-0.255312924431093,0.1381650556509192
8.27242374420166,-0.2570877479589645,0.13645906730545604
8.285566568374634,-0.2592871887367202,0.1343751519375585
8.29788589477539,-0.261220419012757,0.13256097326852356
8.309129238128662,-0.26302361692024145,0.13088500426630842
8.320876598358154,-0.26483082705188105,0.12921336245956871
8.333792686462402,-0.266781363021409,0.12741780322218807
8.345594882965088,-0.26858456092889366,0.12574183421997273
8.35793662071228,-0.2703756600902041,0.12405294151044607
8.369553327560425,-0.2720177288211215,0.12248211466834528
8.381964445114136,-0.2737966366129492,0.12078038558940231
8.393925428390503,-0.2755550213405565,0.11905745844652652
8.405698299407959,-0.27717432876471143,0.117463177997234
8.418098211288452,-0.27877827560566376,0.1158534447223336
8.430602788925171,-0.2805158846833619,0.11410956700785838
8.442128896713257,-0.2821159682828287,0.11249599359470401
8.454073667526245,-0.28358271158233966,0.11101688463264608
8.4657723903656,-0.2851866584232918,0.1094071513577459
8.478018045425415,-0.28665694302749806,0.10793156252242052
8.490447044372559,-0.28813780077578444,0.10646658485786659
8.501943111419678,-0.2894935774236074,0.10514450237129402
8.51392126083374,-0.29085567670508117,0.10382893482552051
8.525700569152832,-0.292224067314179,0.10251991245710322
8.538676738739014,-0.29359871780027635,0.1012174653521672
8.550479412078857,-0.2951176844457334,0.09979203925506874
8.562057495117188,-0.2965016654628815,0.09849951112606774
8.573968648910522,-0.29774724837831434,0.09733623580996727
8.587444305419922,-0.29913432369176457,0.0960470288851858
8.598643064498901,-0.30024398394252394,0.09501566334536139
8.610297441482544,-0.3016248627111212,0.09371982143890828
8.621937036514282,-0.3027245830999995,0.09267786375495908
8.634520769119263,-0.3038192955872775,0.0916306458602255
8.646668672561646,-0.3053176047968989,0.0901835215598744
8.662142038345337,-0.30667654666573535,0.0888646927547566
8.674623489379883,-0.30802915030235606,0.08753936418331401
8.688133955001831,-0.3092407611873178,0.08634074609413335
8.700148820877075,-0.3103202994700881,0.08527789246127139
8.711711645126343,-0.3113998377528582,0.08421503882840965
8.724364995956421,-0.3123444337502817,0.08328504189965587
8.73785138130188,-0.31356177702324134,0.08209224618535652
8.749084234237671,-0.3145152465202727,0.08117134890331533
8.76084852218628,-0.31560744561434734,0.08012150992149193
8.772464752197266,-0.31629320785831466,0.07946864067748542
8.78421401977539,-0.31739292824719273,0.07842668299353643
8.797638177871704,-0.3183551835874608,0.07751497002008129
8.809031009674072,-0.319323970299464,0.07661020032978101
8.820830583572388,-0.3202905854374827,0.07570311099526333
8.83246111869812,-0.3211209740477715,0.07492759411786273
8.844847440719604,-0.32222318891627044,0.07388827552738461
8.857163906097412,-0.32291207320908216,0.07323870140833585
8.868662595748901,-0.3237368635007407,0.07245723314537411
8.880483627319336,-0.3246947369271091,0.07154091748748206
8.892984628677368,-0.32551388624766525,0.07075353825111436
8.904580116271973,-0.32646956045498077,0.0698349291420187
8.916598081588745,-0.3271474487788919,0.06917388789873274
8.928423881530762,-0.327962813900194,0.06838259061566185
8.941051006317139,-0.3287781790214954,0.06759129333259159
8.952756643295288,-0.32945764995591365,0.06693187893003269
8.964364528656006,-0.3302749095247985,0.06614253840256802
8.978879690170288,-0.3312283790218296,0.06522164112052706
8.991620779037476,-0.33191100345562596,0.06456549175688772
9.003618240356445,-0.3325951987601757,0.06391098057267833
9.014909744262695,-0.3332809610041425,0.06325811132867225
9.027477741241455,-0.33396828624719177,0.06260688777620371
9.038795948028564,-0.33465717054000327,0.06195731365715517
9.051430463790894,-0.33548569780116166,0.061179808513283265
9.067861080169678,-0.3361730230442102,0.06052858496081536
9.07972002029419,-0.33672413047846,0.06000892566557598
9.092086791992188,-0.33741301477127195,0.05935935154652702
9.104108572006226,-0.3381003400143207,0.058708127994058903
9.115667581558228,-0.33864894980949406,0.05818583259885417
9.128114461898804,-0.3391975596046683,0.05766353720364858
9.13972520828247,-0.3398833218486358,0.05701066795964185
9.152144193649292,-0.3402938390313652,0.056617961249116604
9.164094686508179,-0.3411129883519211,0.05583058201274911
9.175592184066772,-0.3416590878989583,0.05530566252183752
9.188069343566895,-0.3420686625592364,0.05491197290365367
9.200687646865845,-0.34261601880287584,0.054388363956286455
9.212268829345703,-0.34316337504651484,0.053864755008919664
9.224133729934692,-0.34371323524095365,0.053343776166945384
9.2357497215271,-0.3442630954353929,0.05282279732497067
9.24892520904541,-0.3446754905812217,0.052432063193490225
9.260592699050903,-0.3452265980154715,0.051912403898250845
9.272068500518799,-0.34550215173259563,0.0516525742506319
9.284075736999512,-0.3460532591668459,0.05113291495539209
9.297088623046875,-0.34646658974253236,0.05074317048396335
9.308799982070923,-0.3470164499369716,0.05022219164198865
9.324386835098267,-0.3475663101314104,0.04970121280001437
9.33607029914856,-0.3479787052772397,0.0493104786685335
9.355798721313477,-0.3489387724187942,0.048396461726924085
9.378843784332275,-0.34962296772334295,0.047741950542715544
9.404871463775635,-0.3504458824161042,0.04695850744990726
9.428797245025635,-0.351268797108865,0.0461750643570994
9.454676389694214,-0.352091711801626,0.04539162126429133
9.479976415634155,-0.35264281923587515,0.04487196196905258
9.491437196731567,-0.35291837295299994,0.044612132321433004
9.502923727035522,-0.3533317035286871,0.044222387850003625
9.514575719833374,-0.35374596715926643,0.043833635278067565
9.540133476257324,-0.3544348514520779,0.04318406115901903
9.554786920547485,-0.3548472465979079,0.04279332702753753
9.567111492156982,-0.35512155149549446,0.04253217932993526
9.579829216003418,-0.35553300884187494,0.04214045778353123
9.59112548828125,-0.35594352602460433,0.04174775107300598
9.603064060211182,-0.3560806784733976,0.04161717722420485
9.614702939987183,-0.35649119565612697,0.04122447051367959
9.628092050552368,-0.3567655005537142,0.04096332281607669
9.639742374420166,-0.35703980545130076,0.040702175118474425
9.650917530059814,-0.35745126279768175,0.040310453572069964
9.66278600692749,-0.35758872784629125,0.040180208861576555
9.674405097961426,-0.3578642815634158,0.039920379213957184
9.687800407409668,-0.358277612139103,0.039530634742527805
9.699002027511597,-0.3584157000159625,0.039401050551882665
9.710811614990234,-0.35882903059165017,0.03901130608045286
9.723670721054077,-0.35910520634536924,0.038752137699162574
9.736101627349854,-0.359380136442589,0.03849164827817512
9.748295545578003,-0.35965506653980805,0.038231158857188294
9.760006189346313,-0.35979253158841756,0.038100914146694885
9.77149224281311,-0.3600668364860048,0.03783976644909198
9.784255743026733,-0.36047829383238555,0.03744804490268774
9.79595398902893,-0.3606151328932951,0.0373171426658462
9.808212518692017,-0.3608894377908819,0.03705599496824372
9.819803953170776,-0.3611637426884691,0.03679484727064082
9.8320951461792,-0.3614380475860566,0.0365336995730377
9.844202518463135,-0.36171235248364314,0.03627255187543544
9.855726480484009,-0.3618495049324366,0.036141978026634096
9.871717691421509,-0.3622619000782654,0.03575124389515365
9.884514093399048,-0.36239967693682806,0.035621329071343646
9.896616220474243,-0.36253714198543807,0.03549108436084981
9.908546209335327,-0.3628126957025631,0.03523125471323001
9.92024278640747,-0.3629504725611252,0.035101339889420435
9.93277883529663,-0.3632254026583443,0.03484085046843361
9.944337129592896,-0.36350033275556404,0.034580361047446155
9.95599913597107,-0.36350033275556404,0.034580361047446155
9.96833062171936,-0.3639127279013933,0.034189626915965284
9.985559701919556,-0.3641870327989803,0.033928479218362596
9.997863054275513,-0.36432418524777355,0.03379790536956147
10.009028434753418,-0.36432418524777355,0.03379790536956147
10.020801067352295,-0.36432418524777377,0.03379790536956125
10.03362488746643,-0.36432418524777377,0.03379790536956125
10.044920921325684,-0.36445720284477556,0.03366312167956649
10.057605028152466,-0.3643264654647094,0.0338001182549039
10.068895816802979,-0.3644542171426636,0.033660333302277946
10.080753326416016,-0.36457892366262556,0.03351782502855304
10.093620300292969,-0.36469912953449984,0.03337150048321781
10.105095148086548,-0.36504804840045046,0.03292317187294213
10.11784029006958,-0.3652712357181642,0.032617183771842674
10.129076957702637,-0.36559042814003817,0.03214722726786995
10.141894102096558,-0.3660977533202279,0.03134777166149351
10.153931140899658,-0.3665760115664047,0.03053059533108213
10.165130853652954,-0.3671142992510816,0.029529986496544328
10.177860736846924,-0.36761382408424115,0.02850947358026765
10.190230369567871,-0.3681505225917238,0.027297404853706828
10.201919317245483,-0.36864330246235716,0.0260668261748165
10.213913917541504,-0.36915555871397565,0.0246411143240099
10.225124835968018,-0.36966992282087424,0.02301627100054626
10.238715887069702,-0.370125544204419,0.02137398740289155
10.25035834312439,-0.37056586607234027,0.019532208623365015
10.2670419216156,-0.37105762673012266,0.01712003818050692
10.27838659286499,-0.37140971428892683,0.014875061335223998
10.290796995162964,-0.3716862787346762,0.012619535056887057
10.302029132843018,-0.37188700862930807,0.010355999284180201
10.322402000427246,-0.3721693954969167,0.005630223127555211
10.352682828903198,-0.3721436409356095,0.0005173459488048843
10.36427354812622,-0.37194617486990816,-0.002126445021801521
10.375667810440063,-0.3716805467842155,-0.004573859271583335
10.388431072235107,-0.3713250964492821,-0.00720107806771723
10.399916410446167,-0.3709133676068111,-0.009628190374599586
10.410915613174438,-0.37050116372304814,-0.011670049132328044
10.422158002853394,-0.3699505622727954,-0.014069472569931726
10.433867931365967,-0.3693254697390512,-0.016450576119590284
10.446181297302246,-0.3685727256403671,-0.018992622512806392
10.458150863647461,-0.36779494250961436,-0.02132831260172205
10.469692468643188,-0.3669447643183867,-0.023638635486754166
10.48067331314087,-0.36616482392029254,-0.025570161361217782
10.493111848831177,-0.3651832136205187,-0.027827778691351522
10.504676818847656,-0.36388909189094487,-0.030567393982675998
10.516083717346191,-0.36284042920545784,-0.032583378421353455
10.528078079223633,-0.3616420347612588,-0.03473378432398023
10.540306806564331,-0.36037722232518,-0.036845808067096246
10.551603078842163,-0.3589449121379773,-0.03907675205361829
10.56305480003357,-0.35776134532688547,-0.04079088998038678
10.574457168579102,-0.35630966123506536,-0.042779107294338065
10.58586859703064,-0.354680356491145,-0.044870515813686236
10.59876561164856,-0.3531031225606813,-0.04676068192240245
10.610401391983032,-0.35146776280518355,-0.048600788783440006
10.622106075286865,-0.3496457191561028,-0.05052660821532037
10.634195327758789,-0.34762539695705347,-0.05252332330697006
10.647603511810303,-0.3455438443214286,-0.05445612220243472
10.6588294506073,-0.3422889419092583,-0.05735020613167692
10.674627780914307,-0.3398275839341289,-0.059425140013107086
10.686575889587402,-0.33746942343912856,-0.06132759160913677
10.699146747589111,-0.3346583093556527,-0.06357330188568378
10.71236801147461,-0.33257511627707026,-0.06521309764757342
10.72458529472351,-0.3301853671267707,-0.06707571462217136
10.736043691635132,-0.32809433662025983,-0.06870550447494361
10.748980522155762,-0.3258707925796331,-0.07047310874190581
10.76051139831543,-0.32424955723931975,-0.07178104421417675
10.771870851516724,-0.322337262583792,-0.0733313744823392
10.785845279693604,-0.3200067068516137,-0.07526754414810283
10.79854941368103,-0.31842375948668716,-0.0766215666250853
10.810373783111572,-0.31671473513683945,-0.07811927235604472
10.821906566619873,-0.3150274273980555,-0.07964140220581614
10.833935022354126,-0.3133621852895555,-0.08118764132218795
10.846635818481445,-0.31144554792907503,-0.08301934128991574
10.858505487442017,-0.3098331238161007,-0.08462058304705967
10.870282888412476,-0.3081030436240678,-0.08637193033388627
10.88204836845398,-0.30626261874581245,-0.08828019127276854
10.894107103347778,-0.3040501371719282,-0.09061868629719527
10.907477378845215,-0.3022419894648247,-0.09255755849841434
10.918735980987549,-0.30005769376349345,-0.0949224022529135
10.930501222610474,-0.29826353550331136,-0.09687422695835682
10.94203782081604,-0.2962023984610912,-0.09909502795993476
10.95470380783081,-0.29374218330802365,-0.10172046476875549
10.966665267944336,-0.29152410256867606,-0.1040536496152233
10.978537559509277,-0.28930043540878847,-0.10638151087742931
10.990364789962769,-0.2870490284409181,-0.10868255419711381
11.002857208251953,-0.2843809156519758,-0.11137054672422733
11.014598369598389,-0.28168715271991074,-0.11403283351309286
11.026609182357788,-0.2792285569526464,-0.11639377652262557
11.038424015045166,-0.27663337253164516,-0.1188858830326879
11.05087661743164,-0.273870355655971,-0.12147622421196962
11.067924976348877,-0.2701402828738123,-0.12497318480399855
11.079850673675537,-0.26762580547262466,-0.12727452103323414
11.091484785079956,-0.26511132807143745,-0.1295758572624693
11.104344606399536,-0.26273654385920464,-0.13174934147896958
11.11603569984436,-0.259948817495475,-0.1343130714572049
11.12834358215332,-0.2578672648598499,-0.13624587035266977
11.1402006149292,-0.2555134294316889,-0.13844202437076053
11.152745723724365,-0.25302671424358264,-0.14077333143211368
11.164486408233643,-0.25097317421449616,-0.1427358671118223
11.176097393035889,-0.24851457844723226,-0.14509681012135456
11.188382148742676,-0.246484706985838,-0.14708381661238745
11.200835704803467,-0.2440545838079214,-0.14947405642906403
11.212533950805664,-0.24203905366670367,-0.15147560862549372
11.224446773529053,-0.2396261818639376,-0.1538832619860276
11.236106395721436,-0.23722488035388933,-0.15630245526042993
11.248349666595459,-0.2351007238857709,-0.15846305755941245
11.260757684707642,-0.23244552830062398,-0.16116381043313951
11.272453308105469,-0.23019964354866962,-0.16347024390822237
11.284333944320679,-0.22768336517281357,-0.16604199820669427
11.29598879814148,-0.22476265002915183,-0.16901282636779413
11.309099674224854,-0.22225254354167298,-0.17159060495759312
11.320880651473999,-0.21960382946182577,-0.1742977147454569
11.332521677017212,-0.21720833381131766,-0.17672265714260257
11.344370126724243,-0.21453378539810136,-0.17940424631055882
11.35777997970581,-0.21144330584823473,-0.1824732930117505
11.369001388549805,-0.20888423106277293,-0.18500246546117272
11.3806631565094,-0.2064655948933114,-0.18740432809688862
11.392532348632812,-0.20390046487217783,-0.18992735901449104
11.405144214630127,-0.20078799529804,-0.1929741023007413
11.417826414108276,-0.19807515714998775,-0.1956169490353838
11.4290292263031,-0.19563360281674072,-0.197995511096562
11.440675735473633,-0.1934734933252591,-0.2001201687113858
11.452122688293457,-0.1907733564609077,-0.20277599072991492
11.46908164024353,-0.18753319222368572,-0.20596297715215023
11.480914831161499,-0.18511455605422486,-0.2083648397878655
11.492729663848877,-0.18269591988476355,-0.21076670242358117
11.505041360855103,-0.1801550988922083,-0.21331421213313936
11.51784372329712,-0.17788720302160674,-0.21559900578118643
11.529788732528687,-0.17562479046279414,-0.21788922915626777
11.541064977645874,-0.1733678742154192,-0.2201848690989358
11.55283784866333,-0.17112752458406227,-0.2224966794768273
11.565163850784302,-0.1688927229461809,-0.22481385347404131
11.577883243560791,-0.16666348214277313,-0.22713637777627452
11.589693546295166,-0.16442868050489132,-0.22945355177348895
11.600964784622192,-0.16246170332541457,-0.23150283792251752
11.61405611038208,-0.16023803616552612,-0.23383069918472443
11.625586748123169,-0.15812947180660214,-0.23600652071685738
11.637944459915161,-0.15575733690281374,-0.23845431994050584
11.649766683578491,-0.15377080134292756,-0.24048465228140453
11.66211724281311,-0.15177940465406678,-0.24251021693670044
11.674153804779053,-0.14965007518694884,-0.24466572128971836
11.685809135437012,-0.14765382881152578,-0.24668650662067265
11.698082447052002,-0.14551933858037244,-0.24883690064236294
11.710510015487671,-0.14351825398866538,-0.2508528950376984
11.72298526763916,-0.1412448878374318,-0.253132245830461
11.734661340713501,-0.1393772088851721,-0.25501384059944054
11.746644496917725,-0.13736648238286664,-0.2570202183998858
11.75979232788086,-0.13537023600744447,-0.2590410037308392
11.771075248718262,-0.13364435887709805,-0.26079649309876274
11.782828569412231,-0.1317993650630396,-0.2627003369393791
11.79462218284607,-0.13008615652141473,-0.26446819193423626
11.806661367416382,-0.128104493504984,-0.2665032802946039
11.819908618927002,-0.1263912849633583,-0.26827113528946195
11.831149101257324,-0.12468231900497831,-0.2700430918755669
11.842929124832153,-0.12323986907336167,-0.2715459017181882
11.85460638999939,-0.1216702216663823,-0.27318909790327467
11.871767044067383,-0.1194354200285005,-0.2755062719004891
11.883957147598267,-0.11773070647295368,-0.27728231989631413
11.895638227462769,-0.11628465835432472,-0.2787816677768642
11.907962322235107,-0.11470323508513111,-0.2804135339259646
11.920516014099121,-0.11312181181593878,-0.2820454000750636
11.93205213546753,-0.11167217381917877,-0.2835412773784048
11.944244384765625,-0.11021895427379681,-0.28503367550934045
11.955913543701172,-0.1088945972338727,-0.2863872304032729
11.969028234481812,-0.10743780448995659,-0.2878761407865982
11.980705738067627,-0.10598458494457423,-0.28936853891753433
11.992170333862305,-0.10466022790465053,-0.29072209381146635
12.004259824752808,-0.10333587086472663,-0.2920756487053986
12.017757177352905,-0.10174664241681769,-0.29369991457811756
12.029003143310547,-0.10055472108088619,-0.29491811398265655
12.040667295455933,-0.09949783413878992,-0.2960034944415192
12.052289724349976,-0.09830883632893225,-0.29722454745773896
12.065078496932983,-0.09672741305973971,-0.29885641360683823
12.077762842178345,-0.09554134560784477,-0.30008031321866324
12.08908224105835,-0.09435821532896638,-0.3013070523936589
12.100704193115234,-0.09344029264520985,-0.302263385929873
12.11228346824646,-0.09225716236633189,-0.3034901251048682
12.124862432479858,-0.09120810787060996,-0.3045830777176845
12.137397289276123,-0.09015905337488887,-0.3056760303304999
12.148731231689453,-0.08910999887916779,-0.3067689829433153
12.160390853881836,-0.08806094438344629,-0.3078619355561311
12.172973394393921,-0.08701188988772521,-0.3089548881689465
12.184752941131592,-0.08596283539200328,-0.3100478407817628
12.196635961532593,-0.0849137808962822,-0.3111407933945782
12.208676099777222,-0.08425812183645646,-0.3118238887775878
12.221458435058594,-0.08307499155757765,-0.3130506279525839
12.233015060424805,-0.08228427992298117,-0.3138665610271338
12.244792461395264,-0.08123522542725967,-0.3149595136399496
12.257057905197144,-0.08044843455546896,-0.31577922809956105
12.273445129394531,-0.07926824824778206,-0.3170087997889791
12.284908294677734,-0.07834803580865489,-0.3179629302584197
12.297746896743774,-0.07742553890162587,-0.31891485217872767
12.309706926345825,-0.07663678538237348,-0.3197326782953916
12.3261137008667,-0.07545365510349511,-0.32095941747038725
12.338524341583252,-0.07492912785563435,-0.32150589377679517
12.350481748580933,-0.07401120517187869,-0.3224622273130084
12.362115383148193,-0.07322638146838838,-0.3232838254055523
12.374821186065674,-0.0724415577648985,-0.32410542349809573
12.387161254882812,-0.07165673406140817,-0.32492702159063963
12.39865255355835,-0.071002714308501,-0.3256116866677581
12.410279989242554,-0.07035033762045756,-0.3262979175049545
12.422977924346924,-0.0695655139169681,-0.3271195155974975
12.434773445129395,-0.06878069021347821,-0.327941113690041
12.447447776794434,-0.06812667046056976,-0.32862577876716076
12.460961818695068,-0.06733987958877863,-0.32944549322677263
12.473910093307495,-0.0665530887169875,-0.3302652076863845
12.485713720321655,-0.06602856146912717,-0.330811683992792
12.497966289520264,-0.06537290240930144,-0.33149477937580163
12.50956678390503,-0.06471560780992465,-0.332176301139688
12.521894931793213,-0.06392881693813351,-0.33299601559929987
12.533904552459717,-0.06340428969027234,-0.3335424919057082
12.545694589614868,-0.06287976244241159,-0.33408896821211614
12.557956218719482,-0.06209297157062088,-0.3349086826717276
12.569741010665894,-0.061568444322760554,-0.33545515897813505
12.582035541534424,-0.06091278526293441,-0.3361382543611452
12.594026565551758,-0.06038956946060781,-0.3366859864228408
12.60562539100647,-0.05986635365828164,-0.337233718484536
12.617926597595215,-0.05921233390537276,-0.3379183835616562
12.630290269851685,-0.058687806657512435,-0.3384648598680637
12.641777753829956,-0.058163279409651686,-0.3390113361744716
12.653556108474731,-0.057769883973756334,-0.3394211934042773
12.665069580078125,-0.056985060270266875,-0.3402427914968203
12.682127475738525,-0.05633104051735885,-0.34092745657393964
12.69429349899292,-0.05593961450453227,-0.34133919507625804
12.706551551818848,-0.055285594751624666,-0.34202386015337694
12.71913766860962,-0.054894168738798516,-0.3424355986556949
12.731935262680054,-0.05437095293647235,-0.34298333071739007
12.743881464004517,-0.053978541084726765,-0.34339412976366246
12.755080461502075,-0.05345401383686644,-0.34394060607006993
12.767727851867676,-0.05292948658900569,-0.34448708237647785
12.780265808105469,-0.05240495934114494,-0.34503355868288577
12.791775703430176,-0.05201156390524959,-0.34544341591269145
12.803587436676025,-0.05174995600408672,-0.34571728194353885
12.81490421295166,-0.0512267402017597,-0.3462650140052349
12.82824993133545,-0.050834328350014536,-0.34667581305150685
12.840312242507935,-0.05030980110215421,-0.3472222893579143
12.851906538009644,-0.049916405666258865,-0.34763214658772007
12.863932132720947,-0.0495239938145137,-0.348042945633992
12.877075433731079,-0.04900209246407954,-0.3485919303037485
12.888544797897339,-0.04861066645125296,-0.3490036688060669
12.90041470527649,-0.04834905855009009,-0.3492775348369143
12.911861896514893,-0.04795664669834536,-0.3496883338831858
12.923876523971558,-0.04756522068551921,-0.3501000723855038
12.936150312423706,-0.04717280883377491,-0.35051087143177484
12.948399782180786,-0.04678138282094876,-0.3509226099340928
12.960272312164307,-0.046519774919785886,-0.3511964759649402
12.971784114837646,-0.04612736306804031,-0.3516072750112126
12.984388828277588,-0.045733967632144955,-0.35201713224101827
12.996082544326782,-0.0453415557803998,-0.3524279312872902
13.008335590362549,-0.04521108044279137,-0.35256517745472926
13.02022647857666,-0.044818668591046634,-0.35297597650100077
13.032814264297485,-0.044296767240612045,-0.3535249611707577
13.04440951347351,-0.04416629190300276,-0.35366220733819764
13.05614161491394,-0.04377388005125888,-0.35407300638446826
13.072093963623047,-0.0433824540384323,-0.35448474488678666
13.08501935005188,-0.04285923823610656,-0.3550324769484814
13.097885608673096,-0.042597630334942835,-0.35530634297932967
13.109708786010742,-0.042336022433779534,-0.3555802090101775
13.12095832824707,-0.042074414532616664,-0.3558540750410249
13.133777379989624,-0.04168200268087151,-0.35626487408729685
13.145147323608398,-0.04142105200565421,-0.3565393664221753
13.157865047454834,-0.04116010133043735,-0.35681385875705335
13.169098138809204,-0.04089915065521963,-0.35708835109193227
13.181731939315796,-0.040638199980002336,-0.35736284342681074
13.193556547164917,-0.04037724930478504,-0.3576373357616892
13.205040454864502,-0.04011629862956775,-0.3579118280965677
13.21772050857544,-0.03972487261674202,-0.3583235665988852
13.229079246520996,-0.03959406866616016,-0.3584604996143093
13.24183964729309,-0.03933311799094329,-0.35873499194918734
13.253860235214233,-0.039070854367012915,-0.3590082301023913
13.265173435211182,-0.0388099036917952,-0.3592827224372702
13.277926921844482,-0.03867877187983022,-0.35941934151387195
13.29049301147461,-0.03841716397866735,-0.35969320754471934
13.301903486251831,-0.03815555607750363,-0.3599670735755676
13.322438955307007,-0.037763144225758896,-0.3603778726218391
13.348256587982178,-0.03750088060182895,-0.36065111077504264
13.36358904838562,-0.036978979251393936,-0.36120009544480003
13.37491774559021,-0.036978979251393936,-0.36120009544480003
13.38829517364502,-0.03671802857617707,-0.36147458777967806
13.400023460388184,-0.036457077900959776,-0.36174908011455653
13.411444664001465,-0.036326602563350914,-0.361886326281996
13.422971487045288,-0.0360663106134826,-0.3621614433436928
13.435650110244751,-0.035936164638547596,-0.3622990018745421
13.448028087615967,-0.035805689300939164,-0.36243624804198116
13.459732294082642,-0.035544081399776294,-0.36271011407282855
13.476554870605469,-0.03528247349861257,-0.36298398010367683
13.4900062084198,-0.03515166954803113,-0.3631209131191005
13.501890420913696,-0.03515166954803113,-0.3631209131191005
13.513909101486206,-0.03488940592410118,-0.363394151272304
13.525079727172852,-0.03475827411213578,-0.36353077034890624
13.538431644439697,-0.034496666210972485,-0.3638046363797541
13.550180196762085,-0.034496666210972485,-0.3638046363797541
13.561840057373047,-0.03436586226039062,-0.3639415693951782
13.578715562820435,-0.03423538692278219,-0.36407881556261723
13.591116428375244,-0.03423538692278219,-0.36407881556261723
13.602960348129272,-0.03423538692278219,-0.36407881556261723
13.614739418029785,-0.03410524094784803,-0.36421637409346563
13.627480745315552,-0.0341052409478476,-0.3642163740934661
13.6400728225708,-0.03397280524385583,-0.36435172958285866
13.651564836502075,-0.03397280524385496,-0.36435172958285955
13.663105487823486,-0.03411002114069758,-0.36422122241119975
13.674805164337158,-0.03397002188364137,-0.3643487392031301
13.687590837478638,-0.03382670935309498,-0.36447252063465096
13.701751947402954,-0.0335336570115721,-0.36471244066701874
13.71364974975586,-0.03323271972518066,-0.36494239293698527
13.726146459579468,-0.032924236378136504,-0.3651621184962639
13.739862203598022,-0.03229287232635302,-0.3655806213293813
13.751168727874756,-0.03148418897298426,-0.3660731041605603
13.763012647628784,-0.030988670238975228,-0.3663509604220604
13.774619579315186,-0.029644842824434553,-0.3670503806310775
13.786610126495361,-0.028960014070725362,-0.3673740699347404
13.799920320510864,-0.02739558054589956,-0.3680502607411487
13.811418771743774,-0.02598164098091506,-0.3685941685048587
13.82303237915039,-0.02490632459405144,-0.3689611376307696
13.834676504135132,-0.02291637713364891,-0.3695769365696626
13.84816288948059,-0.021086029495804997,-0.3700625907107157
13.860002040863037,-0.019238406118989252,-0.37047770548704756
13.871496677398682,-0.01663369034430346,-0.3709717492872007
13.887644529342651,-0.014759689226105334,-0.3712440583562245
13.900108814239502,-0.012126208419653492,-0.3715496763946643
13.911174535751343,-0.00986055468688931,-0.3717248901159633
13.922777652740479,-0.007969091542857054,-0.3718165394195634
13.934258937835693,-0.005507779966989132,-0.3718649141695661
13.947177171707153,-0.0030461561336574175,-0.3718365788008795
13.958418369293213,-0.0005866102375551171,-0.3717315608266626
13.969925165176392,0.0016796172533593522,-0.37156393134135035
13.98098111152649,0.0037506670828053213,-0.37134065610256756
13.993521690368652,0.006378140420434308,-0.37098709224212323
14.00480031967163,0.009181230727927574,-0.3705274644870572
14.016159534454346,0.01122338492794821,-0.3701167267950447
14.028153657913208,0.013807804484088113,-0.3695256268870722
14.03974437713623,0.016187855115625153,-0.3688965372422207
14.051763534545898,0.01854714982227284,-0.36819359821418945
14.06307315826416,0.020523975008110543,-0.3675368932477552
14.07448673248291,0.022838949078887626,-0.3666994627482097
14.085953712463379,0.02512670758110697,-0.365790311591653
14.098792791366577,0.027558746183359736,-0.36473493877576474
14.110337972640991,0.029782914992461718,-0.36367972889211264
14.121652126312256,0.031973127005872994,-0.36255573328435686
14.133088111877441,0.033961553368274194,-0.36145571179082703
14.148496627807617,0.036895502767383244,-0.3597205789531044
14.160125255584717,0.038958440921663895,-0.3583771948079127
14.171172380447388,0.04097852196376776,-0.35697018827868904
14.182657718658447,0.04264989789631844,-0.3557269659653468
14.194067001342773,0.04503246924125705,-0.35385517623845664
14.206555604934692,0.04661993971935461,-0.3525064595486102
14.218440532684326,0.0485943981389031,-0.3507372400899682
14.23029375076294,0.05023495649103712,-0.349164835886793
14.241966724395752,0.05222827654584071,-0.34714116395085304
14.254581689834595,0.05454343791353136,-0.344639409989605
14.267059087753296,0.05653655002315312,-0.3423573611045246
14.282974481582642,0.05910916259797126,-0.3393248592475655
14.294506549835205,0.061150270883560905,-0.3368353792495464
14.307746887207031,0.06303173043919959,-0.3344604365268868
14.322489261627197,0.06514837243929233,-0.3317886259638957
14.334050416946411,0.06679464955047655,-0.32971055108156805
14.345523357391357,0.06879370032834244,-0.32718717443874246
14.371631622314453,0.0720962076475962,-0.3230389290771794
14.394879817962646,0.07511535423604403,-0.31939236130693477
14.420980453491211,0.0781213986470866,-0.31598366012634854
14.443110227584839,0.08122423658795591,-0.3126628253740029
14.470710515975952,0.08455451191940652,-0.309298012029662
14.484471797943115,0.08647726933400267,-0.3074727374015629
14.496133089065552,0.08855602288277441,-0.30553692836432417
14.50841736793518,0.09065782788465009,-0.30362617231519595
14.532877922058105,0.09513189457106956,-0.2995391563784598
14.548740148544312,0.09751912429444251,-0.29737934899309215
14.5604088306427,0.09948080896285907,-0.2955959766805731
14.571896076202393,0.10171293746012326,-0.29354711227141306
14.584453344345093,0.10378704477889233,-0.29160632589073865
14.596620559692383,0.10624788230709405,-0.2892477195859752
14.608454465866089,0.10841509103257249,-0.287130303864954
14.620171308517456,0.11081868966653323,-0.284713392892681
14.632521629333496,0.11319900418755124,-0.28227354703236474
14.644259929656982,0.11568674973996816,-0.27967418189777316
14.65607738494873,0.11814316310982359,-0.2770451877188323
14.668493509292603,0.12046431469007446,-0.2745489905345998
14.68558120727539,0.12378236398687816,-0.2709113913230671
14.698034286499023,0.12594043036090938,-0.26852258760167774
14.709996938705444,0.1282193723057257,-0.265987795962662
14.722167491912842,0.13025587704829913,-0.2637443852938602
14.734810829162598,0.13267422643010407,-0.2610803351246592
14.747130870819092,0.13459852464043104,-0.25899092148851016
14.75864052772522,0.13653779835347443,-0.2569153997682941
14.770452976226807,0.13848204165310113,-0.25484453257384393
14.782976150512695,0.14070233789195888,-0.25251345593294383
14.794756650924683,0.14281817302175304,-0.25034470405710674
14.807133913040161,0.14481149307655578,-0.24832103212116766
14.818679809570312,0.1468193140918761,-0.2463117467468041
14.831639766693115,0.14936864749268797,-0.24377275555973676
14.843444108963013,0.15139564147881482,-0.24178281377028693
14.85482931137085,0.15384514330025537,-0.2394124370348647
14.867129564285278,0.15615856168717074,-0.2371737478958555
14.878636837005615,0.15847733970848427,-0.23494061060005006
14.891182899475098,0.16147117526802368,-0.2320434834789775
14.902899265289307,0.16392067708946334,-0.22967310674355612
14.914432287216187,0.16650626234542903,-0.22717104241172087
14.92660641670227,0.1693440539260061,-0.22438512390649162
14.939073324203491,0.17204034478622615,-0.2217253973646401
14.950846433639526,0.17485802907133405,-0.21891914394735507
14.962520122528076,0.17725582730997855,-0.21649647833942962
14.974239349365234,0.18003967615015945,-0.21365665640705409
14.987690687179565,0.1830662081591845,-0.21052453005254845
14.998948097229004,0.18529765432966658,-0.20820412455301077
15.01069712638855,0.18766624459759845,-0.2057528952320941
15.022295951843262,0.19002305617357299,-0.20329033878879618
15.034829378128052,0.19290360365531922,-0.2002805475803214
15.047152996063232,0.19499854727840768,-0.1980916085196121
15.058793067932129,0.19749872589455916,-0.1955041997919767
15.070525407791138,0.1996093563089641,-0.19333038235502323
15.087852954864502,0.2029072163314718,-0.18993379260978338
15.099680423736572,0.20516631239358205,-0.18764029774905186
15.110875844955444,0.20717413340890234,-0.1856310123746883
15.12252950668335,0.20918676504112207,-0.18362654564805633
15.135600566864014,0.21187667262071344,-0.1809603635662036
15.147949695587158,0.21404895070052024,-0.17884814886608225
15.159610271453857,0.2162212287803266,-0.1767359341659613
15.170894861221313,0.21855068606915354,-0.17451393901889753
15.18279242515564,0.22074812311440536,-0.1724279108724994
15.195687770843506,0.22335757960564323,-0.16995075244865043
15.20798110961914,0.22555000999512717,-0.16785946289847298
15.21969723701477,0.22787946728395367,-0.16563746775140964
15.23099136352539,0.2297934520281101,-0.1638029961810385
15.243979930877686,0.23225428955631136,-0.16144438987627546
15.255772590637207,0.234556948827132,-0.1591946356726906
15.268038034439087,0.23671907574566753,-0.15707203109727727
15.279884576797485,0.2388710018093405,-0.15493908543179516
15.292270421981812,0.24101267755901484,-0.15279584769914134
15.30416989326477,0.2431543533086887,-0.15065260996648797
15.316104888916016,0.24529602905836348,-0.14850937223383373
15.328400135040283,0.2471699953393289,-0.14663403921776128
15.340908765792847,0.24931167108900323,-0.14449080148510746
15.352733135223389,0.25132910177369683,-0.14249116492371777
15.364371538162231,0.2532165053758503,-0.14062935634442225
15.376553773880005,0.25523872352101584,-0.13863456143803307
15.388423681259155,0.2572752342208345,-0.1366543601566695
15.40081787109375,0.2593164857387013,-0.1346790462104846
15.412506580352783,0.26095327022433457,-0.1331027140016806
15.424250602722168,0.26286285212424004,-0.13126365975807597
15.436058044433594,0.26478122871503845,-0.12943378140167075
15.449115753173828,0.2665707039632454,-0.12774316816204526
15.460791826248169,0.26835612156251304,-0.1260482702930963
15.472534418106079,0.27000044435462633,-0.12447980313046289
15.488803386688232,0.27246692854279536,-0.1221271023865136
15.501891851425171,0.27424011173556495,-0.12041940916030908
15.514036893844604,0.2758731129498585,-0.11883915800336106
15.525682210922241,0.2774985194939673,-0.11725109621259512
15.538017511367798,0.2789884754927331,-0.11579537290439365
15.550711154937744,0.28074520361404265,-0.11407075668687089
15.56238865852356,0.2822351596128089,-0.11261503337866899
15.574266910552979,0.283721621869302,-0.11115574273307241
15.585967302322388,0.28533939638543343,-0.1095599068079621
15.598992347717285,0.2866939018388579,-0.10823652198232339
15.610831499099731,0.2881838578376241,-0.1067807986741215
15.622528791427612,0.28954153163750335,-0.10546066448654565
15.634289503097534,0.29076343805739446,-0.1042725437177276
15.64783501625061,0.29239643927168757,-0.10269229256078001
15.65910029411316,0.29362119018240873,-0.10150710419306803
15.670928955078125,0.2949851772537689,-0.10019349401906556
15.682664394378662,0.2960813924485106,-0.09914784924397704
15.695001363754272,0.29758868834128094,-0.09771008767822997
15.707855939865112,0.29881910710538245,-0.09653078452584761
15.720256090164185,0.2999153223001242,-0.09548513975075909
15.732129096984863,0.30114856439420895,-0.09430878937878426
15.744884729385376,0.302515696354321,-0.09299845254280457
15.757484912872314,0.3036094019224102,-0.09195018307402125
15.768798351287842,0.3047031074905003,-0.09090191360523708
15.780500650405884,0.305796813058589,-0.08985364413645418
15.792144536972046,0.3068854805347855,-0.0888001433651548
15.804790019989014,0.30824631488003,-0.08748326740103152
15.817112445831299,0.3091988989217017,-0.08656145422614471
15.82862639427185,0.31015368987165376,-0.08564192710434303
15.84039044380188,0.31124235734784933,-0.0845884263330445
15.853378295898438,0.3123310248240458,-0.08353492556174512
15.86469292640686,0.31341969230024136,-0.0824814247904466
15.880554914474487,0.3146444432109621,-0.08129623642273506
15.892289638519287,0.31546283545377823,-0.0805080703183335
15.904913902282715,0.31669042381800294,-0.07932582116173072
15.917872428894043,0.3175107029940702,-0.07853961906014291
15.93898868560791,0.3190145481501932,-0.07709824854056546
15.953065395355225,0.32011076334493493,-0.07605260376547696
15.964797496795654,0.32106995164033414,-0.07513766458727436
15.977596759796143,0.3217566507169754,-0.07448578079152489
15.988973140716553,0.3225788121130321,-0.07370154721020819
16.001789093017578,0.3234047237660512,-0.07292126417653436
16.013688325881958,0.3242268851621074,-0.07213703059521807
16.02493143081665,0.32504904655816447,-0.07135279701390095
16.037739515304565,0.32587120795422064,-0.07056856343258466
16.050238609313965,0.32641680278276464,-0.07004311936298377
16.061947345733643,0.3272351950255817,-0.06925495325858134
16.073915719985962,0.3280535872683983,-0.06846678715417935
16.085057258605957,0.3285991820969423,-0.06794134308457846
16.09792971611023,0.3292811756326221,-0.06728453799757744
16.1102352142334,0.33010145480868935,-0.06649833589598962
16.12180519104004,0.3306483075927346,-0.06597420116159733
16.133657217025757,0.3314685867688014,-0.06518799906000994
16.144972324371338,0.3321521527488577,-0.06453283064201988
16.15863800048828,0.3327002603462288,-0.06401000825447542
16.170297384262085,0.33338539484294244,-0.06335648027004503
16.181859493255615,0.33407209391958415,-0.06270459647429515
16.193955898284912,0.3346227016882628,-0.06218440778517996
16.206642627716064,0.33517330945694146,-0.06166421909606477
16.218641757965088,0.33572391722562056,-0.06114403040694916
16.23044443130493,0.3362745249943001,-0.060623841717833124
16.24205708503723,0.3369627847051488,-0.05997360585643882
16.2547709941864,0.33764948378179005,-0.05932172206068936
16.267096996307373,0.33819759137916117,-0.05879889967314489
16.282423734664917,0.3387456989765323,-0.058276077285600414
16.294252634048462,0.33929380657390296,-0.057753254898056376
16.307840824127197,0.33997894107061705,-0.057099726913625574
16.319730520248413,0.34052579385466186,-0.056575592179233705
16.331135511398315,0.3410726466387058,-0.056051457444842676
16.342963933944702,0.34148278622674005,-0.055658356394048134
16.356038808822632,0.34203089382411117,-0.055135534006503666
16.36828923225403,0.34257900142148184,-0.05461271161895962
16.38003420829773,0.34299008211950993,-0.05422059482830149
16.391722679138184,0.3435369349035552,-0.05369646009390918
16.403516054153442,0.34394707449158857,-0.053303359043115485
16.41604232788086,0.34435815518961665,-0.052911242252457344
16.42835259437561,0.34477017463560133,-0.05252011197500775
16.440107345581055,0.3453182822329729,-0.05199728958746285
16.451797008514404,0.34572936293100054,-0.05160517279680514
16.46454882621765,0.3462787221923146,-0.051083665760204545
16.476170539855957,0.3466907416382988,-0.050692535482755374
16.48858070373535,0.3471036974648084,-0.05030239396591845
16.500255584716797,0.3475157169107931,-0.049911263688468856
16.51307439804077,0.34792679760882117,-0.049519146897810715
16.524680137634277,0.3483388170548063,-0.0491280166203607
16.536641597747803,0.34874989775283394,-0.04873589982970298
16.548509120941162,0.3491619171988195,-0.04834476955225253
16.56092119216919,0.3497100247961902,-0.047821947164708486
16.5728178024292,0.34998407859487574,-0.047560535970936256
16.584393978118896,0.3503951592929034,-0.047168419180278545
16.596036672592163,0.35080529888093764,-0.046775318129483996
16.60899257659912,0.35135340647830876,-0.04625249574193953
16.620768785476685,0.3516274602769943,-0.04599108454816729
16.632526874542236,0.3519015140756799,-0.04572967335439505
16.644203901290894,0.35244962167305055,-0.045206850966851016
16.65587091445923,0.3525866485723935,-0.04507614536996468
16.668887615203857,0.3531360078337067,-0.04455463833336494
16.68434190750122,0.35354802727969137,-0.044163508055915346
16.69660472869873,0.3538233311640305,-0.04390341371135797
16.709923267364502,0.35437393893271,-0.043383225022241935
16.722145557403564,0.35464924281704957,-0.04312313067768413
16.734140157699585,0.35506032351507766,-0.042731013887025986
16.74597930908203,0.35533500314573424,-0.042470260368726115
16.758339643478394,0.3557470225917185,-0.042079130091276944
16.770779371261597,0.3560210763904049,-0.04181771889750386
16.782306909561157,0.35629513018909004,-0.041556307703732046
16.794166088104248,0.35656918398777515,-0.04129489650996024
16.80582070350647,0.35684323778646115,-0.04103348531618758
16.819047451019287,0.3572543184844897,-0.040641368525529006
16.830721855163574,0.3575289981151458,-0.04038061500722956
16.84228253364563,0.3578036777458024,-0.04011986148892969
16.854106187820435,0.358078357376459,-0.03985910797062981
16.86751413345337,0.35835303700711557,-0.03959835445232994
16.878878355026245,0.35862771663777215,-0.03933760093403007
16.89053225517273,0.3589023962684283,-0.03907684741573062
16.90204882621765,0.3590397360837564,-0.0389464706565809
16.91471552848816,0.35958784368112795,-0.038423648269036006
16.927067041397095,0.35958784368112795,-0.038423648269036006
16.938685417175293,0.3599989243791565,-0.03803153147837744
16.950378894805908,0.3601356375751675,-0.037900497794779685
16.962844610214233,0.36054671827319557,-0.037508381004121544
16.974525451660156,0.3606840580885241,-0.0373780042449714
16.986165285110474,0.3608210849878671,-0.03724729864808506
16.998608112335205,0.3610957646185232,-0.036986545129785615
17.01037359237671,0.36137044424917936,-0.03672579161148617
17.0228271484375,0.3616451238798368,-0.036465038093185444
17.034520149230957,0.3617824636951649,-0.03633466133403572
17.046159029006958,0.3619194905945079,-0.036203955737149386
17.058653831481934,0.36219417022516315,-0.035943202218850785
17.071171522140503,0.36233151004049213,-0.035812825459700215
17.08764147758484,0.3626055638391777,-0.03555141426592798
17.098906755447388,0.36287961763786325,-0.03529000307215574
17.11089062690735,0.36287961763786325,-0.03529000307215574
17.123918294906616,0.3631536714365488,-0.03502859187838351
17.135554552078247,0.3634277252352339,-0.0347671806846117
17.147926330566406,0.3634277252352339,-0.0347671806846117
17.159136295318604,0.3634277252352339,-0.0347671806846117
17.171969413757324,0.3637017790339195,-0.034505769490839465
17.183887243270874,0.3639758328326055,-0.034244358297066804
