6.844454288482666,0.032346056606869726,0.36273808440742067
6.857167959213257,0.032221759893106335,0.36288095025760353
6.868310928344727,0.03222175989310613,0.36288095025760375
6.880990028381348,0.03234639870833171,0.3627383827650256
6.8923656940460205,0.032346398708331815,0.3627383827650255
6.903876781463623,0.032346398708331815,0.3627383827650255
6.915377378463745,0.032607085466143236,0.3624636397740229
6.9282121658325195,0.03260708546614335,0.3624636397740228
6.939822673797607,0.03247030859853289,0.3625946069939195
6.951179265975952,0.03247030859853278,0.3625946069939196
6.962916612625122,0.0324703085985329,0.3625946069939195
6.974069118499756,0.03202849652059359,0.36295174143022435
6.9874427318573,0.03157413165042036,0.36329276266498833
6.999310255050659,0.03110780134278735,0.3636172298620829
7.010411262512207,0.030152415497450583,0.36423221730728844
7.028005123138428,0.029332615364834724,0.3647059639142257
7.039726495742798,0.028329054625330773,0.3652387279458156
7.051135778427124,0.02730580377193849,0.36573262000108975
7.062865257263184,0.026264367778230293,0.36618691367509254
7.074107646942139,0.024680229235854334,0.3668155561321588
7.087353229522705,0.02325051047613049,0.36731652021964184
7.098468542098999,0.021983618839773806,0.3677065733795705
7.110117197036743,0.020339923914885562,0.3681570767138146
7.121707201004028,0.018312468287238797,0.3686351174089705
7.133889675140381,0.016454895640266493,0.36900316126682553
7.145106077194214,0.014212244940787093,0.3693697734939071
7.1570398807525635,0.01252197835350453,0.3695881427320912
7.167847633361816,0.01007301485267463,0.36983908607538546
7.179890871047974,0.0078063134874398,0.37000018109630073
7.190907001495361,0.0055354832224952105,0.37008513162739276
7.201848745346069,0.0034524480629650137,0.37009311614132206
7.213150262832642,0.0009912861860743938,0.3700376453771213
7.223943471908569,-0.0010887619543403018,0.36992584662104444
7.236865282058716,-0.0035426627078955016,0.3697289560889117
7.247831344604492,-0.006177435702450279,0.36943468612692104
7.259057521820068,-0.008051304245913472,0.3691614662486123
7.2699196338653564,-0.010664798457587601,0.36871618931353595
7.281917095184326,-0.013076375044568633,0.3682215246240081
7.293242454528809,-0.0154713686547457,0.3676519630407238
7.3041627407073975,-0.018030229569888704,0.36695852641036836
7.315474987030029,-0.02002426129512125,0.3663560841251096
7.327264308929443,-0.02254102270030613,0.3655226961165944
7.33928918838501,-0.024850734548989256,0.36467085929771703
7.350072145462036,-0.026781699916546137,0.36388953223585524
7.3622050285339355,-0.02921222046422154,0.36283066802799324
7.373578310012817,-0.03143487166705533,0.36177226525943806
7.385401725769043,-0.03362346733085255,0.3606451256006784
7.397283315658569,-0.03594145275397736,0.35935843716848276
7.408160924911499,-0.03789017433325601,0.358189518483811
7.4238574504852295,-0.04108066827952319,0.3561487151960911
7.437894821166992,-0.04308853572907655,0.3547243335425423
7.449225902557373,-0.045051049178302625,0.3532380846564034
7.460019588470459,-0.04667164861680317,0.35192936135171543
7.471046209335327,-0.04868959849069504,0.3502099132280941
7.4836647510528564,-0.05050878289833937,0.3485513105388023
7.495162487030029,-0.052411301514710164,0.3467049502116376
7.507398843765259,-0.05438219133728843,0.34465942674502925
7.518444299697876,-0.05617071482864902,0.3427024374082629
7.5299577713012695,-0.058171479038454085,0.3404270944512168
7.542194366455078,-0.06037284060319933,0.3378246432408513
7.553438186645508,-0.06205572280944465,0.33577609960615157
7.56416392326355,-0.06394514704119192,0.3334074883953575
7.575372934341431,-0.06558843827724026,0.33132705155255454
7.587935924530029,-0.06711435156785646,0.3293952173413805
7.599299430847168,-0.0687526511428878,0.3273108474016102
7.610038757324219,-0.07016545696132195,0.3255309972943488
7.621023178100586,-0.07170522288037916,0.3236101860843511
7.632160425186157,-0.07313925880783623,0.3218473963510919
7.644076347351074,-0.07459013065212024,0.3200984373531779
7.655273675918579,-0.07592776720853679,0.3185016193700503
7.667266368865967,-0.0775400517260391,0.3166412609571187
7.67835259437561,-0.07879733264517998,0.315225182883548
7.690796852111816,-0.080330352780632,0.3135477634520339
7.702077388763428,-0.08188733884370294,0.3118925652511158
7.713565111160278,-0.08307281129006348,0.3106680893063997
7.725038528442383,-0.08480623518948563,0.3089200514421494
7.73784613609314,-0.08656048489898724,0.30719291428874884
7.7494354248046875,-0.08860835820037725,0.30522446619783006
7.760913133621216,-0.09053286888091377,0.30340104025091946
7.772246837615967,-0.09260418703380993,0.3014572773912396
7.783838748931885,-0.0946894294933945,0.29952845992192423
7.797123670578003,-0.09718616505760362,0.2972078874573188
7.808142900466919,-0.09939557108735966,0.2951345404069935
7.823880434036255,-0.10229541650141458,0.29241327240344145
7.835444688796997,-0.10516243912336089,0.2896574450761548
7.848390102386475,-0.10733168175987755,0.28754211309763883
7.859931945800781,-0.10962570061076407,0.2852835491278075
7.8712756633758545,-0.11215916630992004,0.28272872455697956
7.882930517196655,-0.1145418245104013,0.2802911673903164
7.8954176902771,-0.11757136520665563,0.2771619510871534
7.9076011180877686,-0.11979390066778352,0.27483300930641374
7.919057130813599,-0.121988364030298,0.2724775976131799
7.930167198181152,-0.1244473028227381,0.2698509653489417
7.942816734313965,-0.12689993834554866,0.2672184463976801
7.958264112472534,-0.12999002444305463,0.2638857425930067
7.970132112503052,-0.1321788354287879,0.26152507739802977
7.981703281402588,-0.13424421271115486,0.25930821933380926
7.994135856628418,-0.13682593431411327,0.25653714675353395
8.006006240844727,-0.13889131159648002,0.25432028868931367
8.01763367652893,-0.14084744082039125,0.2522606451753652
8.02945876121521,-0.14293923890145246,0.25006869996996345
8.040868520736694,-0.14504152137886964,0.24788680827224754
8.053396224975586,-0.14728628484422324,0.24557928347743913
8.064372539520264,-0.14954758399325682,0.24328796074752504
8.076541662216187,-0.15154768849259023,0.24127099398108215
8.08798098564148,-0.15369654936367236,0.23913496028468403
8.101366996765137,-0.1562483216480822,0.23659842027021147
8.113988876342773,-0.15894079028133035,0.2339348245164769
8.127326488494873,-0.16149863548291585,0.2314044085504293
8.138309001922607,-0.16392759661914855,0.22901298787649035
8.151031017303467,-0.1665035722500124,0.22650103115200235
8.162346839904785,-0.16880299843226837,0.22424797258054918
8.173787593841553,-0.17124339639834968,0.22186822410471865
8.185128688812256,-0.17380729981992898,0.21934394672667162
8.197882890701294,-0.17649976845317703,0.21668035097293717
8.209558725357056,-0.179179436563647,0.2140038778275337
8.225531816482544,-0.18293097191830468,0.21025681542396907
8.237672805786133,-0.18534267321772782,0.20784798959310577
8.250101089477539,-0.18814281951679473,0.2050242361200856
8.261510610580444,-0.19054873977822281,0.20260963620773545
8.273393630981445,-0.1929430565242586,0.20018352978782614
8.284440279006958,-0.1956034084642983,0.19748785598792698
8.297530889511108,-0.1979977252103341,0.19506174956801767
8.30903697013855,-0.200259024359368,0.19277042683810325
8.320184707641602,-0.20267072565879102,0.19036160100724003
8.3315110206604,-0.20494844355269054,0.18808659883364703
8.343331336975098,-0.20735436381411884,0.18567199892129668
8.355505228042603,-0.2103090475118566,0.18273495258874942
8.368277788162231,-0.21246812407739685,0.18060924532302583
8.379886627197266,-0.21477294437869582,0.17836170509585259
8.391276597976685,-0.21707237056095202,0.1761086465243992
8.403869152069092,-0.21951276852703333,0.17372889804856867
8.415460109710693,-0.2219645472336861,0.1713608764661764
8.427547931671143,-0.2241539722082429,0.1692664406767085
8.439241886138916,-0.22646954098674815,0.16702997584889373
8.451436758041382,-0.22879046406165712,0.16479906801251878
8.463303327560425,-0.2309698229120151,0.16269415993928127
8.474312543869019,-0.2332853916905208,0.16045769511146604
8.486466646194458,-0.23518791030689146,0.15861133478430145
8.49777865409851,-0.23749811148391295,0.15636932581560165
8.51017165184021,-0.23966735412042972,0.15425399383708555
8.524149656295776,-0.2423661998273551,0.151596859754931
8.536380052566528,-0.24424645308955203,0.1497278302705826
8.547841548919678,-0.24612670635174866,0.14785880078623448
8.560229063034058,-0.24839896437643103,0.14557834531345903
8.571775436401367,-0.25027473205376,0.14370481411167663
8.583468198776245,-0.25215049973108916,0.141831282909894
8.59447169303894,-0.2541602508139413,0.1398239280508417
8.607727527618408,-0.2561748078805808,0.1378213964604685
8.623192310333252,-0.2585980296505041,0.1354241602821074
8.634403705596924,-0.26049167474177376,0.1335687002820871
8.647044897079468,-0.26212240498437706,0.13198610571594618
8.659514904022217,-0.2641702782857674,0.13001765762502704
8.671046018600464,-0.26594918607759455,0.12831592854608462
8.682828903198242,-0.26745786301432267,0.12687961620927027
8.694029569625854,-0.26924490864624956,0.12518643497285317
8.707363605499268,-0.2711562570608802,0.12334921675466232
8.7184476852417,-0.27266493399760877,0.12191290441784755
8.730003356933594,-0.27417704953231603,0.12048021260241781
8.741443634033203,-0.27582287891783774,0.11891332641680201
8.75386905670166,-0.277597702445709,0.1172073380713391
8.765395164489746,-0.2792322215834778,0.11562865701641063
8.777448654174805,-0.2805943208649514,0.11431308947063734
8.788918256759644,-0.2819500975127745,0.11299100698406468
8.800198316574097,-0.2834414518253799,0.11153671624883475
8.81246018409729,-0.28492931582566317,0.11007885482024742
8.823943138122559,-0.28628509247348616,0.10875677233367487
8.835505723953247,-0.2879043998976414,0.10716249188438216
8.847598552703857,-0.28898393818041146,0.10609963825152043
8.859983205795288,-0.2904683033192204,0.10463821450633547
8.87134599685669,-0.2919561673195037,0.10318035307774813
8.883161306381226,-0.29317636630254446,0.10199047883983275
8.894240140914917,-0.2945353081713808,0.10067165003471508
8.907480716705322,-0.295894250040217,0.0993528212295975
8.918526649475098,-0.2969864491342916,0.09830298224777423
8.93030047416687,-0.2982208211734332,0.09712781760856214
8.94179391860962,-0.2994580066109209,0.09595561521411965
8.953611135482788,-0.30069237865006215,0.09478045057490787
8.96644401550293,-0.30206076925915987,0.0934714282064907
8.97767686843872,-0.3030230245994282,0.09255971523303534
8.989387035369873,-0.30439454908736313,0.09125397674502202
9.000793218612671,-0.30549176867771116,0.09020938595461127
9.013289451599121,-0.30658898826805886,0.08916479516420084
9.028456926345825,-0.3079542371356524,0.08785249643692146
9.040284156799316,-0.3090464362297271,0.08680265745509808
9.051804542541504,-0.3098655855502832,0.08601527821873049
9.06425929069519,-0.3110886332322359,0.08482833229412459
9.078030586242676,-0.3121732545504942,0.0837706663048666
9.08980131149292,-0.31325787586875253,0.0827130003156086
9.101433277130127,-0.3142069195222288,0.08178754257500767
9.113952875137329,-0.31515817883041397,0.08086436241142554
9.125492095947266,-0.3162428001486724,0.07980669642216744
9.137505292892456,-0.3169238497894095,0.07914891264928046
9.148967742919922,-0.3177429991099654,0.07836153341291309
9.161269187927246,-0.31869867331728097,0.07744292430381745
9.17295217514038,-0.3195197076827398,0.07665751088276695
9.184146165847778,-0.3204819630230078,0.07574579790931192
9.19644284248352,-0.32116772526697546,0.0750929286653051
9.207690715789795,-0.32185505051002383,0.07444170511283742
9.220113515853882,-0.3228151176515784,0.07352768817122801
9.231486558914185,-0.3235024428946272,0.0728764646187599
9.243374824523926,-0.32418820513859475,0.07222359537475319
9.254356861114502,-0.32500923950405325,0.07143818195370301
9.26760745048523,-0.32583027386951197,0.07065276853265262
9.27918815612793,-0.3263776301131512,0.07012915958528562
9.29017686843872,-0.3270618254177,0.06947464840107709
9.301476001739502,-0.32774444985149703,0.06881849903743713
9.314103603363037,-0.3284254994922337,0.06816071526455059
9.32640814781189,-0.3291081239260304,0.06750456590091095
9.33766484260559,-0.3297923192305792,0.06685005471670241
9.349324941635132,-0.33033841877761666,0.06632513522579062
9.362271785736084,-0.331157568098173,0.06553775598942281
9.373745203018188,-0.3317036676452102,0.06501283649851122
9.385122537612915,-0.3323862920790069,0.06435668713487158
9.397330284118652,-0.3329336483226461,0.06383307818750458
9.408486127853394,-0.3334810045662853,0.06330946924013758
9.424991130828857,-0.33416519987083426,0.06265495805592894
9.437251567840576,-0.3348509621148016,0.062002088811922436
9.448461771011353,-0.3352614792975309,0.0616093821013973
9.460249423980713,-0.33581008909270493,0.06108708670619192
9.472933769226074,-0.33635869888787895,0.06056479131098655
9.48405146598816,-0.33690730868305263,0.060042495915781494
9.495514154434204,-0.3375899331168494,0.05938634655214175
9.507544755935669,-0.33800045029957887,0.0589936398416165
9.520011186599731,-0.3385465498466163,0.0584687203507047
9.53129243850708,-0.33909264939365363,0.05794380085979301
9.542948246002197,-0.3395022240539317,0.057550111241609164
9.554180145263672,-0.3400495802975708,0.057026502294242276
9.567377090454102,-0.3405969365412098,0.05650289334687549
9.578407049179077,-0.34114429278484903,0.05597928439950849
9.590075016021729,-0.34141797090666853,0.055717479925825104
9.601461410522461,-0.341828488089398,0.055324773215299855
9.61329460144043,-0.342377097884572,0.05480247782009448
9.625413656234741,-0.342925707679746,0.054280182424889106
9.637511491775513,-0.34333716502612643,0.053888460878485187
9.649152755737305,-0.34374768220885565,0.05349575416796015
9.660200357437134,-0.34402198710644266,0.053234606470357465
9.672453880310059,-0.3444334444528232,0.052842884923953434
9.683945178985596,-0.3449808006964624,0.052319275976586435
9.695452451705933,-0.34539131787919175,0.0519265692660613
9.707625150680542,-0.3456643676527106,0.051664109520605295
9.719924926757812,-0.34607394231298844,0.05127041990242166
9.731341361999512,-0.34648445949571777,0.05087771319189652
9.74313497543335,-0.34689403415599607,0.050484023573712455
9.754275798797607,-0.34716771227781534,0.050222219100029275
9.766521692276001,-0.34771506852145456,0.049698610152662276
9.778979063034058,-0.34798874664327406,0.04943680567897889
9.790036916732788,-0.3482624247650938,0.049175001205295284
9.801366329193115,-0.348672941947823,0.04878229449477025
9.813169479370117,-0.3489472468454101,0.04852114679716746
9.829807043075562,-0.34949585664058413,0.047998851401962084
9.841421842575073,-0.34977016153817103,0.04773770370435951
9.853312969207764,-0.35018161888455135,0.04734598215795569
9.864308595657349,-0.350456548981771,0.04708549273696834
9.877514600753784,-0.3507314790789904,0.0468250033159812
9.889102220535278,-0.3511438742248196,0.04643426918450044
9.90016770362854,-0.3514181791224067,0.04617312148689765
9.911455869674683,-0.3516924840199936,0.045911973789295075
9.924007177352905,-0.352103941366374,0.045520252242891156
9.935507774353027,-0.35237761948819374,0.04525844776920755
9.94765591621399,-0.352651297610013,0.04499664329552437
9.959217309951782,-0.35306181479274257,0.04460393658499902
9.971632480621338,-0.3531983396795018,0.04447270671227117
9.983391284942627,-0.35374569592314103,0.043949097764904174
9.994354963302612,-0.35388253498405076,0.04381819552806253
10.006886720657349,-0.3541568398816381,0.04355704783045952
10.0179283618927,-0.35443114477922477,0.043295900132857154
10.030381202697754,-0.35470544967681167,0.04303475243525458
10.041817665100098,-0.3549797545743988,0.04277360473765179
10.053502321243286,-0.3551169070231922,0.04264303088885055
10.06492280960083,-0.3555293021690216,0.04225229675736957
10.077720403671265,-0.35566645461781504,0.04212172290856833
10.089214563369751,-0.35607884976364423,0.04173098877708757
10.100513219833374,-0.35621600221243765,0.04160041492828633
10.112121105194092,-0.35635346726104766,0.0414701702177925
10.124313354492188,-0.35662777215863434,0.04120902252019013
10.136379718780518,-0.3569020770562217,0.040947874822587126
10.147655487060547,-0.35717638195380835,0.04068672712498476
10.159138679504395,-0.35745068685139547,0.040425579427381966
10.17021369934082,-0.357587839300189,0.04029500557858062
10.183373928070068,-0.3577246783610987,0.04016410334173898
10.1944100856781,-0.35813613570747915,0.03977238179533506
10.209190130233765,-0.3582729747683891,0.0396414795584932
10.22025752067566,-0.358547279665976,0.03938033186089062
10.238028287887573,-0.3588215845635629,0.03911918416328804
10.249823570251465,-0.3589587370123563,0.0389886103144868
10.26120901107788,-0.35923366710957594,0.038728120893499446
10.272936820983887,-0.35950859720679534,0.03846763147251231
10.285094499588013,-0.35950859720679534,0.03846763147251231
10.297256231307983,-0.35992099235262454,0.03807689734103155
10.308919429779053,-0.3600581448014182,0.0379463234922301
10.320068120956421,-0.3601956098500282,0.03781607878173627
10.332436323165894,-0.36046991474761486,0.0375549310841339
10.343928813934326,-0.36046991474761486,0.0375549310841339
10.355432987213135,-0.36074421964520187,0.037293783386531214
10.368311643600464,-0.3610185245427889,0.03703263568892853
10.380516529083252,-0.3610185245427889,0.03703263568892853
10.392048835754395,-0.3612928294403758,0.036771487991325943
10.403543949127197,-0.3615671343379629,0.03651034029372315
10.415003538131714,-0.3617042867867563,0.03637976644492191
10.427275657653809,-0.3618417518353661,0.03624952173442829
10.439552307128906,-0.362116056732953,0.035988374036825706
10.45091462135315,-0.3622532091817464,0.035857800188024466
10.462328672409058,-0.3622532091817464,0.035857800188024466
10.473771572113037,-0.36252813927896615,0.03559731076703701
10.487131118774414,-0.36266560432757566,0.0354670660565436
10.49836802482605,-0.3628027567763692,0.03533649220774226
10.509885549545288,-0.3629402218249792,0.035206247497248426
10.521312236785889,-0.3632145267225659,0.03494509979964606
10.533815383911133,-0.3632145267225659,0.03494509979964606
10.545349359512329,-0.363488831620153,0.03468395210204327
10.557475090026855,-0.36362598406894653,0.03455337825324192
10.568914890289307,-0.36376282312985625,0.03442247601640028
