2.8796839714050293,0.35066516605170345,0.0007581445990658958
2.8922042846679688,0.35085451469015805,0.0007554211240348313
2.903503179550171,0.35066517312403833,0.0007585984720137692
2.9142322540283203,0.3500971272086747,0.0007667688971069606
2.925994634628296,0.3495290372263806,0.0007708542152858134
2.9381706714630127,0.34858219610717356,0.0007708542152858153
2.9495465755462646,0.34782477761594693,0.0007617758695485667
2.9604837894439697,0.3466888326699236,0.0007372656505697064
2.9718587398529053,0.34574260353866787,0.00070322837418067
2.9843766689300537,0.34404024772144076,0.0006215526016357173
2.996830463409424,0.34271787167500073,0.0005294793827124645
3.0116450786590576,0.34101989949818895,0.00038258912762062264
3.023449659347534,0.3395137587409041,0.00021949170857476767
3.0364503860473633,0.3376353382639942,-2.044355771510211e-05
3.047960042953491,0.3363248472756999,-0.00021986586198566028
3.0595052242279053,0.33464446953385835,-0.0005045005488950443
3.0708181858062744,0.3331566058901963,-0.000789671597078737
3.082221031188965,0.33130395361095444,-0.0011817327559614367
3.0943760871887207,0.32982977522749135,-0.001530815615156381
3.107020139694214,0.3281791599861714,-0.001955263003404522
3.1180520057678223,0.32690276832283693,-0.0023130062180307916
3.1295864582061768,0.3254531941089701,-0.002753228147683167
3.1417088508605957,0.32419441352972767,-0.0031687126108859444
3.153378963470459,0.32276882620980524,-0.0036813153246223066
3.1645150184631348,0.32170915756662316,-0.004091283662286195
3.1769561767578125,0.3204871451047732,-0.004604938632985732
3.1891050338745117,0.31927909976956625,-0.005150633010752259
3.2002155780792236,0.3184287735267716,-0.005567110364081387
3.21175217628479,0.31775753322804134,-0.005918111287974528
3.223501682281494,0.31693144879746316,-0.006380812723651227
3.234412670135498,0.31628243514153564,-0.006771384690941761
3.2475554943084717,0.3156468916269528,-0.007183512860672126
3.258960247039795,0.3151808733591896,-0.0075084280679467135
3.270034074783325,0.31487818207464957,-0.007736066560005722
3.2814552783966064,0.31473074058194267,-0.007854899764242645
3.293973684310913,0.31473074058194267,-0.007854899764242645
3.305413007736206,0.314319846183667,-0.0082472117717993
3.3174147605895996,0.31458289348143514,-0.00797472798156554
3.328442096710205,0.31458289348143514,-0.00797472798156554
3.341130495071411,0.3150628759674698,-0.00738873992681238
3.3524093627929688,0.3150628759674699,-0.007388739926812256
3.364497184753418,0.3157044135294166,-0.006450975975787574
3.377021551132202,0.3160000211353908,-0.0059658377881565946
3.3880176544189453,0.31674129226743936,-0.004644634602554388
3.400336503982544,0.3174183957372492,-0.0032894255264242648
3.4174070358276367,0.31787194152733983,-0.0022476636114355103
3.4290781021118164,0.3182750418944382,-0.001185363387734402
3.441148519515991,0.3188103981253681,0.00043268480878894404
3.4527409076690674,0.3191230610424546,0.0015250279652693625
3.4640884399414062,0.319674732823082,0.0037294655196991756
3.4759981632232666,0.3199787811998876,0.005213586583970869
3.487351417541504,0.32029638247787945,0.007080445402495308
3.499093770980835,0.3205766453569395,0.009144555851798504
3.5098695755004883,0.320763809524345,0.011028966102917759
3.5210118293762207,0.3209232769778433,0.013295782552521899
3.5318057537078857,0.32099271032675203,0.015188191448649902
3.543816328048706,0.3210136786603022,0.017839263660482624
3.5545191764831543,0.3209602548739429,0.01992162893279983
3.5663888454437256,0.32083122463145675,0.022190381427331814
3.5773966312408447,0.32062081089617533,0.024643159617455813
3.5883030891418457,0.3203781912228205,0.02671203248024904
3.6003363132476807,0.320000088779302,0.029336086992939367
3.6113510131835938,0.3196007172282458,0.03157313617637903
3.6225345134735107,0.3191371715040742,0.03379777368539559
3.6336562633514404,0.3185658904259426,0.03619235772437
3.6459476947784424,0.31792027908435727,0.038567979913514974
3.6572790145874023,0.31714563245479027,0.04110343769124775
3.668045997619629,0.31647048251959764,0.043074039577299765
3.6791718006134033,0.31561145490510956,0.04538108668290634
3.689896821975708,0.31482411652971476,0.04730960878828453
3.702043294906616,0.3137576862023968,0.04973681910062702
3.7132010459899902,0.3126923648410136,0.051956162514099326
3.7240209579467773,0.31147118594449236,0.05430931904226662
3.735316276550293,0.31045019273911406,0.05612499305014167
3.74784779548645,0.30918741061708116,0.05823823134768797
3.7591552734375,0.3077572451078585,0.06047055080502265
3.769906759262085,0.3065753261908679,0.06218582539002651
3.780912399291992,0.305125553517006,0.06417543690589225
3.792071580886841,0.3037307300254193,0.06596941408307123
3.808431625366211,0.3015619658993728,0.0685990922395473
3.820242404937744,0.2999151737910888,0.07042897489754366
3.831735610961914,0.297950166956853,0.07248015043527653
3.8433430194854736,0.2957972044482346,0.07461204992444138
3.855475425720215,0.2933183320331163,0.07695169446809244
3.8673644065856934,0.2912155985736474,0.07886142872804038
3.8781654834747314,0.28923182593626173,0.08062019808941898
3.889509916305542,0.28723964435543836,0.08236943680737432
3.9013960361480713,0.2850872923062136,0.08422306934954306
3.912832260131836,0.2832257767281434,0.08583401768594155
3.923774003982544,0.28122523199150695,0.08757368555656528
3.9344451427459717,0.2793675833074872,0.08918909143643035
3.9463863372802734,0.27752159925987757,0.09081781415252162
3.958253860473633,0.27596956361019764,0.09220716096682857
3.969521999359131,0.2742947205608522,0.09374299541265285
3.980294704437256,0.27263468026036536,0.09529481785277978
3.991445541381836,0.2712637761459511,0.0966012076602893
4.004038333892822,0.2695062099978854,0.09832496983214378
4.015476226806641,0.26790302795257115,0.09993546479162152
4.0275208950042725,0.26659302339641383,0.10130291515011025
4.038935899734497,0.26504478035617873,0.10296629429308518
4.05114221572876,0.26339360663353445,0.10479222422810221
4.062849521636963,0.2617644353535235,0.10663781240814917
4.073966979980469,0.2602811109109955,0.10835933362007796
4.085374116897583,0.2581914507551288,0.11080820154771823
4.097370386123657,0.25648510112357287,0.11283723936852269
4.109786510467529,0.2545349872589377,0.11515613973515613
4.121279001235962,0.25258487339430263,0.11747504010178947
4.132872819900513,0.25086881593343735,0.11949587417077547
4.143994092941284,0.24890760740673432,0.12180539882104495
4.157217025756836,0.24642852944469812,0.12466866655887236
4.168272018432617,0.24442339556160778,0.12694015970354552
4.179816007614136,0.24239657450525828,0.12919232297492558
4.191152334213257,0.23996419225421536,0.13184356676253078
4.207754373550415,0.23672210959351908,0.13529343670888216
4.219499826431274,0.23422688014264104,0.1378856186129882
4.230867147445679,0.23184538003756544,0.14032430725457334
4.242251634597778,0.22958516950967142,0.14261670383100594
4.254467248916626,0.2269325706702822,0.14532000719496788
4.266766548156738,0.2247898534720849,0.14746220373216176
4.27777886390686,0.2227907072468105,0.1494801203100113
4.289225101470947,0.22038593417883914,0.1518958627492279
4.300321817398071,0.21852458433233812,0.15378371875334892
4.312875270843506,0.21627538978865563,0.15608692469262375
4.323975086212158,0.21430547180112042,0.15813338409060212
4.335399627685547,0.2120673449363718,0.1604473464566173
4.347418308258057,0.21024715290969484,0.16237491604793844
4.360403299331665,0.20804816633395404,0.16472610547751568
4.371795415878296,0.2061228528101485,0.16681458357896647
4.383538722991943,0.2039465107960573,0.16918674907313974
4.394445896148682,0.20191429698357216,0.17143404745469898
4.407505989074707,0.19989288032931674,0.17369106267514234
4.419050931930542,0.19763098566328471,0.1762410778831069
4.430293798446655,0.1957562826554447,0.17837510261997935
4.441708326339722,0.1937620616118356,0.18065618250122936
4.4533467292785645,0.19151856293777555,0.1832223973676354
4.465500116348267,0.1891374664516059,0.18591979547693463
4.4775550365448,0.18688782284219752,0.18848062516118205
4.489208459854126,0.18475158899094535,0.19088897285759268
4.500206232070923,0.1826095883138602,0.19329219294601774
4.512901782989502,0.18020915603693183,0.1959723985202943
4.527493238449097,0.1772956007684294,0.19920988322290317
4.53853702545166,0.1751249512389878,0.20158725873265756
4.550119161605835,0.17283265698585196,0.2041099818839589
4.562330484390259,0.17065631497176095,0.20648214737813195
4.573757648468018,0.16847429297811464,0.2088490892264429
4.585094928741455,0.16615791592879225,0.21134971762875443
4.597171306610107,0.16384153887947028,0.2138503460310655
4.613721609115601,0.161010411374743,0.21690666963389063
4.625157833099365,0.15870604924217616,0.21941837427477964
4.637380838394165,0.15666845435049978,0.22166079485371423
4.648527145385742,0.15463085945882332,0.22390321543264896
4.661181449890137,0.15261485882156683,0.22616506963351948
4.672782897949219,0.15059885818431004,0.22842692383439034
4.683951377868652,0.14884436603660595,0.23041448033597942
4.695467472076416,0.14658859041812924,0.23296991012373677
4.707460641860962,0.14496828582019688,0.2348232875272524
4.719850301742554,0.1429686026118342,0.2370995805799164
4.731122016906738,0.1410938996039941,0.23923360531678897
4.742373943328857,0.13934895619083626,0.24122955021288262
4.753787040710449,0.13772865159290398,0.2430829276163981
4.7669994831085205,0.1357180785564314,0.24534960780125514
4.778185606002808,0.13383316633473827,0.2474746204745587
4.789743661880493,0.13219516581696716,0.24931237701276626
4.801056861877441,0.13030008770360244,0.2514283287819322
4.8135011196136475,0.12865329559531874,0.2532582114399282
4.824472427368164,0.12687510850939399,0.25522459752379284
4.836852550506592,0.12535094815003014,0.25691007130996224
4.848017930984497,0.12383488565933838,0.258602832725295
4.859525203704834,0.12218371193669397,0.2604287626603121
4.87162184715271,0.12066359614443192,0.2621178851138471
4.8832926750183105,0.11901680403614791,0.2639477677718434
4.894259691238403,0.11737440300456535,0.2657815926384537
4.906512498855591,0.11611440260627989,0.2671952515139979
4.9184486865997314,0.11448523132626896,0.2690408396940449
4.929969310760498,0.11311044912051943,0.27060579116775163
4.941266298294067,0.11173191957589484,0.2721674427047144
4.952940940856934,0.11035713737014531,0.2737323941784211
4.965419292449951,0.10886147158743882,0.27544320408935824
4.977449655532837,0.10749044461995749,0.2770114465077177
4.9884796142578125,0.10636562281525355,0.27829186134984113
4.999945640563965,0.10499459584777233,0.2798601037682005
5.017261743545532,0.10311989283993223,0.28199412850507305
5.028530597686768,0.10174136329530764,0.2835557800420358
5.0402140617370605,0.10061041596229169,0.28483078764601805
5.05161190032959,0.09935720728535996,0.28625047086143907
5.063281059265137,0.09834920696673183,0.28738139796187423
5.0753865242004395,0.09683720648878927,0.28907778861252736
5.087578773498535,0.09582920617016114,0.29020871571296253
5.098954439163208,0.09469520581170424,0.29148100870095234
5.110056400299072,0.09368991929346773,0.2926143487933811
5.122266530990601,0.09255897196045197,0.2938893563973631
5.133722305297852,0.09143108415121352,0.29516707129124187
5.145301818847656,0.09030013681819755,0.2964420788952241
5.157367706298828,0.0891722490089591,0.2977197937891029
5.169675588607788,0.08829738760530045,0.2987156719996434
5.180937767028809,0.08730027708349596,0.29985621194026835
5.192238807678223,0.08617852774646609,0.3011393193734712
5.203770875930786,0.08530845075012247,0.3021393803247512
5.215064764022827,0.08431134022831788,0.30327992026537626
5.2278923988342285,0.08343886852173896,0.3042778927134231
5.239420652389526,0.08256879152539554,0.3052779536647028
5.250450372695923,0.0816963198188165,0.30627592611274973
5.262160301208496,0.08082624282247287,0.3072759870640297
5.274277925491333,0.07982913230066857,0.3084165270046544
5.28601598739624,0.07908129940931512,0.3092719319601232
5.297731161117554,0.07832937420315608,0.3101237418893758
5.309215545654297,0.07757744899699735,0.31097555181862807
5.3213279247283936,0.07657488205545207,0.31211129839096474
5.332918167114258,0.07582295684929304,0.31296310832021734
5.344036102294922,0.0750710316431341,0.31381491824946983
5.355494499206543,0.07406846470158902,0.3149506648218063
5.368148326873779,0.07344186036312315,0.31566050642951676
5.38045072555542,0.07269197915998699,0.31651411632426596
5.391831398010254,0.07206707815737362,0.3172254579032235
5.403385877609253,0.07131515295121459,0.3180772678324761
5.419300556182861,0.07031804242941028,0.31921780777310077
5.431397199630737,0.06957020953805704,0.3200732127285693
5.443318605422974,0.06882237664670349,0.32092861768403824
5.454224348068237,0.06819918257057582,0.32164145514692866
5.466381072998047,0.06745340228799558,0.3224986502480257
5.478387117385864,0.06683191871917864,0.32321297949894
5.489814043045044,0.06633336345827634,0.3237832494692525
5.501257419586182,0.06571016938214877,0.3244960869321428
5.5128493309021,0.0649602881790126,0.325349696826892
5.525067329406738,0.06446036737692193,0.32591877009005804
5.537131071090698,0.06371048617378597,0.32677237998480696
5.548134088516235,0.0632105653716953,0.327341453247973
5.559762716293335,0.06258566436908183,0.3280527948269306
5.571088075637817,0.06195906003061597,0.3287626364346411
5.583515644073486,0.0614591392285253,0.3293317096978071
5.594424247741699,0.06083423822591183,0.33004305127676475
5.6065263748168945,0.06033568296500963,0.33061332124707715
5.617760181427002,0.05983712770410753,0.33118359121738944
5.630066871643066,0.059338572443205236,0.33175386118770195
5.641270399093628,0.058715378367077464,0.3324666986505925
5.652990341186523,0.058218191512023905,0.3330381620513239
5.664046049118042,0.05784530137073384,0.3334667596018724
5.677283525466919,0.057097468479380596,0.33432216455734093
5.688429832458496,0.05672355203370387,0.3347498670350753
5.699824333190918,0.056350661892413806,0.3351784645856238
5.711155414581299,0.05585210663151151,0.3357487345559363
5.7223780155181885,0.05535355137060921,0.3363190045262488
5.73434042930603,0.05485499610970701,0.3368892744965612
5.746761083602905,0.054481079664030485,0.33731697697429536
5.757764101028442,0.05398115886193971,0.3378860502374615
5.769181728363037,0.05360621826037163,0.33831285518483606
5.7813498973846436,0.05323025565729222,0.33873876014946225
5.792985916137695,0.052855315055724134,0.3391655650968368
5.804271221160889,0.05235675979482193,0.3397358350671492
5.820274353027344,0.05185820453391984,0.3403061050374615
5.832906723022461,0.05148428808824311,0.3407338075151959
5.844136714935303,0.05111139794695305,0.34116240506574436
5.855933666229248,0.050615582354545746,0.3417350586133099
5.867629289627075,0.050367674558342096,0.34202138538709265
5.879807472229004,0.050119766762138446,0.3423077121608754
5.891107559204102,0.04962395116973124,0.3428803657084408
5.902350664138794,0.04937604337352759,0.3431666924822236
5.913740158081055,0.049002126927850866,0.34359439495995797
5.9252519607543945,0.04875353350032429,0.34388012666032347
5.937966346740723,0.04838064335903412,0.34430872421087205
5.956528425216675,0.04788208809813193,0.34487899418118445
5.970053195953369,0.04738353283722963,0.34544926415149696
5.9895617961883545,0.04688497757632743,0.34601953412180936
6.013394117355347,0.04613714468497398,0.3468749390772782
6.043989181518555,0.04538931179362083,0.3477303440327466
6.069850921630859,0.044641478902267384,0.3485857489882154
6.091497421264648,0.04414566330986019,0.34915840253578084
6.115382432937622,0.04364984771745289,0.34973105608334637
6.127407789230347,0.04340193992124924,0.35001738285712913
6.1384148597717285,0.04315403212504579,0.3503037096309117
6.1498003005981445,0.04290612432884204,0.35059003640469455
6.169535875320435,0.042534262634536565,0.3510195265653687
6.1890177726745605,0.04203707577948321,0.35159098996609994
6.200934648513794,0.041912779065719816,0.3517338558162828
6.217844486236572,0.04141422380481752,0.3523041257865953
6.229608774185181,0.04116494617436637,0.35258926077175157
6.240988731384277,0.040915668543915526,0.3528743957569075
6.252227067947388,0.04079102972868995,0.3530169632494856
6.263653516769409,0.04041813958739978,0.3534455608000342
6.276406288146973,0.0402935007721742,0.3535881282926123
6.287700176239014,0.040044907344647225,0.35387385999297827
6.299233913421631,0.03979631391712065,0.35415959169334377
6.310190439224243,0.03967201720335736,0.3543024575435265
6.32511830329895,0.03942410940715351,0.3545887843173095
6.337277173995972,0.03917620161095006,0.35487511109109204
6.348407983779907,0.03892829381474641,0.3551614378648748
6.360783338546753,0.03868038601854276,0.35544776463865757
6.373247385025024,0.03855643212044094,0.355590928025549
6.384262323379517,0.03830783869291416,0.3558766597259147
6.396008491516113,0.03818354197915077,0.35601952557609756
6.407761096954346,0.03793563418294732,0.3563058523498801
6.419928550720215,0.037810995367721846,0.3564484198424581
6.431159973144531,0.03756240194019487,0.35673415154282406
6.442357778549194,0.03743810522643168,0.3568770173930067
6.453835964202881,0.0373134664112061,0.35701958488558483
6.465387344360352,0.03706487298367912,0.35730531658595077
6.478167295455933,0.03681627955615255,0.35759104828631627
6.489604711532593,0.036691982842389156,0.35773391413649913
6.500869989395142,0.036691982842389156,0.35773391413649913
6.512075901031494,0.03644407504618561,0.3580202409102818
6.524336576461792,0.03619616724998196,0.35830656768406455
6.536388397216797,0.03619616724998196,0.35830656768406455
6.547554016113281,0.03594825945377831,0.3585928944578473
6.558543682098389,0.03570035165757466,0.3588792212316301
6.57080340385437,0.035576397759472835,0.3590223846185215
6.5822367668151855,0.03545210104570965,0.3591652504687041
6.593740940093994,0.03532746223048408,0.35930781796128225
6.605112075805664,0.0350788688029571,0.3595935496616482
6.62144923210144,0.03495457208919392,0.35973641551183083
6.633415222167969,0.03482993327396835,0.35987898300440896
6.644936800003052,0.03458133984644147,0.3601647147047748
6.656926393508911,0.03445704313267808,0.36030758055495765
6.6679136753082275,0.03420913533647463,0.3605939073287402
6.680079221725464,0.03420913533647463,0.3605939073287402
6.691267967224121,0.03420913533647463,0.3605939073287402
6.70293927192688,0.033961227540270776,0.3608802341025232
6.713981628417969,0.03371331974406733,0.3611665608763057
6.72725772857666,0.03371331974406733,0.3611665608763057
6.738241672515869,0.0335893658459655,0.36130972426319713
6.749719858169556,0.03334077241843882,0.36159545596356274
6.7611753940582275,0.03334077241843882,0.36159545596356274
6.773556232452393,0.03309217899091205,0.36188118766392846
6.784506559371948,0.032967882277148655,0.3620240535141113
6.796903610229492,0.032967882277148655,0.3620240535141113
6.807860374450684,0.03284324346192308,0.36216662100668945
6.819416522979736,0.0325946500343963,0.36245235270705517
