10.591639995574951,-0.36403712802744326,0.03416132831879759
10.603667259216309,-0.36403712802744326,0.03416132831879759
10.615124464035034,-0.3641742804762368,0.03403075446999625
10.63282299041748,-0.3640374414153271,0.03416165670683789
10.644124746322632,-0.3639028179836645,0.03429483649452485
10.656410932540894,-0.36377044808363784,0.03443025633711716
10.667895317077637,-0.36390052718410837,0.03429263456623197
10.679519653320312,-0.3639005271841085,0.03429263456623186
10.691804885864258,-0.3639005271841086,0.034292634566231744
10.703476905822754,-0.3641409389278578,0.033999985475560456
10.714521884918213,-0.3643728343886744,0.033700543006868755
10.727161645889282,-0.3645960217063885,0.03339455490576881
10.7394540309906,-0.3648088166543043,0.03308125056978716
10.750930070877075,-0.36541530550616075,0.032120447289295
10.762365579605103,-0.3655109571553961,0.031957012023212675
10.773876190185547,-0.36614454877544816,0.030792659179423164
10.7872953414917,-0.36682034952843534,0.029436800008596234
10.798434972763062,-0.3670540927206521,0.02891900947382392
10.809914350509644,-0.3677065837422735,0.027344543936896597
10.82126784324646,-0.36816972708599105,0.026102507653605715
10.832998991012573,-0.36870740633051546,0.024485229912994642
10.845492601394653,-0.36918659975144086,0.022849668869924025
10.85765790939331,-0.36965336435903146,0.021014413241630045
10.869154930114746,-0.3700582885080957,0.019164529771357252
10.880097150802612,-0.37036665344453207,0.017488344421748223
10.892350196838379,-0.37070797428254115,0.015241705427502973
10.90376877784729,-0.3709845387282905,0.012986179149166034
10.914515495300293,-0.371168541131703,0.010911271357518392
10.92639684677124,-0.3712878066821655,0.008831637986759674
10.93807339668274,-0.37136391014866005,0.006371027685974561
10.949355363845825,-0.3713631738228131,0.0033411361939834332
10.964232683181763,-0.3712563898844837,0.0008816663363802406
10.975492715835571,-0.37110123797571837,-0.0011955979976675172
10.991649389266968,-0.3706815092363932,-0.005340501458375765
11.016836643218994,-0.3700438819320232,-0.00945751838012002
11.045505285263062,-0.36864683153430494,-0.016130091373391036
11.068105220794678,-0.3672262615333881,-0.020844278475348418
11.092180728912354,-0.3653173616515834,-0.02599351471911812
11.11722445487976,-0.363601399549834,-0.02978981172785823
11.12815237045288,-0.3626445579229377,-0.03164009638956306
11.139561414718628,-0.3614564865412791,-0.03379622281953559
11.154310703277588,-0.3594297076956589,-0.037217709409238506
11.177799701690674,-0.3571287477061689,-0.04069074555071047
11.189539432525635,-0.3556628036080139,-0.042668472197905864
11.20053744316101,-0.3541359515469294,-0.044599564524415464
11.211806774139404,-0.35267169541454924,-0.04633733339964259
11.224242687225342,-0.3507796578251985,-0.04845600437590938
11.236814975738525,-0.3492060760816167,-0.0500954332951327
11.247919082641602,-0.347190545940399,-0.05209698549156243
11.259599924087524,-0.34511363232731573,-0.05403476844870141
11.272178411483765,-0.34271296937644874,-0.05617963466606289
11.28359603881836,-0.3404105004820102,-0.05814912190531002
11.294389486312866,-0.3379244511163224,-0.06019440727547408
11.306015491485596,-0.33600474597669505,-0.06173555196914518
11.317409038543701,-0.33378544538447763,-0.06350848113483998
11.32968020439148,-0.33140465329466906,-0.06538253343414249
11.340792179107666,-0.3294702597216998,-0.06690520092732564
11.35176968574524,-0.3276880399515218,-0.06831501629669448
11.363871335983276,-0.32561669273211885,-0.06996975018467626
11.376853704452515,-0.32340591726805634,-0.07175329855595391
11.387813806533813,-0.32180047403384404,-0.07308057066446232
11.39919137954712,-0.319914461064134,-0.07466276846120856
11.409979581832886,-0.31862198158687155,-0.0757737063807719
11.422276973724365,-0.31662393712806414,-0.07751624529970452
11.438202142715454,-0.3145102477110409,-0.07941384641520566
11.450079202651978,-0.3128524375856369,-0.08096805112277425
11.46142029762268,-0.3114960185116107,-0.08228947449009562
11.473848342895508,-0.30988359439863644,-0.08389071624723947
11.485379457473755,-0.30802949454274337,-0.08578569309874427
11.497431993484497,-0.3063333151538309,-0.08756989327545456
11.50902795791626,-0.30451127150475005,-0.08949571270733506
11.52009129524231,-0.30245013446253055,-0.09171651370891233
11.532888412475586,-0.30064663955058873,-0.09365971458529218
11.544122219085693,-0.29846801880608087,-0.0960297874419031
11.555970668792725,-0.296669187052044,-0.09797730582796065
11.567745447158813,-0.29460273252964,-0.10019315977221109
11.579976081848145,-0.29251512712790195,-0.10238909845123866
11.591281414031982,-0.2901547545125287,-0.10484824183007421
11.602959632873535,-0.2881682189526429,-0.10687857417097259
11.614114999771118,-0.28538026358823787,-0.10971436468838687
11.627468585968018,-0.282815133567104,-0.11223739560598965
11.638530254364014,-0.28050384295459113,-0.11447828145728944
11.650041818618774,-0.2780509135818685,-0.11684511109490749
11.661609888076782,-0.27543787518557605,-0.11931849084254086
11.673346042633057,-0.27239173521972027,-0.12216057251301174
11.686390399932861,-0.2700273982289652,-0.12434541673816517
11.697660684585571,-0.2676683052419233,-0.12653592215302556
11.709127426147461,-0.26529352102969067,-0.12870940636952577
11.720215797424316,-0.26306333993870695,-0.13076039035211406
11.732982873916626,-0.26070424695166505,-0.13295089576697444
11.74429178237915,-0.2580734897084263,-0.13540542084601714
11.75642991065979,-0.25613937789545477,-0.13721865967151398
11.767703533172607,-0.25407645284575,-0.13917132789333
11.779892921447754,-0.2517437825994297,-0.14138994981154276
11.791471719741821,-0.24969967478882735,-0.1433623078428913
11.803584575653076,-0.24738838417631487,-0.14560319369419064
11.815001487731934,-0.24522827468483338,-0.1477278513090144
11.832266807556152,-0.24227216381104785,-0.15066346119711088
11.84388279914856,-0.24014283434392975,-0.15281896555012905
11.855454921722412,-0.2377473386934223,-0.15524390794727408
11.867720365524292,-0.23549593172555153,-0.15754495126695908
11.879939317703247,-0.2329734959196616,-0.1601106664970002
11.891254663467407,-0.23072208895179064,-0.16241170981668543
11.902898788452148,-0.2281996531459007,-0.16497742504672655
11.91413164138794,-0.2255509390660526,-0.1676845348345914
11.92640733718872,-0.22288927723215549,-0.17037891527586355
11.938538074493408,-0.22048218366026112,-0.17279234552702397
11.95011568069458,-0.2178205218263637,-0.17548672596829648
11.961506366729736,-0.21542502617585613,-0.1779116683654416
11.973284006118774,-0.21273765265423256,-0.18058040462734787
11.985967636108398,-0.2097675021034459,-0.18350180884773012
11.99758791923523,-0.20734886593398463,-0.18590367148344583
12.009074687957764,-0.20491874275606828,-0.18829391130012224
12.020117044448853,-0.20236573791052614,-0.19082921074893297
12.032461166381836,-0.19994135127166732,-0.19322526885891225
12.04403567314148,-0.19738227648620577,-0.1957544413083343
12.055994749069214,-0.19480508024555615,-0.19826514570624468
12.067577600479126,-0.19252625687627692,-0.20053904054674912
12.07905626296997,-0.19010762070681608,-0.2029409031824644
12.091169595718384,-0.1878342545555823,-0.20522025397522722
12.102953910827637,-0.18543295304553398,-0.2076394472496297
12.114161252975464,-0.18304327701890125,-0.21007012483598467
12.12602162361145,-0.1807863607715259,-0.2123657647786532
12.138519048690796,-0.17854601114016933,-0.2146775751565444
12.150064945220947,-0.17631120950228799,-0.2169947491537584
12.161651611328125,-0.1739390745984991,-0.21944254837740745
12.17346739768982,-0.1718305102395754,-0.22161836990954023
12.186516761779785,-0.16932659006335368,-0.2242021579789477
12.1978280544281,-0.1672232473453474,-0.22638302762338475
12.209455251693726,-0.16510947346115554,-0.2285537885411094
12.220963716506958,-0.16286358870920123,-0.2308602220161923
12.2381591796875,-0.15968513181338362,-0.23410875376163004
12.249881267547607,-0.1576985962534977,-0.23613908610252854
12.261388540267944,-0.15557443978537985,-0.23829968840151056
12.273248434066772,-0.15357335519367293,-0.24031568279684595
12.28595495223999,-0.15116626162177857,-0.24272911304800637
12.29765248298645,-0.14943618142974543,-0.2444804603348333
12.321192026138306,-0.1453006066068848,-0.24864684875185947
12.33519983291626,-0.143171277139767,-0.2508023531048773
12.347540855407715,-0.1411750307643441,-0.25282313843583154
12.359798192977905,-0.13931639385474096,-0.25471366544744084
12.371178388595581,-0.13746684170607262,-0.25661308125045035
12.382892608642578,-0.13574940042516612,-0.2583768244961023
12.395286083221436,-0.13377262133867535,-0.26041665718247653
12.407532930374146,-0.13219511430017078,-0.26205230941580415
12.419054746627808,-0.13048614834179104,-0.2638242660019089
12.430242776870728,-0.12878996895287886,-0.26560846617861883
12.443158626556396,-0.12708951759531767,-0.26738859537912946
12.454277992248535,-0.12538480403977068,-0.26916464337495477
12.46686339378357,-0.1238072970012659,-0.2708002956082826
12.477914571762085,-0.12209833104288616,-0.27257225219438735
12.490073919296265,-0.12064869304612574,-0.274068129497729
12.501463890075684,-0.11906336263298169,-0.27569620018602264
12.513292074203491,-0.11747803221983763,-0.27732427087431627
12.52446436882019,-0.11602481267445561,-0.2788166690052521
12.537007331848145,-0.11443558422654701,-0.2804409348779707
12.549312114715576,-0.11284635577863798,-0.2820652007506898
12.56038761138916,-0.11165443444270683,-0.28328340015522846
12.57213568687439,-0.11006910402956235,-0.28491147084352253
12.583737850189209,-0.1088801062197044,-0.2861325238597427
12.597101926803589,-0.10729087777179558,-0.28775678973246155
12.608171701431274,-0.10610481031990097,-0.2889806893442862
12.619751453399658,-0.10479022112114732,-0.2903437328720591
12.635226011276245,-0.10321271408264275,-0.29197938510538674
12.648362874984741,-0.10176666596401358,-0.2934787329859371
12.660112857818604,-0.10058647965632701,-0.2947083046753548
12.671708345413208,-0.09954004805167406,-0.29580376879874587
12.683403730392456,-0.0982320085458577,-0.2971730989529849
12.696012258529663,-0.09692396904004134,-0.2985424291072239
12.707814693450928,-0.0958775374353886,-0.29963789323061474
12.719397783279419,-0.09483110583073565,-0.3007333573540058
12.73044729232788,-0.09378467422608247,-0.3018288214773971
12.74316692352295,-0.09247663472026622,-0.303198151631636
12.754268646240234,-0.09129350444138785,-0.30442489080663165
12.769284725189209,-0.0899821863217361,-0.30579108157265134
12.780326128005981,-0.0890596894147071,-0.3067430034929593
12.7928786277771,-0.08813947697557942,-0.30769713396240045
12.804070949554443,-0.08708519479611745,-0.30878504472846696
12.815891027450562,-0.08602570916417827,-0.3098678886436128
12.827772855758667,-0.08510321225714916,-0.3108198105639209
12.8395357131958,-0.08417843618281515,-0.3117695184654255
12.851775407791138,-0.0831241540033533,-0.3128574292314919
12.8634352684021,-0.08220165709632418,-0.3138093511518
12.874475479125977,-0.08128144465719661,-0.314763481621241
12.887178659439087,-0.0804946537854056,-0.3155831960808528
12.899464130401611,-0.0795767311016493,-0.31653952961706666
12.9107985496521,-0.07866110344757787,-0.31749806072503395
12.922163248062134,-0.07787431257578697,-0.3183177751846456
12.933640480041504,-0.07722193588774418,-0.31900400602184137
12.947123289108276,-0.07630630823367265,-0.31996253712980877
12.960494041442871,-0.07526250553280349,-0.3210605064693227
12.97210693359375,-0.07461012884476048,-0.3217467373065187
12.983638286590576,-0.07395610909185225,-0.32243140238363827
12.996789455413818,-0.07303818640809595,-0.32338773591985215
13.008057355880737,-0.07238416665518772,-0.3240724009969717
13.019644498825073,-0.071728507595362,-0.3247554963799814
13.03453278541565,-0.07067683623635904,-0.3258459312021998
13.047870397567749,-0.07001954163698204,-0.3265274529660864
13.059864282608032,-0.06936061527481863,-0.3272073971948776
13.071349143981934,-0.06870332067544131,-0.32788891895876454
13.083155870437622,-0.0680476616156158,-0.328572014341774
13.094369411468506,-0.06725890809636363,-0.3293898404584377
13.107513427734375,-0.06673569229403684,-0.3299375725201336
13.119104146957397,-0.06608167254112861,-0.3306222375972532
13.130208253860474,-0.06568827710523348,-0.3310320948270587
13.141631126403809,-0.06503425735232546,-0.33171675990417804
13.154042959213257,-0.06437859829249921,-0.3323998552871883
13.165519714355469,-0.0637245785395913,-0.3330845203643075
13.177563428878784,-0.06333315252676526,-0.3334962588666254
13.189275026321411,-0.06280993672443888,-0.33404399092832077
13.201419353485107,-0.062286720922112085,-0.33459172299001666
13.213258743286133,-0.06176350511978571,-0.33513945505171205
13.224419593811035,-0.061240289317459444,-0.3356871871134074
13.236788988113403,-0.06071707351513275,-0.3362349191751032
13.249222040176392,-0.06019385771280638,-0.33678265123679857
13.260300159454346,-0.059670641910479584,-0.33733038329849446
13.27177619934082,-0.05927823005873496,-0.33774118234476586
13.283561706542969,-0.05875370281087443,-0.33828765865117355
13.294932126998901,-0.05822917556301347,-0.3388341349575817
13.308037757873535,-0.05783578012711791,-0.33924399218738766
13.319530725479126,-0.05744336827537329,-0.33965479123365905
13.330904245376587,-0.05704997283947752,-0.34006464846346524
13.342281103134155,-0.05652675703715115,-0.34061238052516063
13.35496997833252,-0.05613434518540642,-0.34102317957143213
13.367963075637817,-0.05574094974951076,-0.3414330368012382
13.379533767700195,-0.055348537897765816,-0.34184383584750994
13.39094090461731,-0.05495711188494009,-0.34225557434982745
13.40349817276001,-0.054433896082613294,-0.34280330641152335
13.414454698562622,-0.05417228818145032,-0.34307717244237085
13.427126407623291,-0.05377987632970538,-0.3434879714886426
13.44212818145752,-0.05325797497927101,-0.34403695615839935
13.454495668411255,-0.05286654896644487,-0.3444486946607173
13.467124462127686,-0.052474137114700246,-0.3448594937069887
13.478193283081055,-0.05208074167880448,-0.3452693509367949
13.489872455596924,-0.051819133777641184,-0.34554321696764273
13.501141548156738,-0.05142672192589646,-0.34595401601391423
13.513641119003296,-0.050902194678035605,-0.34650049232032226
13.52502155303955,-0.05063993105410544,-0.346773730473526
13.537129878997803,-0.05024653561820988,-0.34718358770333196
13.548359870910645,-0.04998492771704659,-0.3474574537341798
13.560813188552856,-0.04959251586530186,-0.3478682527804513
13.57214641571045,-0.04920108985247582,-0.34827999128276915
13.58366060256958,-0.048939481951312744,-0.34855385731361677
13.595010042190552,-0.0485470700995678,-0.3489646563598885
13.608030080795288,-0.04815564408674165,-0.34937639486220645
13.619693279266357,-0.04789403618557868,-0.34965026089305395
13.63103437423706,-0.04750162433383374,-0.3500610599393257
13.642419576644897,-0.04711019832100801,-0.3504727984416432
13.654970407485962,-0.0468485904198445,-0.35074666447249125
13.667274475097656,-0.04645617856809956,-0.351157463518763
13.678367376327515,-0.04619522789288238,-0.35143195585364134
13.68986463546753,-0.0459342772176653,-0.3517064481885196
13.701202869415283,-0.04554285120483915,-0.35211818669083755
13.71382999420166,-0.04528124330367617,-0.35239205272168506
13.725438833236694,-0.045019635402512775,-0.352665918752533
13.737484455108643,-0.044627223550768154,-0.3530767177988044
13.74911117553711,-0.04436495992683778,-0.35334995595200835
13.761277437210083,-0.04397353391401174,-0.3537616944543262
13.772971868515015,-0.043711926012848346,-0.35403556048517415
13.78426480293274,-0.04345031811168537,-0.35430942651602165
13.796476125717163,-0.04318871021052176,-0.3545832925468698
13.808481216430664,-0.04279629835877682,-0.35499409159314155
13.820023775100708,-0.04253534768355984,-0.3552685839280197
13.831360578536987,-0.04227439700834266,-0.35554307626289805
13.847810983657837,-0.04175249565790829,-0.3560920609326548
13.86034369468689,-0.04162202032029954,-0.35622930710009415
13.87201189994812,-0.04123158239549633,-0.35664198269264014
13.883564233779907,-0.041101107057887686,-0.3567792288600794
13.894964456558228,-0.04070869520614296,-0.3571900279063509
13.907276153564453,-0.040578219868534104,-0.3573272740737904
13.919545888900757,-0.040316611967370915,-0.3576011401046381
13.930914163589478,-0.040055004066207725,-0.35787500613548584
13.942235708236694,-0.03979339616504454,-0.35814887216633357
13.953643560409546,-0.039531788263881144,-0.3584227381971815
13.969257593154907,-0.039139376412136204,-0.35883353724345324
13.980362176895142,-0.03887842573691902,-0.3591080295783316
13.991847038269043,-0.038617475061701836,-0.35938252191320996
14.003627300262451,-0.038617475061701836,-0.35938252191320996
14.016757249832153,-0.03809557371126747,-0.3599315065829667
14.028069019317627,-0.03809557371126747,-0.3599315065829667
14.039733648300171,-0.03757367236083268,-0.3604804912527239
14.05099892616272,-0.03757367236083268,-0.3604804912527239
14.063549041748047,-0.03718224634800706,-0.3608922297550413
14.075032234191895,-0.03705144239742531,-0.3610291627704653
14.087342023849487,-0.03666001638459927,-0.36144090127278317
14.098433017730713,-0.03652921243401773,-0.36157783428820695
14.10994839668274,-0.0363987370964093,-0.361715080455646
14.122371673583984,-0.03600632524466436,-0.3621258795019177
14.134009599685669,-0.03600632524466436,-0.3621258795019177
14.146007776260376,-0.03574537456944675,-0.3624003718367965
14.157656192779541,-0.035484423894229775,-0.36267486417167466
14.169956922531128,-0.03535394855662113,-0.3628121103391139
14.181383609771729,-0.03509234065545794,-0.36308597636996165
14.193186044692993,-0.03496153670487619,-0.36322290938538565
14.204358100891113,-0.03483106136726733,-0.36336015555282514
14.217449426651001,-0.03456945346610457,-0.3636340215836724
14.2301926612854,-0.03443864951552282,-0.3637709545990964
