0.022412776947021484,0.0,0.0
0.053228139877319336,0.0,0.0
0.06490564346313477,0.0005681046715240033,0.0
0.08350896835327148,0.0018936784300802464,-3.1774940381460037e-06
0.09532046318054199,0.0035979141023553306,-1.9518657208367648e-05
0.10767650604248047,0.005112751084808478,-3.767534868286288e-05
0.11993837356567383,0.0070062973128753375,-6.037121302599069e-05
0.1312408447265625,0.008899712974072318,-9.214469281536505e-05
0.1429140567779541,0.010982470201389028,-0.00012709552058367735
0.1540381908416748,0.013443804477344478,-0.00017430115529384703
0.16736412048339844,0.01609476919663814,-0.0002060753653742267
0.17836952209472656,0.01836712912581452,-0.00022241663808963483
0.1898329257965088,0.021207579037285262,-0.0002428432289839025
0.20738935470581055,0.02556304818563703,-0.0002428432289839025
0.21986126899719238,0.02878207677335049,-0.00020426025960059704
0.23114395141601562,0.03200074467267715,-0.00014252981421037888
0.2425394058227539,0.035218885436285555,-5.765508508663826e-05
0.254105806350708,0.03881539327684671,4.5826262440277766e-05
0.26744747161865234,0.04203198054467203,0.0001769751949862246
0.27845287322998047,0.04524824419900284,0.0003158341157388809
0.29006314277648926,0.04827562045107372,0.000439268405193889
0.30130815505981445,0.051302370155010206,0.0005772148626872334
0.31379127502441406,0.05470746357193897,0.0007324046273672526
0.32512855529785156,0.057734213275875614,0.0008703510848606041
0.337141752243042,0.06095080054370063,0.0010015000174065415
0.34825801849365234,0.06378923501345585,0.0011104160680837688
0.36089253425598145,0.06719620818280651,0.0012166180661636727
0.37329697608947754,0.07022462877778504,0.0013110198422347035
0.38421034812927246,0.07325346714353433,0.0013909019402335234
0.39592528343200684,0.07609332950859259,0.0014521774876806743
0.4077260494232178,0.0789335590854111,0.0014930296131466351
0.4198646545410156,0.0821525876731244,0.0015316125825299387
0.43106579780578613,0.08537169949853281,0.0015624792240736835
0.4423513412475586,0.0882121494100034,0.00158290581496795
0.45365142822265625,0.09124204099146536,0.0015829058149679442
0.4669167995452881,0.09484003724445188,0.0015829058149679372
0.4778716564178467,0.09805921381078528,0.0015597556786211076
0.4895336627960205,0.10127847361608866,0.0015597556786211076
0.5008053779602051,0.10487645953216984,0.0015511310519461434
0.5120933055877686,0.10809571933747322,0.0015511310519461371
0.524301290512085,0.11207244061314195,0.0015415985698316952
0.536381721496582,0.11529166342325922,0.0015570320679626963
0.5475826263427734,0.11851091397975287,0.0015647488391981905
0.5590023994445801,0.12173002580516089,0.0015956154807419349
0.5709347724914551,0.12551729235378833,0.0016228509352676163
0.5822720527648926,0.12873632094150195,0.0016614339046509268
0.5983567237854004,0.13347030892004344,0.0017068260245682006
0.610105037689209,0.13687869213056375,0.0017476785803858237
0.6224334239959717,0.1402870753410836,0.0017885311362034412
0.6337969303131104,0.1435061039287972,0.0018271141055867454
0.6453747749328613,0.14710372805943375,0.0018788601311769556
0.6573963165283203,0.1501335412983359,0.001900648494797496
0.6695992946624756,0.1535419245088559,0.0019415010506151087
0.6809313297271729,0.15657173774775804,0.0019632894142356493
0.6921482086181641,0.15960155098666004,0.0019850777778562005
0.70369553565979,0.16244206618356613,0.0019782688620601707
0.7150304317474365,0.16566132598886982,0.0019782688620601707
0.7278139591217041,0.16869120886556954,0.001971006018544412
0.7394955158233643,0.1715317240624758,0.0019641971027483875
0.7508246898651123,0.17456158082493894,0.0019496714574486107
0.7622356414794922,0.17740207153974827,0.001936053664980075
0.7744288444519043,0.18043188477865027,0.0019142653013595296
0.7867610454559326,0.1830829713626896,0.0018952004831915465
0.7977385520935059,0.1859234212741602,0.00187477389229728
0.8091247081756592,0.1885745459413157,0.001862063952659969
0.821281909942627,0.1914150692989361,0.001862063952659969
0.8328688144683838,0.1938768491362548,0.00185616289230341
0.8439822196960449,0.19671737249387566,0.0018561628923034043
0.8553714752197266,0.19936845907791484,0.001875227710471381
0.8674218654632568,0.20183023891523355,0.001881128770827926
0.8797769546508789,0.20448136358238875,0.00189383871046522
0.8911030292510986,0.2069431222018903,0.0019056407972712847
0.9023537635803223,0.2092155343594151,0.0019110879299081038
0.9137818813323975,0.21148794651694003,0.0019165350625449187
0.926992654800415,0.21413909403405237,0.0019228900506212026
0.9380061626434326,0.2164115061915773,0.001917442917984383
0.9582209587097168,0.22076696282683358,0.001907002580430479
0.970813512802124,0.22341808749398878,0.0018942926407931797
1.0012080669403076,0.22872039776154754,0.0018942926407931797
1.0254533290863037,0.23345454895289647,0.001871596320012268
1.0483317375183105,0.23762035065464313,0.001821665418457392
1.0752296447753906,0.24216486160200335,0.0017671953440338793
1.1000051498413086,0.24557324481252335,0.0017263427882162467
1.1135680675506592,0.2478456047416999,0.0017100015155008285
1.1250507831573486,0.2497392815396373,0.0017054622383034755
1.1372528076171875,0.2523904290567499,0.0016991072502271806
1.178093671798706,0.2588284862321767,0.0017762731889937834
1.1996262073516846,0.2611008461613534,0.0017926144617091938
1.2122037410736084,0.26299452295929077,0.0017880751845118445
1.223754644393921,0.2646987929061731,0.0017758192299752848
1.2350757122039795,0.2664030285784481,0.0017594780668050622
1.2472655773162842,0.2679178655609014,0.0017413213753305651
1.2594311237335205,0.2694325980898591,0.001715902591499064
1.270430326461792,0.27094733061881676,0.00169048380766756
1.2818272113800049,0.2722725997225105,0.001661888552192223
1.2935645580291748,0.27359793356340983,0.0016364701335021268
1.3050634860992432,0.27511266609236734,0.0016110513496706282
1.3178215026855469,0.2766273986213252,0.0015856325658391247
1.329233169555664,0.2781422356037785,0.0015674758743646276
1.3402178287506104,0.27946777889579816,0.0015579434652806387
1.351492166519165,0.2806039360106481,0.0015470493565004908
1.365124225616455,0.28230823043953374,0.0015388786810193692
1.3771495819091797,0.28344443651829604,0.0015361551147009599
1.388167381286621,0.2847700102768521,0.0015329776206628155
1.403799295425415,0.28609557261042995,0.0015266226508441622
1.417144775390625,0.28761051404877963,0.0015229912290862832
1.4299156665802002,0.28893608780733604,0.0015198137350481355
1.4411861896514893,0.2902616501409137,0.0015134587652294855
1.4527549743652344,0.29120846677807055,0.0015066499015980634
1.465085506439209,0.29215526437377864,0.0014975714776146105
1.4771366119384766,0.29348074673342556,0.001481684372574417
1.4882900714874268,0.29461683856415277,0.0014653435223880343
1.4997203350067139,0.2953742331179711,0.0014544496222637761
1.5120768547058105,0.29651032494869833,0.0014381087720773933
1.5236432552337646,0.2974570681409711,0.0014244913969220729
1.5349292755126953,0.29840384125500446,0.00141314346475051
1.5471510887145996,0.29935058444727725,0.0013995260895951895
1.5581653118133545,0.3004867121841173,0.0013859085709893135
1.5702910423278809,0.30124413067534395,0.001376830225252062
1.581512212753296,0.30219090378937746,0.001365482293080497
1.5932936668395996,0.3031377013850857,0.0013564038690970408
1.604391098022461,0.3038951546948113,0.0013509567781919037
1.6174983978271484,0.30484197133196816,0.0013441479145604833
1.6284663677215576,0.3055994355225839,0.0013405165032355393
1.639897346496582,0.3063568997131996,0.0013368850919105969
1.6512606143951416,0.3073037299514694,0.0013323458277544166
1.6638965606689453,0.3082505465886262,0.0013255369641229963
1.6753063201904297,0.30900798466519297,0.00131827422493623
1.6873548030853271,0.30995478226090123,0.0013091958009527737
1.6984202861785889,0.3105228461293212,0.0013023870416498378
1.7099528312683105,0.31128024068313936,0.0012914931415255804
1.7227799892425537,0.3120376352369577,0.0012805992414013222
1.7339270114898682,0.31279502979077606,0.001269705341277064
1.7453269958496094,0.3135524243445941,0.0012588114411528103
1.7573940753936768,0.3143098188984125,0.0012479175410285521
1.7696092128753662,0.3148778648137762,0.0012397471159353586
1.781135082244873,0.31563528330500285,0.00123066877019811
1.7951653003692627,0.3165820564190362,0.0012193208380265471
1.8104357719421387,0.3173394944956028,0.0012120580988397838
1.8233253955841064,0.3179075404109665,0.0012038876737465892
1.8345167636871338,0.31866495890219315,0.0011948093280093391
1.8471250534057617,0.31942237739341994,0.0011857309822720886
1.8581440448760986,0.32017979588464657,0.00117665263653484
1.8702514171600342,0.3207478597530665,0.001169843877231903
1.8816375732421875,0.32131590566843027,0.0011616734521387095
1.8933031558990479,0.3216946149140435,0.0011571342792700862
1.9043457508087158,0.3224520334052703,0.0011480559335328344
1.9165318012237549,0.3232094518964969,0.0011389775877955843
1.928440809249878,0.32377751576491687,0.0011321688284926484
1.9398815631866455,0.3241562130418262,0.0011267218784305165
1.9511044025421143,0.3247242589571899,0.001118551453337323
1.9628510475158691,0.32548167744841644,0.0011094731076000763
1.9752113819122314,0.32586038669402984,0.0011049339347314496
1.987260103225708,0.3266178051852566,0.001095855588994199
1.9983201026916504,0.32699651443086986,0.0010913164161255758
2.0097436904907227,0.32756457829928964,0.0010845076568226405
2.0222296714782715,0.328321972853108,0.001073613756698381
2.03356671333313,0.3287006701300173,0.001068166806636249
2.0449094772338867,0.32926871604538105,0.0010599963815430555
2.057058811187744,0.3296474252909943,0.0010554572086744322
2.0680432319641113,0.33002610842323343,0.0010491025127165622
2.0812463760375977,0.3307835269144602,0.0010400241669793104
2.092855453491211,0.33097288153726695,0.0010377545805449974
2.105449676513672,0.33173027609108513,0.00102686068042074
2.1219091415405273,0.3322983220064489,0.0010186902553275465
2.133659839630127,0.33286638587486883,0.0010118814960246106
2.145311117172241,0.33324508315177814,0.0010064345459624786
2.1573545932769775,0.3338131290671416,0.0009982641208692894
2.168360710144043,0.334191838312755,0.0009937249480006626
2.180900812149048,0.33457054755836824,0.0009891857751320393
2.1920931339263916,0.33513861142678847,0.0009823770158290987
2.207996129989624,0.3355173087036975,0.0009769300657669717
2.219647169113159,0.33608535461906114,0.0009687596406737792
2.232109308242798,0.33646406386467453,0.0009642204678051541
2.2435286045074463,0.33684274699691397,0.0009578657718472782
2.2545158863067627,0.33722145624252736,0.0009533265989786529
2.2670857906341553,0.33778948094088657,0.0009437945550418391
2.279320478439331,0.337978829579341,0.0009410710800107768
2.2903831005096436,0.33854685427769987,0.0009315390360739692
2.3018646240234375,0.33873620291615447,0.0009288155610429043
2.3135695457458496,0.3391148860483939,0.0009224608650850276
2.3264005184173584,0.33949359529400747,0.0009179216922163999
2.33758807182312,0.3398723045396207,0.0009133825193477766
2.348991632461548,0.3400616591624274,0.0009111129329134637
2.3610167503356934,0.34062970507779106,0.0009029425078202712
2.372253656387329,0.3408190597005978,0.0009006729213859586
2.384490966796875,0.3411977569775068,0.0008952259713238317
2.396524429321289,0.3413871056159616,0.0008925024962927646
2.4077022075653076,0.3415764602387683,0.000890232909858452
2.419116258621216,0.3421445061541318,0.0008820624847652628
2.4312918186187744,0.34233386077693834,0.0008797928983309513
2.442979097366333,0.34252320941539294,0.0008770694232998864
2.454059362411499,0.34290189254763237,0.0008707147273420097
2.465479612350464,0.3430912471704391,0.0008684451409076968
2.478170871734619,0.3432805958088937,0.0008657216658766319
2.4896790981292725,0.3434699373750136,0.000862544317897691
2.501107692718506,0.3438486346519226,0.0008570973678355641
2.5123612880706787,0.3440379832903772,0.0008543738928044992
2.523777961730957,0.34441666642261665,0.0008480191968466225
2.536855459213257,0.3446060210454232,0.0008457496104123114
2.5478105545043945,0.3447953696838778,0.0008430261353812469
2.5593810081481934,0.34498471124999736,0.0008398487874023116
2.570355176925659,0.34536340852690667,0.0008344018373401795
2.58284068107605,0.34536340852690667,0.0008344018373401795
2.5939712524414062,0.3457421058038157,0.0008289548872780527
2.6097121238708496,0.34593145444227047,0.0008262314122469855
2.6212899684906006,0.3461208090650772,0.0008239618258126729
2.633873462677002,0.34649950634198606,0.0008185148757505483
2.645176887512207,0.3466888549804405,0.000815791400719486
2.657266616821289,0.3468782096032472,0.000813521814285173
2.668281078338623,0.3470675582417018,0.0008107983392541081
2.680910110473633,0.3472568998078217,0.0008076209912751672
2.692267417907715,0.34763559708473074,0.0008021740412130404
2.703651189804077,0.34782494572318534,0.0007994505661819755
2.714961051940918,0.3480142872893052,0.0007962732182030345
2.726905107498169,0.3480142872893052,0.0007962732182030345
2.739189386367798,0.34839298456621426,0.0007908262681409077
2.7502365112304688,0.3485823332046687,0.000788102793109845
2.761488437652588,0.34877167477078824,0.0007849254451309097
2.7732651233673096,0.348961023409243,0.0007822019700998425
2.785428524017334,0.34915037803204974,0.0007799323836655299
2.797419309616089,0.34933972667050434,0.0007772089086344653
2.808969020843506,0.3495290682366239,0.00077403156065553
2.820098638534546,0.34971841687507865,0.0007713080856244629
2.832362651824951,0.3499077714978854,0.0007690384991901503
2.8437700271606445,0.3499077714978854,0.0007690384991901503
2.8550760746002197,0.3502864687747944,0.0007635915491280234
