0.006452322006225586,0
0.010840654373168945,0
0.016561031341552734,1
0.020891189575195312,2
0.02723407745361328,3
0.03181767463684082,4
0.03716254234313965,6
0.04145479202270508,8
0.04720616340637207,10
0.051809072494506836,12
0.05712556838989258,14
0.061411380767822266,16
0.06695723533630371,20
0.07125186920166016,24
0.07794380187988281,26
0.08220338821411133,30
0.08784103393554688,32
0.09212112426757812,37
0.09734272956848145,40
0.10193014144897461,44
0.10773730278015137,47
0.11207103729248047,52
0.11736202239990234,55
0.12196493148803711,59
0.12829208374023438,63
0.1325082778930664,71
0.14143061637878418,76
0.14717435836791992,79
0.15146970748901367,84
0.1572105884552002,88
0.16150331497192383,93
0.16734743118286133,96
0.1719036102294922,102
0.17831945419311523,105
0.18258237838745117,110
0.1882648468017578,114
0.19252586364746094,119
0.19820356369018555,123
0.202467679977417,128
0.20809650421142578,132
0.21232891082763672,137
0.2179257869720459,141
0.22215914726257324,146
0.2287435531616211,150
0.23343515396118164,156
0.23876380920410156,159
0.24328255653381348,165
0.24869108200073242,168
0.25321483612060547,174
0.258594274520874,178
0.2630298137664795,184
0.26848721504211426,187
0.27298402786254883,193
0.27918267250061035,198
0.28421473503112793,204
0.28938794136047363,208
0.29419779777526855,213
0.299375057220459,217
0.30417728424072266,222
0.30935215950012207,226
0.314164400100708,231
0.31923699378967285,234
0.3241245746612549,240
0.33029699325561523,243
0.3359029293060303,248
0.3402669429779053,251
0.34664225578308105,256
0.35099124908447266,261
0.3566415309906006,264
0.3610701560974121,268
0.3668100833892822,271
0.37116384506225586,276
0.3768332004547119,280
0.3822634220123291,284
0.3880484104156494,286
0.39233970642089844,290
0.39807820320129395,293
0.4023761749267578,296
0.40824031829833984,299
0.4125378131866455,302
0.41826295852661133,304
0.42258453369140625,308
0.4282412528991699,311
0.43378663063049316,312
0.43894457817077637,316
0.44348812103271484,317
0.4489119052886963,320
0.45348024368286133,322
0.4588508605957031,323
0.46382808685302734,326
0.4689509868621826,328
0.47350001335144043,329
0.47891783714294434,331
0.4854311943054199,333
0.49005746841430664,334
0.49576258659362793,336
0.5001378059387207,337
0.5055150985717773,339
0.5101876258850098,340
0.5158047676086426,341
0.5201888084411621,342
0.5259201526641846,343
0.5302727222442627,344
0.5366430282592773,346
0.5461461544036865,347
0.5505223274230957,348
0.5562238693237305,348
0.5606303215026855,349
0.5663650035858154,350
0.5707497596740723,350
0.5762770175933838,351
0.5806317329406738,352
0.5871436595916748,352
0.5914578437805176,352
0.5970392227172852,353
0.6014206409454346,353
0.6070215702056885,354
0.6113324165344238,354
0.616877555847168,354
0.6212050914764404,354
0.6269240379333496,354
0.6312296390533447,355
0.637885570526123,355
0.6421740055084229,355
0.6479835510253906,355
0.6522419452667236,355
0.6578364372253418,356
0.6621510982513428,356
0.6678237915039062,356
0.6720864772796631,356
0.6773984432220459,356
0.6820147037506104,356
0.6882522106170654,356
0.6925132274627686,356
0.6982605457305908,356
0.7025024890899658,356
0.7083404064178467,356
0.7126061916351318,356
0.718252420425415,356
0.7224926948547363,356
0.7281460762023926,356
0.7324020862579346,356
0.7387793064117432,356
0.7433121204376221,356
0.7486777305603027,356
0.7533926963806152,356
0.758734941482544,356
0.763474702835083,356
0.7688260078430176,356
0.7733891010284424,356
0.778761625289917,356
0.7833011150360107,356
0.7894394397735596,356
0.7942054271697998,356
0.7993245124816895,356
0.8041050434112549,356
0.8092057704925537,356
0.8140180110931396,356
0.8191251754760742,356
0.8241147994995117,356
0.8292033672332764,356
0.8340167999267578,356
0.8402888774871826,356
0.8458352088928223,356
0.8502542972564697,356
0.8558249473571777,356
0.8601889610290527,356
0.86549973487854,356
0.870086669921875,356
0.8753917217254639,356
0.8799581527709961,356
0.88551926612854,356
0.8908960819244385,356
0.8965108394622803,356
0.9008665084838867,356
0.9064576625823975,356
0.9107716083526611,356
0.9163141250610352,356
0.9206714630126953,356
0.9262454509735107,356
0.9305930137634277,356
0.9361269474029541,356
0.9464373588562012,356
0.9507761001586914,356
0.9565248489379883,356
0.9608712196350098,356
0.9665639400482178,356
0.9708986282348633,356
0.9764409065246582,356
0.9807872772216797,356
0.9863426685333252,356
0.9914405345916748,356
0.9969875812530518,356
1.001283884048462,356
1.007070541381836,356
1.011397361755371,356
1.0171051025390625,356
1.0214040279388428,356
1.0269451141357422,356
1.0312273502349854,356
1.036804437637329,356
1.0422072410583496,356
1.0479238033294678,356
1.0522408485412598,356
1.057823657989502,356
1.062082290649414,356
1.0678951740264893,356
1.0721595287322998,356
1.0778391361236572,356
1.0820906162261963,356
1.0873322486877441,356
1.092681884765625,356
1.0982856750488281,356
1.1025478839874268,356
1.1082334518432617,356
1.1124894618988037,356
1.1181583404541016,356
1.1224286556243896,356
1.1282238960266113,356
1.1324665546417236,356
1.13812255859375,356
1.1438381671905518,356
1.148923635482788,356
1.1534574031829834,356
1.1587779521942139,356
1.1632952690124512,356
1.168691635131836,356
1.1731772422790527,356
1.1785318851470947,356
1.1832342147827148,356
1.1886296272277832,356
1.1941556930541992,356
1.1992340087890625,356
1.204080581665039,356
1.2092163562774658,356
1.2139971256256104,356
1.219151496887207,356
1.2239234447479248,356
1.2289996147155762,356
1.2335054874420166,356
1.2388739585876465,356
1.245436668395996,356
1.2499980926513672,356
1.2553119659423828,356
1.259833574295044,356
1.2648131847381592,356
1.2694158554077148,356
1.2747864723205566,356
1.2793660163879395,356
1.2841224670410156,356
1.2891747951507568,356
1.295781135559082,356
1.3001375198364258,356
1.3058085441589355,356
1.3101584911346436,356
1.315467357635498,356
1.3200414180755615,356
1.325462818145752,356
1.330043077468872,356
1.3354177474975586,356
1.3461320400238037,356
1.3504958152770996,356
1.3562524318695068,356
1.3605942726135254,356
1.3664226531982422,356
1.3707361221313477,356
1.3763072490692139,356
1.380624532699585,356
1.386169195175171,356
1.3904988765716553,356
1.396735429763794,356
1.4010307788848877,356
1.4067225456237793,356
1.4110145568847656,356
1.4165430068969727,356
1.420891523361206,356
1.4266257286071777,356
1.4309418201446533,356
1.4365286827087402,356
1.4408648014068604,356
1.4471962451934814,356
1.4518320560455322,356
1.4571497440338135,356
1.461430549621582,356
1.466953992843628,356
1.4712207317352295,356
1.4767992496490479,356
1.481095790863037,356
1.4868121147155762,356
1.4910900592803955,356
1.4974253177642822,356
1.5020666122436523,356
1.5073561668395996,356
1.5119473934173584,356
1.5172460079193115,356
1.521845817565918,356
1.5271761417388916,356
1.5314953327178955,356
1.5371921062469482,356
1.541517972946167,356
1.5484018325805664,356
1.5526814460754395,356
1.5583133697509766,356
1.5625660419464111,356
1.5682506561279297,356
1.5724914073944092,356
1.5781548023223877,356
1.5824196338653564,356
1.5881202220916748,356
1.5923428535461426,356
1.5986905097961426,356
1.60347580909729,356
1.6088616847991943,356
1.6133816242218018,356
1.6187572479248047,356
1.6232998371124268,356
1.6286194324493408,356
1.633056879043579,356
1.6384692192077637,356
1.6427509784698486,356
1.6484220027923584,356
1.6539790630340576,356
1.6591160297393799,356
1.6640980243682861,356
1.6692051887512207,356
1.674010992050171,356
1.6790740489959717,356
1.6838219165802002,356
1.6889004707336426,356
1.6934189796447754,356
1.6987595558166504,356
1.7048075199127197,356
1.7094082832336426,356
1.7141685485839844,356
1.7192175388336182,356
1.7241599559783936,356
1.7292118072509766,356
1.7340033054351807,356
1.7391095161437988,356
1.7481462955474854,356
1.7538294792175293,356
1.7589733600616455,356
1.763890027999878,356
1.7690422534942627,356
1.7739200592041016,356
1.7790679931640625,356
1.784003496170044,356
1.7891454696655273,356
1.7941033840179443,356
1.799173355102539,356
1.8057966232299805,356
1.8101615905761719,356
1.8154981136322021,356
1.8200621604919434,356
1.8254365921020508,356
1.8300659656524658,356
1.835434913635254,356
1.8434128761291504,356
1.848769187927246,356
1.8542730808258057,356
1.8594014644622803,356
1.8641841411590576,356
1.8692519664764404,356
1.8740427494049072,356
1.879173994064331,356
1.8839502334594727,356
1.8891065120697021,356
1.8939449787139893,356
1.899033784866333,356
1.905470848083496,356
1.910029411315918,356
1.9153151512145996,356
1.9198582172393799,356
1.9254376888275146,356
1.9300487041473389,356
1.9354310035705566,356
1.9400098323822021,356
1.9453656673431396,356
1.949953317642212,356
1.956242322921753,356
1.960594892501831,356
1.9662621021270752,356
1.9706189632415771,356
1.9761836528778076,356
1.9805431365966797,356
1.9861042499542236,356
1.990433692932129,356
1.9959802627563477,356
2.000286817550659,356
2.0064468383789062,356
2.0107879638671875,356
2.0163414478302,356
2.020683765411377,356
2.0264217853546143,356
2.0307600498199463,356
2.03627872467041,356
2.040595769882202,356
2.04614520072937,356
2.0504965782165527,356
2.0569214820861816,356
2.0612504482269287,356
2.0667967796325684,356
2.0711095333099365,356
2.076650857925415,356
2.0809996128082275,356
2.0868051052093506,356
2.0910773277282715,356
2.0966572761535645,356
2.100980043411255,356
2.1072497367858887,356
2.111880302429199,356
2.117241144180298,356
2.121779680252075,356
2.1271469593048096,356
2.131462812423706,356
2.1370017528533936,356
2.1413118839263916,356
2.1504909992218018,356
2.1561808586120605,356
2.1612584590911865,356
2.166961908340454,356
2.1712613105773926,356
2.1769607067108154,356
2.181252956390381,356
2.1869561672210693,356
2.1912500858306885,356
2.196812629699707,356
2.2010960578918457,356
2.2068543434143066,356
2.2122507095336914,356
2.2178330421447754,356
2.2221102714538574,356
2.2274303436279297,356
2.232057809829712,356
2.237398862838745,356
2.241992235183716,356
2.2472646236419678,356
2.251821517944336,356
2.257134437561035,356
2.2624833583831787,356
2.2683565616607666,356
2.272604465484619,356
2.2782421112060547,356
2.2824673652648926,356
2.2880935668945312,356
2.2923355102539062,356
2.2979917526245117,356
2.302253246307373,356
2.307927370071411,356
2.3134384155273438,356
2.3188180923461914,356
2.3234918117523193,356
2.328827381134033,356
2.333379030227661,356
2.3387110233306885,356
2.3432254791259766,356
2.3492255210876465,356
2.354001045227051,356
2.3600831031799316,356
2.3679778575897217,356
2.3722968101501465,356
2.378051280975342,356
2.38232421875,356
2.3881146907806396,356
2.3923914432525635,356
2.3980469703674316,356
2.4022579193115234,356
2.4081296920776367,356
2.41341495513916,356
2.4187841415405273,356
2.4233179092407227,356
2.428698778152466,356
2.433199405670166,356
2.438537359237671,356
2.443207263946533,356
2.4486167430877686,356
2.453057050704956,356
2.4585089683532715,356
2.4640870094299316,356
2.4692039489746094,356
2.4739811420440674,356
2.4790573120117188,356
2.4837772846221924,356
2.4889392852783203,356
2.493481159210205,356
2.498871088027954,356
2.503746747970581,356
2.5088677406311035,356
2.5152244567871094,356
2.519495725631714,356
2.524810314178467,356
2.52939510345459,356
2.534144163131714,356
2.5391793251037598,356
2.548521041870117,356
2.553166151046753,356
2.5585646629333496,356
2.564810276031494,356
2.5694634914398193,356
2.5753185749053955,356
2.57991886138916,356
2.5853192806243896,356
2.5898659229278564,356
2.5948328971862793,356
2.5994389057159424,356
2.604177236557007,356
2.609241008758545,356
2.6158413887023926,356
2.6202399730682373,356
2.625986099243164,356
2.6302902698516846,356
2.635826826095581,356
2.640170097351074,356
2.6457793712615967,356
2.6501402854919434,356
2.6554625034332275,356
2.660036087036133,356
2.6662251949310303,356
2.6705613136291504,356
2.6761605739593506,356
2.680497169494629,356
2.6861884593963623,356
2.690497398376465,356
2.6960883140563965,356
2.7004220485687256,356
2.70619797706604,356
2.7105321884155273,356
2.716794729232788,356
2.7210919857025146,356
2.726853847503662,356
2.7311644554138184,356
2.73677396774292,356
2.7410850524902344,356
2.7468068599700928,356
2.7510898113250732,356
2.7566754817962646,356
2.7609775066375732,356
2.767237663269043,356
2.7718827724456787,356
2.777191638946533,356
2.7814948558807373,356
2.7870662212371826,356
2.7913873195648193,356
2.7969508171081543,356
2.801220655441284,356
2.806936264038086,356
2.8112194538116455,356
2.8178958892822266,356
2.82216739654541,356
2.827826976776123,356
2.8320722579956055,356
2.837954044342041,356
2.842212677001953,356
2.8474433422088623,356
2.852053642272949,356
2.857318878173828,356
2.861893892288208,356
2.8684535026550293,356
2.87274432182312,356
2.878401041030884,356
2.8826515674591064,356
2.888258934020996,356
2.8925139904022217,356
2.898149251937866,356
2.902421712875366,356
2.908128499984741,356
2.9123916625976562,356
2.9187111854553223,356
2.923459768295288,356
2.928832530975342,356
2.9333600997924805,356
2.938669204711914,356
2.945460081100464,356
2.952004909515381,356
2.9577383995056152,356
2.9620888233184814,356
2.968045711517334,356
2.9734888076782227,356
2.9788310527801514,356
2.983499526977539,356
2.9888522624969482,356
2.99340558052063,356
2.9986908435821533,356
