0.020862340927124023,0
0.025980234146118164,0
0.03068685531616211,0
0.03729891777038574,1
0.041762351989746094,3
0.04750370979309082,4
0.05196070671081543,6
0.05787920951843262,8
0.06259512901306152,10
0.06854510307312012,13
0.0729670524597168,15
0.07875609397888184,18
0.0840904712677002,21
0.08954167366027832,24
0.09448885917663574,28
0.09969449043273926,32
0.1046299934387207,35
0.10989880561828613,43
0.12000060081481934,46
0.12592315673828125,51
0.13065671920776367,54
0.13730120658874512,59
0.1417691707611084,63
0.14753270149230957,68
0.15199542045593262,71
0.15770554542541504,77
0.16246414184570312,80
0.16792893409729004,85
0.17269229888916016,89
0.1785879135131836,93
0.18297863006591797,99
0.18941259384155273,102
0.19451045989990234,107
0.19980120658874512,113
0.2047443389892578,118
0.20998167991638184,122
0.2157306671142578,127
0.2204434871673584,131
0.22591495513916016,136
0.23062944412231445,140
0.23709940910339355,145
0.2416210174560547,151
0.24727272987365723,155
0.2517242431640625,160
0.25742483139038086,164
0.2618906497955322,169
0.26762938499450684,175
0.2723836898803711,179
0.2777833938598633,184
0.28252339363098145,188
0.2891206741333008,193
0.2940404415130615,201
0.3004584312438965,205
0.30596232414245605,211
0.3106842041015625,214
0.3163580894470215,220
0.32088279724121094,224
0.32685136795043945,229
0.33134913444519043,233
0.3378770351409912,241
0.3426375389099121,244
0.3483428955078125,250
0.3528406620025635,254
0.35883498191833496,259
0.3632683753967285,263
0.36903882026672363,269
0.3736586570739746,275
0.37930750846862793,279
0.3840153217315674,284
0.3906381130218506,290
0.3963637351989746,296
0.40086841583251953,299
0.4065694808959961,305
0.41104936599731445,309
0.4170072078704834,315
0.42146778106689453,318
0.4272468090057373,324
0.43172550201416016,330
0.43750739097595215,335
0.4430379867553711,339
0.44892406463623047,345
0.4537832736968994,351
0.45934152603149414,355
0.4641079902648926,360
0.4695885181427002,366
0.47472381591796875,369
0.48003292083740234,375
0.4859161376953125,381
0.4914817810058594,384
0.49732136726379395,389
0.5018627643585205,395
0.5076282024383545,400
0.5174002647399902,407
0.5219573974609375,412
0.5278470516204834,417
0.5326974391937256,420
0.5388240814208984,427
0.5447902679443359,431
0.5500991344451904,434
0.5559394359588623,438
0.5607383251190186,441
0.5664961338043213,445
0.5710525512695312,447
0.5769398212432861,451
0.5814998149871826,453
0.5874447822570801,457
0.5930881500244141,460
0.5992155075073242,462
0.6039929389953613,465
0.6096885204315186,467
0.6147434711456299,469
0.6204040050506592,471
0.6259784698486328,472
0.6308660507202148,473
0.6367435455322266,474
0.6420438289642334,475
0.6478240489959717,475
0.6526672840118408,475
0.658632755279541,475
0.6630699634552002,475
0.6690018177032471,475
0.6736400127410889,474
0.6793065071105957,473
0.6840682029724121,472
0.6896028518676758,470
0.6964452266693115,468
0.7010383605957031,467
0.7068657875061035,465
0.7114436626434326,463
0.717409610748291,460
0.7219223976135254,457
0.7276687622070312,454
0.7325005531311035,452
0.7383160591125488,449
0.7439584732055664,445
0.7495436668395996,442
0.7545583248138428,438
0.7598330974578857,434
0.764833927154541,430
0.7700726985931396,427
0.7763681411743164,423
0.7809748649597168,420
0.7867650985717773,415
0.7913320064544678,412
0.7978196144104004,406
0.8026342391967773,403
0.8085675239562988,398
0.8130269050598145,395
0.8189077377319336,390
0.8235714435577393,385
0.829237699508667,382
0.8343997001647949,377
0.8397216796875,372
0.8466243743896484,367
0.8511927127838135,363
0.85711669921875,359
0.8616602420806885,354
0.8673911094665527,350
0.8719232082366943,345
0.8776705265045166,341
0.8824882507324219,337
0.8880298137664795,333
0.8929119110107422,330
0.8994777202606201,325
0.9044761657714844,321
0.909783124923706,316
0.9192395210266113,311
0.9243640899658203,307
0.9296748638153076,303
0.9348318576812744,299
0.9404046535491943,296
0.9471051692962646,293
0.951704740524292,289
0.9576501846313477,286
0.9624974727630615,284
0.9680001735687256,281
0.9728515148162842,279
0.9789321422576904,276
0.9836316108703613,274
0.9892828464508057,272
0.9940288066864014,270
1.0005829334259033,268
1.0063552856445312,267
1.0109448432922363,266
1.016944408416748,265
1.0214614868164062,264
1.0272157192230225,263
1.0317378044128418,263
1.0375597476959229,262
1.042083740234375,262
1.0489449501037598,262
1.0536224842071533,263
1.0592539310455322,263
1.0639750957489014,264
1.0696477890014648,265
1.0748193264007568,266
1.0804355144500732,267
1.0859637260437012,269
1.0907433032989502,270
1.09645676612854,273
1.1017098426818848,275
1.1076807975769043,277
1.1125099658966064,279
1.118319034576416,282
1.1228888034820557,284
1.1286683082580566,287
1.1331417560577393,291
1.1391050815582275,293
1.143932819366455,296
1.150508165359497,300
1.1560449600219727,304
1.1608619689941406,307
1.166621208190918,311
1.1711628437042236,313
1.1769678592681885,318
1.181452989578247,321
1.187211513519287,325
1.1917312145233154,329
1.1976537704467773,334
1.2032926082611084,338
1.2091364860534668,341
1.2138822078704834,346
1.219386339187622,349
1.2243356704711914,354
1.2295799255371094,358
1.2347664833068848,363
1.2401032447814941,366
1.245990514755249,371
1.2515709400177002,374
1.2575931549072266,380
1.2623822689056396,383
1.2679469585418701,387
1.2727830410003662,390
1.2787082195281982,395
1.283191204071045,397
1.2890472412109375,401
1.2937958240509033,405
1.300006628036499,409
1.3068370819091797,413
1.3113994598388672,415
1.3279361724853516,426
1.3327550888061523,428
1.3387219905853271,431
1.343183994293213,434
1.3491759300231934,435
1.360764741897583,441
1.373194694519043,445
1.3817436695098877,448
1.3959228992462158,450
1.404829740524292,452
1.4170629978179932,453
1.4292974472045898,453
1.4377777576446533,453
1.4500634670257568,451
1.4611468315124512,449
1.4731841087341309,447
1.4813120365142822,445
1.4872033596038818,443
1.4917500019073486,440
1.497709035873413,438
1.5025098323822021,436
1.5080265998840332,434
1.5129015445709229,432
1.5188226699829102,429
1.5233190059661865,424
1.5375990867614746,417
1.5474374294281006,413
1.5563888549804688,407
1.5613958835601807,405
1.567244052886963,401
1.571847915649414,397
1.5776560306549072,393
1.5832734107971191,389
1.5891945362091064,386
1.593968152999878,382
1.5995686054229736,379
1.604614019393921,375
1.6099128723144531,371
1.6159818172454834,366
1.6208665370941162,363
1.626863718032837,359
1.632472276687622,355
1.638307809829712,351
1.6428720951080322,348
1.6486692428588867,344
1.6531293392181396,341
1.6590042114257812,337
1.6636555194854736,333
1.669353723526001,331
1.6745188236236572,327
1.6809196472167969,323
1.68674635887146,319
1.691312313079834,317
1.6971871852874756,314
1.7017090320587158,311
1.7074551582336426,308
1.7119991779327393,305
1.7214021682739258,301
1.727416753768921,299
1.7328875064849854,296
1.7390375137329102,293
1.7439110279083252,291
1.749446153640747,290
1.754608392715454,288
1.7599468231201172,286
1.7658166885375977,285
1.7705862522125244,283
1.7763257026672363,282
1.7816431522369385,281
1.7874248027801514,281
1.791987657546997,280
1.7979066371917725,279
1.8027265071868896,279
1.8085274696350098,279
1.8129692077636719,279
1.818807601928711,279
1.823289394378662,279
1.8291375637054443,280
1.8348829746246338,281
1.8404290676116943,281
1.845954179763794,283
1.8507208824157715,283
1.8566257953643799,285
1.861189365386963,286
1.8669989109039307,287
1.8715198040008545,289
1.8773016929626465,291
1.8818449974060059,293
1.8887364864349365,295
1.89320969581604,297
1.8990535736083984,300
1.9037868976593018,303
1.9093332290649414,304
1.9144771099090576,307
1.9197726249694824,311
1.924734115600586,314
1.9300622940063477,316
1.936992883682251,319
1.9415223598480225,322
1.947333574295044,325
1.9518518447875977,329
1.957660436630249,333
1.9624438285827637,335
1.9679710865020752,339
1.9727952480316162,341
1.978858470916748,345
1.9833147525787354,349
1.9897680282592773,353
1.9947829246520996,357
2.0000643730163574,360
2.005948305130005,364
2.0107386112213135,367
2.0167734622955322,370
2.021350145339966,373
2.0271828174591064,377
2.0317776203155518,381
2.038663387298584,384
2.043125629425049,387
2.049034833908081,390
2.0577704906463623,396
2.0625758171081543,399
2.06844162940979,402
2.0729265213012695,404
2.0788533687591553,407
2.0835506916046143,410
2.0899510383605957,413
2.095999240875244,416
2.1007792949676514,417
2.106685161590576,420
2.1112473011016846,422
2.120607376098633,425
2.126500368118286,427
2.131056547164917,428
2.1377055644989014,431
2.1425364017486572,431
2.1486423015594482,433
2.153163433074951,434
2.1591501235961914,435
2.163888692855835,435
2.1694934368133545,436
2.1745030879974365,436
2.179799795150757,436
2.184758424758911,436
2.191164493560791,436
2.1969470977783203,436
2.2015416622161865,436
2.2073287963867188,435
2.2118630409240723,435
2.2177953720092773,434
2.222633123397827,433
2.228546619415283,432
2.2330589294433594,431
2.239762783050537,429
2.244791269302368,427
2.250404119491577,426
2.2559900283813477,424
2.2608108520507812,423
2.2666282653808594,420
2.271209955215454,419
2.2772178649902344,416
2.2817649841308594,414
2.2875781059265137,411
2.2931203842163086,409
2.3158934116363525,396
2.3271799087524414,391
2.343205690383911,383
2.3607277870178223,372
2.372894525527954,365
2.3818492889404297,356
2.40462327003479,347
2.4099223613739014,343
2.416032552719116,339
2.420847177505493,337
2.426776885986328,333
2.431330442428589,331
2.4371774196624756,327
2.4427483081817627,324
2.448608636856079,321
2.453155755996704,318
2.459160327911377,316
2.4639110565185547,313
2.4694488048553467,311
2.4744186401367188,308
2.479762315750122,306
2.484792470932007,303
2.49040150642395,302
2.497035503387451,299
2.5017213821411133,297
2.5076048374176025,296
2.5124220848083496,295
2.5218122005462646,292
2.527712106704712,291
2.5325372219085693,290
2.5386037826538086,289
2.544527292251587,289
2.549809694290161,288
2.5548174381256104,288
2.560072660446167,288
2.565943956375122,287
2.5707526206970215,287
2.576676607131958,288
2.581233263015747,288
2.5870447158813477,289
2.5916764736175537,289
2.5985186100006104,290
2.6029622554779053,291
2.6088812351226807,292
2.613307237625122,293
2.6192269325256348,294
2.6239662170410156,296
2.6296615600585938,297
2.634809970855713,299
2.6404407024383545,301
2.6469786167144775,303
2.651498317718506,305
2.657245635986328,307
2.661745548248291,309
2.66768479347229,312
2.6725165843963623,314
2.6780247688293457,317
2.682852029800415,319
2.6886417865753174,322
2.693098783493042,325
2.6996867656707764,328
2.704709768295288,330
2.710007905960083,333
2.715857744216919,337
2.720632791519165,339
2.7263805866241455,342
2.7309482097625732,345
2.7367753982543945,348
2.741344928741455,351
2.7479002475738525,355
2.752721071243286,357
2.7586669921875,361
2.763122320175171,363
2.769029140472412,367
2.7737627029418945,370
2.779325008392334,372
2.784074306488037,376
2.78959059715271,379
2.794771432876587,382
2.801211357116699,385
2.8070523738861084,387
2.8116774559020996,391
2.817636251449585,393
2.8224754333496094,395
2.82840633392334,399
2.832904100418091,400
2.8387489318847656,403
2.843273162841797,405
2.849912166595459,408
2.8554370403289795,410
2.8605546951293945,412
2.866368532180786,414
2.8709585666656494,415
2.8769354820251465,417
2.8814992904663086,418
2.8872692584991455,419
2.891817569732666,421
2.8987574577331543,422
2.9033331871032715,423
2.9092209339141846,424
2.913986921310425,425
2.9195656776428223,425
2.929324150085449,426
2.9346084594726562,426
2.9398937225341797,426
2.945936441421509,426
2.9514870643615723,425
2.957270860671997,425
2.961806297302246,425
2.967611074447632,424
2.9724042415618896,423
2.977965831756592,422
2.982827663421631,421
2.9886555671691895,420
2.993140459060669,418
2.999943494796753,417
