0.009931564331054688,0
0.01427459716796875,0
0.027207136154174805,1
0.038732290267944336,4
0.05015230178833008,8
0.06248021125793457,14
0.07523131370544434,22
0.08670520782470703,28
0.09811973571777344,36
0.11056756973266602,46
0.12730813026428223,60
0.13895750045776367,68
0.1506786346435547,78
0.16330981254577637,90
0.17581605911254883,100
0.18736052513122559,110
0.19884777069091797,119
0.21111536026000977,132
0.2227330207824707,143
0.23579692840576172,154
0.24743270874023438,165
0.26016926765441895,176
0.2719719409942627,187
0.284008264541626,198
0.29627323150634766,210
0.30793094635009766,221
0.3207859992980957,232
0.3323545455932617,249
0.3525683879852295,261
0.3724935054779053,275
0.3923182487487793,290
0.41039514541625977,302
0.4301621913909912,314
0.4521033763885498,325
0.4721059799194336,334
0.49211812019348145,342
0.5120260715484619,348
0.5348334312438965,354
0.5467257499694824,356
0.558124303817749,358
0.5758674144744873,360
0.5939664840698242,361
0.6087162494659424,362
0.6202366352081299,362
0.6314108371734619,362
0.6448392868041992,363
0.6568560600280762,363
0.6682348251342773,363
0.6798455715179443,363
0.6921570301055908,363
0.7039322853088379,363
0.7163903713226318,363
0.7279715538024902,363
0.740175724029541,363
0.7514083385467529,363
0.7630579471588135,363
0.7759580612182617,363
0.7883968353271484,363
0.8000080585479736,363
0.8110685348510742,363
0.8226258754730225,363
0.8357977867126465,363
0.8480393886566162,363
0.8598752021789551,363
0.8712244033813477,363
0.8827486038208008,363
0.8965508937835693,363
0.9081847667694092,363
0.9240052700042725,363
0.9364454746246338,363
0.9487683773040771,363
0.9602212905883789,363
0.9718308448791504,363
0.9832446575164795,363
0.9966185092926025,363
1.0079739093780518,363
1.019455909729004,363
1.0310657024383545,363
1.0425841808319092,363
1.056044578552246,363
1.0672838687896729,363
1.0787272453308105,363
1.090350866317749,363
1.1025772094726562,363
1.1153271198272705,363
1.1267449855804443,363
1.138216495513916,363
1.150545597076416,363
1.1622953414916992,363
1.1742033958435059,363
1.1864023208618164,363
1.1989493370056152,363
1.2105529308319092,363
1.2221426963806152,363
1.2334294319152832,363
1.2460312843322754,363
1.2582767009735107,363
1.2701261043548584,363
1.2810893058776855,363
1.292578935623169,363
1.306391954421997,363
1.3187248706817627,363
1.3338656425476074,363
1.3463470935821533,363
1.3587570190429688,363
1.3701655864715576,363
1.3817839622497559,363
1.3932011127471924,363
1.4065983295440674,363
1.4182233810424805,363
1.429818868637085,363
1.4411931037902832,363
1.4540002346038818,363
1.466289758682251,363
1.4777131080627441,363
1.489166498184204,363
1.502483606338501,363
1.5163476467132568,363
1.5278866291046143,363
1.5392146110534668,363
1.5508050918579102,363
1.5634698867797852,363
1.5760729312896729,363
1.587348461151123,363
1.5987703800201416,363
1.610912799835205,363
1.6226084232330322,363
1.635329246520996,363
1.6468291282653809,363
1.6589934825897217,363
1.6705927848815918,363
1.6824064254760742,363
1.695436954498291,363
1.7083072662353516,363
1.7202246189117432,363
1.7365844249725342,363
1.7483251094818115,363
1.7607951164245605,363
1.7724051475524902,363
1.7852487564086914,363
1.796940803527832,363
1.809131145477295,363
1.8206777572631836,363
1.832484245300293,363
1.845200777053833,363
1.8568344116210938,363
1.869361162185669,363
1.8808846473693848,363
1.8924753665924072,363
1.9052159786224365,363
1.9174392223358154,363
1.9292466640472412,363
1.9409477710723877,363
1.9525644779205322,363
1.9662084579467773,363
1.9777417182922363,363
1.9889962673187256,363
2.0004706382751465,363
2.0125882625579834,363
2.0253517627716064,363
2.036921739578247,363
2.048325777053833,363
2.060180425643921,363
2.0726065635681152,363
2.0857338905334473,363
2.097287178039551,363
2.108762264251709,363
2.1209287643432617,363
2.1369311809539795,363
2.1484813690185547,363
2.1604092121124268,363
2.1725668907165527,363
2.1852145195007324,363
2.1965677738189697,363
2.2081856727600098,363
2.220824718475342,363
2.2323720455169678,363
2.2442731857299805,363
2.2564220428466797,363
2.268766403198242,363
2.2801783084869385,363
2.291158437728882,363
2.3027536869049072,363
2.316458225250244,363
2.328768491744995,363
2.3401944637298584,363
2.3520400524139404,363
2.3639166355133057,363
2.3769941329956055,363
2.388462781906128,363
2.400272846221924,363
2.4118754863739014,363
2.424210548400879,363
2.436485528945923,363
2.4479739665985107,363
2.4591622352600098,363
2.470616579055786,363
2.4831411838531494,363
2.4957969188690186,363
2.507235288619995,363
2.5187880992889404,363
2.536130666732788,363
2.5474250316619873,363
2.559047222137451,363
2.570608139038086,363
2.5832180976867676,363
2.595851182937622,363
2.6073575019836426,363
2.6188881397247314,363
2.63095760345459,363
2.642589569091797,363
2.655365228652954,363
2.666947603225708,363
2.679023027420044,363
2.690556526184082,363
2.7023277282714844,363
2.7141494750976562,363
2.72733473777771,363
2.739079236984253,363
2.750643730163574,363
2.7623348236083984,363
2.774200201034546,363
2.7877402305603027,363
2.7990448474884033,363
2.8106513023376465,363
2.8224213123321533,363
2.8361940383911133,363
2.8474082946777344,363
2.858898162841797,363
2.8702640533447266,363
2.8827497959136963,363
2.895798683166504,363
2.907292127609253,363
2.9187450408935547,363
2.9354991912841797,363
2.9473674297332764,363
2.9590353965759277,363
2.970456838607788,363
2.9831371307373047,363
2.995990514755249,363
3.0077157020568848,363
