0.009926557540893555,0
0.015157938003540039,1
0.027055978775024414,2
0.03870892524719238,5
0.05018424987792969,9
0.062392473220825195,16
0.07568550109863281,23
0.0872199535369873,31
0.09870100021362305,38
0.1108858585357666,46
0.128157377243042,60
0.1402604579925537,70
0.15220284461975098,80
0.16635918617248535,92
0.17802691459655762,102
0.1898953914642334,113
0.20092415809631348,124
0.21331477165222168,135
0.22599267959594727,146
0.23729515075683594,157
0.2489488124847412,168
0.26122498512268066,179
0.27263760566711426,190
0.28645944595336914,202
0.2979724407196045,213
0.31049442291259766,224
0.3222179412841797,236
0.33399105072021484,249
0.3463287353515625,258
0.35792970657348633,270
0.3701932430267334,281
0.38142848014831543,292
0.39317870140075684,304
0.40612077713012695,315
0.41861605644226074,326
0.45635128021240234,360
0.48616981506347656,383
0.5111739635467529,400
0.5288019180297852,408
0.5406715869903564,412
0.5526087284088135,415
0.5663621425628662,416
0.5779931545257568,416
0.5899319648742676,414
0.6009471416473389,412
0.6129512786865234,408
0.6263267993927002,404
0.6379940509796143,400
0.6494269371032715,394
0.6609337329864502,389
0.6741316318511963,383
0.6863417625427246,378
0.698002815246582,374
0.7098534107208252,369
0.7220079898834229,364
0.7339627742767334,360
0.7466309070587158,357
0.7580990791320801,354
0.7706613540649414,351
0.7825374603271484,349
0.7959821224212646,348
0.8076460361480713,347
0.8199636936187744,346
0.8311336040496826,346
0.8432528972625732,347
0.8559014797210693,348
0.8672869205474854,348
0.8800761699676514,349
0.8913540840148926,350
0.905799388885498,352
0.9225180149078369,354
0.9359865188598633,355
0.9477498531341553,356
0.9591689109802246,357
0.9718680381774902,358
0.9833114147186279,359
0.9959323406219482,360
1.007275104522705,360
1.0189094543457031,361
1.0313944816589355,361
1.0429494380950928,361
1.0559403896331787,361
1.067124843597412,361
1.0798313617706299,361
1.0909407138824463,362
1.1024610996246338,362
1.1152896881103516,362
1.1281077861785889,362
1.1400117874145508,362
1.151691198348999,362
1.1630911827087402,362
1.1765520572662354,362
1.1877431869506836,362
1.1998746395111084,362
1.2110276222229004,362
1.2229101657867432,362
1.2363073825836182,362
1.2479379177093506,362
1.259342908859253,362
1.270946979522705,362
1.2833654880523682,362
1.2963292598724365,362
1.3082027435302734,362
1.3241591453552246,362
1.3376379013061523,362
1.3490946292877197,362
1.3605995178222656,362
1.3722753524780273,362
1.3860981464385986,362
1.3979637622833252,362
1.4097585678100586,362
1.4209637641906738,362
1.4331855773925781,362
1.4461212158203125,362
1.4576177597045898,362
1.4697723388671875,362
1.481776237487793,362
1.4931559562683105,362
1.5060579776763916,362
1.5172951221466064,362
1.5287773609161377,362
1.5408458709716797,362
1.5524828433990479,362
1.565673589706421,362
1.577275037765503,362
1.5900816917419434,362
1.601245403289795,362
1.6126222610473633,362
1.6257436275482178,362
1.6381044387817383,362
1.6500871181488037,362
1.6612932682037354,362
1.6729638576507568,362
1.68654465675354,362
1.6979670524597168,362
1.7093348503112793,362
1.7257115840911865,362
1.7384817600250244,362
1.7503008842468262,362
1.7618846893310547,362
1.773275375366211,362
1.7866334915161133,362
1.7980949878692627,362
1.809962272644043,362
1.8209197521209717,362
1.8324553966522217,362
1.8462796211242676,362
1.857776165008545,362
1.8723089694976807,362
1.8907344341278076,362
1.9024479389190674,362
1.9152181148529053,362
1.9267661571502686,362
1.9389209747314453,362
1.9504804611206055,362
1.9621028900146484,362
1.974215030670166,362
1.9864108562469482,362
1.99861741065979,362
2.0100619792938232,362
2.021148204803467,362
2.032538890838623,362
2.0462660789489746,362
2.05781626701355,362
2.068998336791992,362
2.0806286334991455,362
2.0932509899139404,362
2.1060843467712402,362
2.1172633171081543,362
2.132572650909424,362
2.146486520767212,362
2.1580617427825928,362
2.169420003890991,362
2.180856466293335,362
2.1936774253845215,362
2.206085443496704,362
2.2173235416412354,362
2.2292275428771973,362
2.2408878803253174,362
2.2531583309173584,362
2.265833854675293,362
2.277130603790283,362
2.289926052093506,362
2.302292823791504,362
2.318727731704712,362
2.330169200897217,362
2.341311454772949,362
2.3610312938690186,362
2.3820810317993164,362
2.40209698677063,362
2.419872283935547,362
2.439059257507324,362
2.4599006175994873,362
2.478773832321167,362
2.4989349842071533,362
2.5170655250549316,362
2.5322818756103516,362
2.5488576889038086,362
2.566948413848877,362
2.5839037895202637,362
2.5961570739746094,362
2.6073029041290283,362
2.620051145553589,362
2.631148338317871,362
2.6425721645355225,362
2.6557300090789795,362
2.667295455932617,362
2.6800789833068848,362
2.6913506984710693,362
2.703204393386841,362
2.7159008979797363,362
2.728271961212158,362
2.740072727203369,362
2.751404285430908,362
2.7632648944854736,362
2.7765679359436035,362
2.788088083267212,362
2.799896240234375,362
2.8109130859375,362
2.8237974643707275,362
2.836010694503784,362
2.8471827507019043,362
2.858623504638672,362
2.870082378387451,362
2.88248610496521,362
2.89536190032959,362
2.907172918319702,362
2.9186177253723145,362
2.9359090328216553,362
2.947622776031494,362
2.9589717388153076,362
2.9705519676208496,362
2.983258008956909,362
2.99587345123291,362
3.007331132888794,362
