0.009290218353271484,0
0.020695924758911133,1
0.02624344825744629,1
0.03037118911743164,2
0.03605771064758301,3
0.04022526741027832,4
0.04540872573852539,6
0.049437761306762695,8
0.05399131774902344,9
0.05891585350036621,11
0.06325340270996094,15
0.06920075416564941,17
0.07395339012145996,20
0.07882833480834961,22
0.08305954933166504,26
0.08829331398010254,29
0.09232163429260254,33
0.09793710708618164,35
0.10199666023254395,40
0.10706639289855957,43
0.11119842529296875,45
0.11653280258178711,50
0.12138104438781738,53
0.12673044204711914,56
0.1308279037475586,64
0.1404581069946289,68
0.14596056938171387,73
0.15008544921875,76
0.15544724464416504,81
0.15948009490966797,85
0.16418886184692383,89
0.17013812065124512,93
0.17522525787353516,98
0.17931246757507324,102
0.18389034271240234,105
0.18880915641784668,109
0.19306635856628418,114
0.1983194351196289,118
0.2023630142211914,123
0.207960844039917,127
0.2120652198791504,132
0.2172985076904297,136
0.2224867343902588,141
0.22791528701782227,145
0.23200678825378418,151
0.23712372779846191,154
0.24123191833496094,158
0.24664092063903809,162
0.2507772445678711,167
0.25606679916381836,171
0.26021313667297363,175
0.26534008979797363,180
0.2704765796661377,184
0.27601146697998047,189
0.28012657165527344,193
0.2852468490600586,199
0.2893352508544922,203
0.29403066635131836,207
0.2989161014556885,210
0.3032565116882324,216
0.3084447383880615,220
0.31249523162841797,225
0.3179183006286621,229
0.32265186309814453,235
0.32814860343933105,239
0.3322024345397949,244
0.3378453254699707,248
0.3418998718261719,254
0.3469572067260742,257
0.35103797912597656,263
0.3570742607116699,267
0.3612067699432373,271
0.36658191680908203,275
0.37149810791015625,280
0.376922607421875,286
0.3810431957244873,290
0.38645339012145996,294
0.3905909061431885,299
0.39606308937072754,303
0.40018296241760254,307
0.40526914596557617,313
0.40935397148132324,317
0.4139363765716553,321
0.418881893157959,326
0.42423510551452637,332
0.4290745258331299,336
0.4334108829498291,339
0.43855786323547363,343
0.44261717796325684,349
0.44808149337768555,353
0.452136754989624,359
0.4573352336883545,363
0.46144676208496094,368
0.46700334548950195,372
0.4711601734161377,377
0.47717857360839844,380
0.48134875297546387,383
0.48679161071777344,385
0.4909226894378662,389
0.4963812828063965,391
0.5005481243133545,392
0.5059130191802979,395
0.5100538730621338,396
0.5153381824493408,397
0.5202150344848633,399
0.526482105255127,399
0.5306353569030762,399
0.5402143001556396,399
0.545830488204956,398
0.5499837398529053,397
0.5552670955657959,396
0.5593583583831787,395
0.5640535354614258,393
0.5690155029296875,391
0.5751597881317139,389
0.5792994499206543,387
0.5838890075683594,385
0.5887932777404785,383
0.593313455581665,380
0.5984961986541748,377
0.602574348449707,374
0.6080629825592041,371
0.6121041774749756,367
0.6171839237213135,365
0.6213366985321045,361
0.6274096965789795,357
0.6318292617797852,353
0.6371476650238037,351
0.6413018703460693,348
0.646639347076416,346
0.6507644653320312,343
0.6560695171356201,341
0.6601927280426025,339
0.6653015613555908,337
0.6693696975708008,336
0.673957347869873,335
0.6799182891845703,335
0.684227466583252,334
0.6890773773193359,334
0.6937682628631592,334
0.6987042427062988,335
0.7027225494384766,336
0.708240270614624,337
0.7122819423675537,338
0.7173388004302979,339
0.7214322090148926,342
0.7280774116516113,343
0.7321162223815918,346
0.738039493560791,348
0.7420704364776611,351
0.7471532821655273,353
0.7512650489807129,356
0.7568252086639404,358
0.7609302997589111,362
0.7663028240203857,365
0.7704746723175049,367
0.7758533954620361,371
0.7807767391204834,374
0.7861030101776123,376
0.790280818939209,377
0.7954065799713135,379
0.7994868755340576,380
0.8040764331817627,381
0.8090267181396484,382
0.8135097026824951,382
0.8186690807342529,382
0.8227212429046631,382
0.8289616107940674,381
0.8333146572113037,381
0.8385162353515625,379
0.8425884246826172,378
0.8480587005615234,377
0.8520994186401367,375
0.857384443283081,373
0.8618557453155518,370
0.8669707775115967,368
0.871079683303833,366
0.8766036033630371,363
0.8815107345581055,359
0.8870072364807129,357
0.8911411762237549,355
0.8965151309967041,353
0.900660514831543,351
0.9059939384460449,348
0.9101085662841797,347
0.915215253829956,345
0.9193141460418701,344
0.9238641262054443,344
0.9298675060272217,343
0.9384949207305908,343
0.9426281452178955,343
0.9481668472290039,344
0.9521815776824951,345
0.9577336311340332,346
0.9618673324584961,348
0.9671378135681152,349
0.9712703227996826,351
0.9766185283660889,352
0.9814422130584717,356
0.987034797668457,358
0.9911389350891113,360
0.9966623783111572,363
1.000971794128418,366
1.0063941478729248,368
1.0105607509613037,370
1.0160002708435059,373
1.0201427936553955,374
1.0252306461334229,375
1.0293362140655518,376
1.0358428955078125,377
1.0400116443634033,377
1.044771432876587,378
1.0492188930511475,378
1.0540108680725098,377
1.0589118003845215,377
1.0632760524749756,376
1.0684866905212402,375
1.0725529193878174,373
1.078021764755249,372
1.0830540657043457,370
1.0883162021636963,369
1.0924015045166016,366
1.097823143005371,364
1.1018989086151123,361
1.1070199012756348,359
1.1111481189727783,356
1.1168055534362793,354
1.1209053993225098,351
1.1262962818145752,349
1.1304457187652588,347
1.136458158493042,346
1.1405823230743408,345
1.1459410190582275,344
1.150054931640625,344
1.155186653137207,343
1.159292459487915,343
1.163862943649292,343
1.16876220703125,344
1.173201084136963,345
1.1784002780914307,345
1.1834514141082764,347
1.1886167526245117,348
1.1926603317260742,351
1.1981232166290283,352
1.202160358428955,355
1.2073087692260742,357
1.2113990783691406,359
1.2167737483978271,361
1.2209081649780273,365
1.2263293266296387,367
1.230487585067749,369
1.2366552352905273,371
1.240797996520996,373
1.2463409900665283,375
1.2505295276641846,375
1.2559599876403809,377
1.2600934505462646,377
1.2651762962341309,377
1.2693085670471191,377
1.2739207744598389,377
1.2788331508636475,376
1.283151388168335,375
1.289032220840454,374
1.2935113906860352,373
1.2987091541290283,371
1.3029940128326416,369
1.308314323425293,367
1.3123886585235596,365
1.3177459239959717,363
1.3219130039215088,360
1.3270916938781738,357
1.3312146663665771,355
1.3411414623260498,351
1.3466570377349854,349
1.350773811340332,347
1.3570048809051514,346
1.3611242771148682,345
1.3666625022888184,345
1.3707756996154785,344
1.3798508644104004,345
1.3853027820587158,345
1.3904759883880615,346
1.3959996700286865,347
1.4001123905181885,348
1.4053637981414795,350
1.4094040393829346,352
1.4141230583190918,353
1.419048547744751,356
1.4233455657958984,358
1.428539514541626,360
1.4325814247131348,364
1.4388091564178467,366
1.4431650638580322,369
1.4483258724212646,371
1.4524037837982178,373
1.457859992980957,374
1.4619207382202148,375
1.4670093059539795,376
1.4711425304412842,377
1.4766936302185059,377
1.4808349609375,377
1.486255407333374,377
1.4911446571350098,376
1.4965252876281738,375
1.5006847381591797,374
1.5062592029571533,373
1.510446310043335,372
1.5158164501190186,369
1.5199968814849854,368
1.5242893695831299,365
1.5292065143585205,363
1.5339858531951904,361
1.5400056838989258,358
1.5443007946014404,355
1.5492005348205566,353
1.5538256168365479,351
1.5587272644042969,349
1.562734603881836,346
1.5681297779083252,345
1.5721561908721924,343
1.577223539352417,343
1.5813207626342773,342
1.5866925716400146,341
1.5918328762054443,341
1.5970916748046875,342
1.6012003421783447,342
1.6065566539764404,343
1.6106853485107422,344
1.616030216217041,345
1.6201422214508057,346
1.62522554397583,348
1.629312515258789,349
1.6340296268463135,351
1.6389124393463135,354
1.644226312637329,357
1.6490707397460938,359
1.6537384986877441,361
1.658691167831421,364
1.6627366542816162,367
1.6681995391845703,369
1.6722702980041504,372
1.677354335784912,373
1.681471347808838,375
1.6868717670440674,376
1.6920576095581055,377
1.697401523590088,378
1.701772928237915,378
1.7069542407989502,378
1.711111068725586,378
1.7166504859924316,378
1.720789909362793,377
1.7261502742767334,376
1.730323314666748,375
1.7354283332824707,372
1.7452001571655273,369
1.749344825744629,367
1.7540476322174072,365
1.7590124607086182,363
1.7783558368682861,351
1.7859253883361816,347
1.7900748252868652,343
1.7963318824768066,341
1.8004772663116455,339
1.8060777187347412,337
1.8102436065673828,335
1.815333366394043,333
1.8193764686584473,332
1.823974370956421,331
1.8288772106170654,331
1.8333454132080078,330
1.8385076522827148,330
1.8438332080841064,331
1.8488061428070068,331
1.8530323505401611,332
1.8582775592803955,333
1.862400770187378,334
1.8674342632293701,335
1.8717997074127197,337
1.8769030570983887,338
1.881011962890625,341
1.8863861560821533,343
1.8905212879180908,346
1.8966963291168213,348
1.9008169174194336,351
1.9061813354492188,354
1.9103426933288574,356
1.9154515266418457,360
1.919492244720459,363
1.9241001605987549,367
1.9290480613708496,369
1.9333674907684326,371
1.9385132789611816,373
1.9425911903381348,376
1.9488098621368408,377
1.953307867050171,379
1.9585294723510742,380
1.9625978469848633,381
1.9680728912353516,382
1.9721181392669678,382
1.977200984954834,382
1.9813458919525146,381
1.986706256866455,381
1.9908368587493896,380
1.9968717098236084,379
2.0010476112365723,377
2.006497383117676,376
2.0106568336486816,374
2.016153573989868,373
2.020352363586426,371
2.0258755683898926,368
2.030043601989746,366
2.035142421722412,363
2.039263963699341,360
2.043872833251953,357
2.0499439239501953,354
2.0542848110198975,351
2.059157609939575,349
2.0637519359588623,347
2.0686681270599365,346
2.0727345943450928,344
2.0783164501190186,343
2.082350254058838,341
2.087412118911743,341
2.0917844772338867,341
2.0980563163757324,340
2.102121114730835,341
2.1071624755859375,341
2.111257553100586,341
2.1165995597839355,342
2.1207242012023926,344
2.126035690307617,345
2.1301729679107666,346
2.1354475021362305,349
2.1442313194274902,353
2.150233507156372,355
2.155848741531372,359
2.159968137741089,361
2.1651713848114014,365
2.1693108081817627,367
2.1739046573638916,369
2.1788883209228516,371
2.183237314224243,373
2.1884043216705322,375
2.1924703121185303,376
2.1987576484680176,377
2.2031466960906982,378
2.208346128463745,379
2.2124454975128174,379
2.2178990840911865,379
2.2219696044921875,378
2.22705078125,378
2.231184244155884,377
2.2365381717681885,377
2.2407069206237793,375
2.2460227012634277,374
2.2509171962738037,372
2.2564563751220703,371
2.260605573654175,369
2.2659566402435303,366
2.270117998123169,364
2.2752346992492676,361
2.279336452484131,359
2.2840516567230225,357
2.2889764308929443,353
2.2932989597320557,351
2.2985010147094727,348
2.3038811683654785,347
2.308833599090576,345
2.3132994174957275,344
2.3184854984283447,343
2.322523593902588,342
2.3279290199279785,342
2.3319811820983887,342
2.337083101272583,342
2.3411855697631836,342
2.3465614318847656,343
2.351395845413208,345
2.357736587524414,345
2.361845016479492,347
2.366999864578247,349
2.3711068630218506,351
2.3773128986358643,353
2.3814241886138916,355
2.3868284225463867,357
2.390929698944092,361
2.396414041519165,363
2.4005978107452393,366
2.4067952632904053,368
2.410930633544922,371
2.416511297225952,372
2.42067289352417,374
2.4260220527648926,375
2.430166006088257,375
2.4354758262634277,376
2.4398446083068848,377
2.444166898727417,377
2.4490761756896973,376
2.455272674560547,376
2.45937442779541,375
2.46395206451416,374
2.4688544273376465,373
2.473165512084961,371
2.4784040451049805,370
2.4824554920196533,368
2.48795747756958,366
2.492067575454712,363
2.4973011016845703,361
2.501436471939087,358
2.507873296737671,356
2.5119504928588867,353
2.517033815383911,351
2.5211434364318848,349
2.526528835296631,348
2.530672311782837,347
2.5360329151153564,345
2.5401594638824463,344
2.548955202102661,343
2.5552473068237305,343
2.559335708618164,343
2.564040422439575,344
2.568932294845581,344
2.573747158050537,345
2.578721761703491,347
2.5827293395996094,348
2.588214874267578,350
2.592280626296997,352
2.5973362922668457,354
2.6014347076416016,357
2.6073429584503174,359
2.611443519592285,362
2.616971492767334,364
2.621108293533325,367
2.6265668869018555,369
2.630740165710449,371
2.6361844539642334,373
2.64033579826355,374
2.6454813480377197,375
2.6498427391052246,376
2.654165267944336,377
2.6600849628448486,377
2.6651554107666016,377
2.6692872047424316,377
2.6740570068359375,377
2.678988218307495,376
2.6833009719848633,375
2.6884665489196777,374
2.692534923553467,372
2.6979727745056152,371
2.7020506858825684,368
2.7082979679107666,367
2.712411642074585,364
2.7178168296813965,362
2.7219159603118896,359
2.727037191390991,356
2.731171131134033,354
2.7366552352905273,352
2.7407679557800293,350
2.7461795806884766,348
2.7503268718719482,347
2.755406618118286,345
2.7605843544006348,345
2.7659049034118652,344
2.7700445652008057,344
2.7747890949249268,344
2.779203414916992,344
2.783778429031372,344
2.7886877059936523,345
2.792732000350952,345
2.798715829849243,346
2.8027381896972656,348
2.80920147895813,350
2.8139545917510986,351
2.818845748901367,353
2.823284387588501,356
2.828423500061035,358
2.832482099533081,361
2.837980270385742,363
2.8420610427856445,367
2.8471527099609375,369
2.851306438446045,370
2.8568954467773438,372
2.862058401107788,374
2.8672173023223877,375
2.8713579177856445,376
2.8768203258514404,376
2.8809282779693604,377
2.886375665664673,377
2.8905258178710938,376
2.895937919616699,376
2.900094985961914,375
2.905172348022461,374
2.9103991985321045,373
2.9159607887268066,371
2.9201133251190186,370
2.9251914024353027,368
2.9292988777160645,366
2.934081554412842,363
2.93904185295105,359
2.9472641944885254,357
2.951413869857788,355
2.95693039894104,352
2.962127923965454,350
2.967384099960327,348
2.971486806869507,347
2.977145195007324,346
2.9812488555908203,345
2.986591100692749,345
2.990711212158203,345
2.9960532188415527,345
