0.005910396575927734,0.0,0.0
0.029477357864379883,0.00018936822384110316,0.0
0.0412290096282959,0.0003787359036351826,-4.5392771973501154e-07
0.05493569374084473,0.0013255661419041354,-4.993191875911489e-06
0.06618523597717285,0.0024617461064931723,-1.3163828233628312e-05
0.0780644416809082,0.003787228466139773,-2.9050933273810204e-05
0.08983874320983887,0.005491366212231369,-5.3562208553398746e-05
0.10219597816467285,0.007574123439547463,-8.851303632168039e-05
0.11474418640136719,0.009656790903816926,-0.00012845626569181782
0.12590670585632324,0.012307329111205616,-0.00018564677664251314
0.13759422302246094,0.014389894845581652,-0.00023058217810375663
0.14999079704284668,0.017419229339065853,-0.0002886814208239587
0.16159391403198242,0.019880563615020226,-0.00033588705553409327
0.17318010330200195,0.02347830144834786,-0.00037900919778605736
0.18530654907226562,0.02631869423547282,-0.00040624446973640564
0.19709539413452148,0.02991668015155416,-0.00041486909641135606
0.2112104892730713,0.033514676404540054,-0.000414869096411328
0.22291254997253418,0.03711241423786707,-0.00037174695415937125
0.23525094985961914,0.04070974894887863,-0.000302754103429121
0.2469933032989502,0.044306494508205445,-0.00020789411205550314
0.25959181785583496,0.047902464916945074,-8.717188554383505e-05
0.271334171295166,0.05282195132656013,0.00011340883482052432
0.28881144523620605,0.05735863042218024,0.00038560274190443174
0.3014795780181885,0.0613282246308463,0.0006237724106028204
0.3130838871002197,0.06529723652712376,0.0008714567657423491
0.3254127502441406,0.06869872805133818,0.0010919118672327289
0.33708906173706055,0.07247564073825821,0.0013730883877998185
0.3485262393951416,0.07625116202927903,0.0016723686266877872
0.36106038093566895,0.07964913119119654,0.0019417208416868616
0.37213635444641113,0.0836118764670101,0.0022749667742730075
0.3848297595977783,0.0871964843958353,0.0025850684239113906
0.3967161178588867,0.09059171478240703,0.0028869883854503943
0.40872859954833984,0.09436419298970772,0.0032224550093825407
0.42006635665893555,0.09757079946591404,0.003507601639724931
0.43157291412353516,0.1009667438195376,0.0038013821499086344
0.4432075023651123,0.10473840705374432,0.004145890681114608
0.45607876777648926,0.10832301498256952,0.004455992330752991
0.467663049697876,0.11134224947842757,0.004709893993675776
0.47914958000183105,0.11473888828626855,0.004995533364463994
0.4909970760345459,0.11794682493811806,0.005265303881319482
0.5051181316375732,0.12191035764088767,0.005589049903138615
0.5162086486816406,0.12493077467370434,0.00582847409424899
0.5277385711669922,0.12795230482323963,0.00605341531070263
0.5390503406524658,0.13116268060712188,0.0062924153531846464
0.5509135723114014,0.13456363391403198,0.0065210234136133605
0.5631747245788574,0.13777664354435054,0.006721529796345304
0.5752370357513428,0.14080193147066017,0.006888490744902057
0.5868000984191895,0.1438272193969698,0.00705545169345881
0.5978941917419434,0.1468539691009062,0.007193398150952136
0.610889196395874,0.15007114814717532,0.007309124890674852
0.6221375465393066,0.15309933375453527,0.007410785713000476
0.6346640586853027,0.15612797193606023,0.007497927900391571
0.6458609104156494,0.15915730642954443,0.00755602714311182
0.6581318378448486,0.16199753600636232,0.00759687926857778
0.6697778701782227,0.1648379859178337,0.007617305859472041
0.6862249374389648,0.16881467291856625,0.007636370768927996
0.6980619430541992,0.1716551881154719,0.007629561853131984
0.7110044956207275,0.17506377697324285,0.007613220502169709
0.7220721244812012,0.17771490164039913,0.007600510562532379
0.7346358299255371,0.18017657538924073,0.007576906660175391
0.7459144592285156,0.18320624935414734,0.007540593277226403
0.7582306861877441,0.18623592331905334,0.007504279894277446
0.7698829174041748,0.18869753341554016,0.007474775270631372
0.7813661098480225,0.1911590657154501,0.007439370095227524
0.7927837371826172,0.19381003043474268,0.007407595885147167
0.805124044418335,0.1964609951540365,0.0073758216750667745
0.8173732757568359,0.19911195987332972,0.007344047464986411
0.8288114070892334,0.20176292459262415,0.007312273254906032
0.8405218124389648,0.20403518006630394,0.007285038217694293
0.8518304824829102,0.20668596199197953,0.007240555345989177
0.8657560348510742,0.20914757208846635,0.007211050722343102
0.8774099349975586,0.2117986053564487,0.007185631135189453
0.8888282775878906,0.2142602791052909,0.0071620272328324595
0.900571346282959,0.21653253457897134,0.007134792195620695
0.9130547046661377,0.21899414467545816,0.007105287571974659
0.9253499507904053,0.22145581842429915,0.0070816836696176964
0.9369311332702637,0.2237281783534766,0.007065342396902267
0.9480464458465576,0.2256218116277894,0.0070517246696394364
0.9606235027313232,0.22770471247866342,0.0070267592188619984
0.9719324111938477,0.2299770267083624,0.007004971001301712
0.984504222869873,0.23205998141892123,0.006984998468538102
0.9956459999084473,0.23395352764698885,0.006962302604194972
1.0073795318603516,0.23603642849786163,0.006937337153417549
1.0197670459747314,0.23830874272756186,0.00691554893585725
1.0313408374786377,0.2400128804736522,0.006891037660577692
1.0429966449737549,0.2420957813245256,0.006866072209800246
1.0551197528839111,0.24398926770907148,0.006838837459489612
1.0674798488616943,0.24569340545516247,0.006814326184210032
1.0826704502105713,0.24815484581471803,0.006773020660483859
1.094994068145752,0.25004817987314626,0.006736708633783706
1.106978416442871,0.25194151393157327,0.006700396607083577
1.1191136837005615,0.25364551458415785,0.006667715783053456
1.1311402320861816,0.25516010784552245,0.006635035491081637
1.1421473026275635,0.2572426735798991,0.00659010008962038
1.154723882675171,0.258567870331493,0.0065583281616659475
1.1701972484588623,0.2608394991058046,0.006498416588166839
1.189652442932129,0.2633004302779759,0.006433512383542814
1.2013015747070312,0.2650040392550831,0.00638449490313534
1.2146375179290771,0.26670752583975904,0.006331393904095379
1.2258682250976562,0.268221618643439,0.006280563492932567
1.2374355792999268,0.2695464498466581,0.0062360868831651374
1.2488071918487549,0.27106066014414754,0.006188885995129613
1.2605504989624023,0.2723855941544511,0.00614758521809852
1.2727415561676025,0.2740889485585902,0.006090401005540387
1.2850210666656494,0.2756031588560796,0.006043200117504875
1.2961351871490479,0.2767388165791967,0.0060077994514782405
1.3077270984649658,0.27806353736295464,0.005960147264533601
1.319899559020996,0.2795776301666352,0.005909316853370756
1.331378698348999,0.2807131997693946,0.005871194044998668
1.343052625656128,0.2818487693721539,0.005833071236626579
1.3551554679870605,0.2831736005753736,0.005788594626859129
1.3674356937408447,0.2844985345856766,0.005747293849828065
1.3788013458251953,0.28563410418843654,0.005709171041455957
1.3906431198120117,0.2865804121907368,0.0056774020344791815
1.4019935131072998,0.28790513297449416,0.005629749847534564
1.4142251014709473,0.2890407025772541,0.0055916270391624555
1.4267807006835938,0.2903655337804738,0.005547150429394995
1.4379258155822754,0.29112251708547915,0.005519920608283732
1.4493837356567383,0.2922579920429856,0.005479075876616901
1.4612479209899902,0.293393467000492,0.005438231144950071
1.474242925643921,0.2947181877842512,0.0053905789580053765
1.4895482063293457,0.29585375738701053,0.005352456149633288
1.5020532608032227,0.2969891311749121,0.005308889729362409
1.5145442485809326,0.2977460470335142,0.005279845449181784
1.5270123481750488,0.2988814208214164,0.00523627902891089
1.5381319522857666,0.29982756564466795,0.00519997367868515
1.5496551990509033,0.30058440970768574,0.005169115106321393
1.5613231658935547,0.3013412537707023,0.005138256533957686
1.574582815170288,0.3024765198652296,0.005091968675412025
1.5858311653137207,0.30342257494400154,0.00505339545995734
1.5973353385925293,0.304368534842334,0.005012554600912447
1.6087379455566406,0.3051253789053524,0.004981696028548665
1.6210949420928955,0.3058822229683702,0.004950837456184913
1.6321368217468262,0.3066390670313874,0.004919978883821187
1.6448092460632324,0.30739591109440517,0.0048891203114574296
1.6560282707214355,0.3081527551574236,0.004858261739093647
1.6675922870635986,0.30890959922044015,0.004827403166729946
1.6828696727752686,0.3098556542992127,0.004788829951275229
1.6950554847717285,0.3106124222178789,0.004756157264039305
1.7062556743621826,0.31136919013654446,0.004723484576803406
1.7178092002868652,0.31212595805521065,0.004690811889567476
1.7301063537597656,0.31288272597387684,0.004658139202331545
1.741642951965332,0.3136394938925437,0.0046254665150956
1.7531797885894775,0.31439626181120867,0.004592793827859728
1.7653758525848389,0.3151530297298755,0.004560121140623777
1.7778184413909912,0.3159097976485417,0.004527448453387846
1.7892208099365234,0.3164773735875411,0.0045029439379609204
1.8010787963867188,0.3170450066348047,0.00447980000868809
1.8121953010559082,0.3178017745534697,0.0044471273214522185
1.8255090713500977,0.31855854247213655,0.004414454634216267
1.8371334075927734,0.31912611841113653,0.004389950118789306
1.8482868671417236,0.31988280583712014,0.0043554635044160015
1.8598885536193848,0.320450321406608,0.004329598543636003
1.8714556694030762,0.32120708932527486,0.004296925856400058
1.8881840705871582,0.3217746652642736,0.004272421340973154
1.9000017642974854,0.3225313526902585,0.004237934726599788
1.9116475582122803,0.32290969640325,0.0042206914194131435
1.9249978065490723,0.3236663838292349,0.004186204805039771
1.9361178874969482,0.32423389939872277,0.004160339844259781
1.947833776473999,0.3249905019841572,0.004124039500906462
1.959240436553955,0.3253688032768738,0.0041058893292298315
1.9710729122161865,0.32593625521594993,0.004078664071714828
1.983278512954712,0.3265037707854372,0.004052799110934861
1.9954299926757812,0.3268820720781556,0.004034648939258143
2.0071284770965576,0.3274495240172305,0.004007423681743202
2.0182251930236816,0.32820621144321477,0.003972937067369852
2.031024217605591,0.3285845551562069,0.003955693760183183
2.0421555042266846,0.32915207072569536,0.00392982879940316
2.0546813011169434,0.3297195226647702,0.003902603541888215
2.0659096240997314,0.33009786637776295,0.0038853602347015148
2.0781900882720947,0.33047621009075445,0.0038681169275148705
2.10493803024292,0.33198958494272357,0.003799143698768153
2.1320929527282715,0.332935444225203,0.003756035430801522
2.158085346221924,0.3336920468106374,0.0037197350874482032
2.181785821914673,0.3346378000424314,0.0036743596582565104
2.2077176570892334,0.3355834417893107,0.003626717328563674
2.2352497577667236,0.33671834566746234,0.0035722668135337045
2.3074991703033447,0.33917730407012386,0.003454290697635433
2.3518974781036377,0.3406903308651316,0.0033780629701268515
2.387566328048706,0.34163597261201156,0.003330420640433977
2.415043354034424,0.3423923924747182,0.003290493475277981
2.4385616779327393,0.3431488123374236,0.0032505663101220555
2.464961051940918,0.34390523220012964,0.003210639144966092
2.4887681007385254,0.34466165206283567,0.0031707119798101285
2.5195274353027344,0.3454180719255411,0.0031307848146541976
2.548593759536743,0.3459853868225715,0.0031008394407871717
2.572007656097412,0.3463635478133596,0.0030799693222176116
2.603663682937622,0.34711986979493703,0.0030382290850784234
2.632206678390503,0.34787619177651447,0.002996488847939235
2.6606781482696533,0.3484434332626972,0.002965183670084861
2.685434103012085,0.3486325382283734,0.0029552018787958848
2.697434902191162,0.3488216187237681,0.0029447668195110694
2.7089762687683105,0.3491998286551205,0.00292480323693312
2.720722198486328,0.3493889336207973,0.002914821445644113
2.7337379455566406,0.3493889336207973,0.002914821445644113
2.7454946041107178,0.3497670946115854,0.00289395132707455
2.7570598125457764,0.3499561751069807,0.0028835162677897
2.7682082653045654,0.3501452800726575,0.0028735344765006944
2.791499137878418,0.35033436056805156,0.002863099417215914
2.803138256072998,0.35052341550672145,0.0028522111498943785
2.815338134765625,0.3503343350113274,0.0028626462091791587
2.8278379440307617,0.3499562251339864,0.002884422743822301
2.83927583694458,0.3493890603179762,0.002917087545786952
2.851407289505005,0.3486331733125952,0.00296607756834037
2.8629884719848633,0.34749970812993214,0.003044997470274596
2.8752293586730957,0.3463670517426265,0.0031347815419409467
2.8875951766967773,0.3452353082804359,0.0032354215291206146
2.899033308029175,0.3435392185435694,0.003402651504788225
2.911158561706543,0.3420334730682928,0.0035693587707921544
2.9222707748413086,0.34034238186990695,0.003781247465657992
2.935663938522339,0.33828012884601805,0.004074865744657583
2.947449207305908,0.3364100959452737,0.00437321012656646
2.9589500427246094,0.33435973091430055,0.004740773002910955
2.9710140228271484,0.332132139418187,0.005189908629820626
2.9837465286254883,0.32991356983045034,0.005681676531676142
2.995535135269165,0.3275207769938063,0.006260414149983478
3.0072813034057617,0.32514102544497897,0.006890634235188964
3.018813371658325,0.3227754227249939,0.007572043481632232
3.0315330028533936,0.32024427341036416,0.008360654089232512
3.0431675910949707,0.3179121472762381,0.009149059114879588
3.055398464202881,0.3152414826209104,0.010116593736470121
3.067126989364624,0.31259231101295565,0.011141514580629647
3.0787336826324463,0.30926547988043607,0.012511832664944038
3.09586501121521,0.3059900595653782,0.014000858788358779
3.1077916622161865,0.3034242895586745,0.015219627518632416
3.1192574501037598,0.3007161490083829,0.01657838347732416
3.131963014602661,0.29753176326472874,0.018253275853601765
3.144728899002075,0.2950468837225273,0.01962948318025784
3.1560702323913574,0.2919290612363684,0.021425244851888587
3.1677908897399902,0.28932926916728197,0.022981305324020995
3.179274559020996,0.28643860860990084,0.024787634912737444
3.191926956176758,0.2830968282822498,0.026943303536227002
3.204277515411377,0.2802729704730909,0.02885237978266763
3.2159018516540527,0.27731169005159884,0.030896002864791196
3.2275631427764893,0.27437511523069136,0.0329749702425347
3.239949941635132,0.27116843831442505,0.03532691117020439
3.251502513885498,0.2684442167535641,0.03737565759873583
3.2631640434265137,0.26500127655190403,0.04004329218203894
3.2755210399627686,0.2621730291934682,0.042267386135990924
3.2879512310028076,0.2589418870282307,0.04489723731452287
3.299623489379883,0.2560159804578199,0.047302065878384134
3.3113481998443604,0.253113266161757,0.04973483783559101
3.3229801654815674,0.2500900482403408,0.0523183541162047
3.3360350131988525,0.24679933820845057,0.05517165728766482
3.3478662967681885,0.24380103031333786,0.05778404178055111
3.3595073223114014,0.24124722086534015,0.060041651654819325
3.3713061809539795,0.23829316739938178,0.06270397603265672
3.3829188346862793,0.23534550418177244,0.06537337381645097
3.3960325717926025,0.2322776659937698,0.06819201990374882
3.4076499938964844,0.22962816937685873,0.07062630516096031
3.419175148010254,0.22671920203539878,0.07333781986291145
3.4310569763183594,0.22381674272510516,0.07605629975517805
3.443770408630371,0.22105870977099096,0.07865194686223166
3.4557158946990967,0.21843857846458223,0.08111781161393275
3.4674875736236572,0.2156992824760777,0.08373322499764364
3.4790585041046143,0.21282302168814723,0.08647940905054076
3.4977238178253174,0.2087234934794575,0.09041236725613143
3.5095269680023193,0.20612712561395471,0.09290324078633824
3.521266460418701,0.2032640633986226,0.09566318240233403
3.5329205989837646,0.2005436460332445,0.09829822681154039
3.5460619926452637,0.19768720779959817,0.10106502344120644
3.557729721069336,0.19523315447217052,0.10343068768348866
3.5693938732147217,0.19251906129208873,0.1060722455363795
3.5811972618103027,0.18980496811200692,0.10871380338927032
3.5945205688476562,0.1869551702729208,0.11148743913480594
3.605881452560425,0.18423475290754313,0.11412248354401185
3.6174933910369873,0.18178637727870328,0.11649402351229714
3.6290948390960693,0.17894323620889746,0.11927448243660374
3.64178729057312,0.17624183814789324,0.12192902160495928
3.653745174407959,0.17341876525128447,0.12472985405139475
3.665508508682251,0.17084639952146016,0.12724550736386261
3.6772077083587646,0.16815775866754773,0.12991296683665768
3.6888349056243896,0.1653346857709385,0.13271379928309357
3.701388120651245,0.16290916129078648,0.13510870555208593
3.712984800338745,0.1602269222318532,0.13778260220511282
3.725139617919922,0.15767879512586636,0.14032280402548855
3.736950397491455,0.15513676436645338,0.142869106571279
3.7519114017486572,0.15164985358984043,0.14634517222021365
3.764224052429199,0.14936995038974696,0.14861798437528664
3.7757515907287598,0.14695017362122495,0.15101869790080294
3.7873921394348145,0.14454193395441248,0.1534309845231309
3.799929141998291,0.14173232100979807,0.1562453189158467
3.8116416931152344,0.13930679652964606,0.15864022518483906
3.8232901096343994,0.13675866942365925,0.1611804270052148
3.8355050086975098,0.13447332469783313,0.1634477675570911
3.847968816757202,0.1316569736859538,0.16625535904276867
3.859856605529785,0.12923719691743138,0.1686560725682854
3.8715827465057373,0.1269518521916057,0.17092341312016127
3.8876142501831055,0.12359905336793922,0.17426578393644476
3.9006662368774414,0.12105702260852623,0.17681208648223518
3.9121270179748535,0.1183747835495925,0.17948598313526248
3.9249682426452637,0.11611677714012394,0.1817805507958127
3.936671495437622,0.11399677742515005,0.18394523188177456
3.9490139484405518,0.11146698314271138,0.18650369195084845
3.9610493183135986,0.10922000310054941,0.18880905838249654
3.9722814559936523,0.1069785556243608,0.19111980434549888
3.9849817752838135,0.10487417724221468,0.19329967466736986
3.997438669204712,0.1026494046115286,0.19562647943696143
4.00905179977417,0.10043021587207972,0.19795861044373253
4.021031141281128,0.09847704637479354,0.20002106089406113
4.0322160720825195,0.09639894497689387,0.20222599571746472
4.044944524765015,0.09433143816883345,0.20444086785689802
4.057500839233398,0.09240312751319485,0.20652657899714344
4.069046974182129,0.09047982198025123,0.20861690642894407
4.081010103225708,0.08843364666389616,0.2108515002556055
4.096725940704346,0.08601656296448727,0.21351669882729896
4.108119010925293,0.08424026646670987,0.21548479290415282
4.119995832443237,0.08234722273341658,0.21760256493367633
4.13163161277771,0.08083685324548016,0.21930040788720012
4.14324426651001,0.07896932706695267,0.22144071602335813
4.1561877727508545,0.07722151921643489,0.22343415307052783
4.167961120605469,0.07548328821565306,0.22543594639934272
4.1795654296875,0.07400161890125187,0.2271588923438472
4.1914215087890625,0.07241444738662267,0.22904072160631733
4.204834461212158,0.07046656296829672,0.2313614950309033
4.216076135635376,0.06913505698103606,0.23296342856079402
4.227839946746826,0.06756600162424803,0.23486038930822056
4.239377498626709,0.06624219079020502,0.2364686878203055
4.252110958099365,0.06457210392179803,0.23852767626013013
4.264739513397217,0.06326766369602273,0.24015172518971512
4.276054859161377,0.06184888893687145,0.2419268209245179
4.291646480560303,0.06008607838221608,0.2441541673038638
4.30503249168396,0.058572230269090954,0.24609547064964282
4.316960573196411,0.05717913149752302,0.24789078747337417
4.328200578689575,0.05614077464077104,0.2492422686231895
4.339962482452393,0.054983448573913435,0.2507411444669653
4.352664947509766,0.05348828349267363,0.25269687353045556
4.364981174468994,0.05234900464115284,0.25420951232361305
4.376220464706421,0.051330192044320724,0.2555757872420691
4.387997150421143,0.050194542357642175,0.257091152613599
4.399616241455078,0.048953333375643227,0.2587640242438524
4.412123680114746,0.04782861025202695,0.26028751704504577
4.4246931076049805,0.04682294449157936,0.2616634976548398
4.435960531234741,0.04582057993371935,0.2630418849565138
4.447548151016235,0.044710515938428584,0.2645760917047861
4.460087299346924,0.043718089469353606,0.2659616515063635
4.471796989440918,0.04272898712676508,0.2673495862368727
4.483755111694336,0.041641102749146994,0.2688995991403737
4.496199131011963,0.04077079524705287,0.270139609463174
4.509077787399292,0.03968291086943514,0.2716896223666745
4.521101951599121,0.03881855811947221,0.2729337907927672
4.532744884490967,0.03785288272115055,0.2743381259683375
4.545027732849121,0.03689057637823042,0.2757447718948747
4.557430982589722,0.03603819259318154,0.2769971706460072
4.568926811218262,0.03529761897674303,0.2780965825817617
4.580695390701294,0.03445426340164163,0.2793550785582344
4.592138290405273,0.033610907826539874,0.2806135745347076
4.605483770370483,0.032773595316172,0.2818760991914308
4.617178916931152,0.03194234511504337,0.2831426235109676
4.6286633014678955,0.031318907464197236,0.28409251675061964
4.640597105026245,0.030493738677479842,0.2853630116236056
4.652014255523682,0.02966856989076313,0.2866335064965906
4.665234327316284,0.02885562068885735,0.28791185478401915
4.6769208908081055,0.02824590878742686,0.28887061599959235
4.692092180252075,0.027237394646979135,0.29047340470949834
4.7055559158325195,0.02653682162756322,0.2915987283652995
4.718053579330444,0.025838948093497304,0.29272572810633446
4.729912519454956,0.02524308806025136,0.2936931589782883
4.7416064739227295,0.02465187284830332,0.2946634353535497
4.753181457519531,0.023772037644761615,0.29612308472065085
4.766172170639038,0.02328518553192408,0.2969351703843873
4.77789044380188,0.0227033006203725,0.29791107079987
4.789407730102539,0.02212610097347535,0.29888974962300474
4.801210641860962,0.021553599857393666,0.2998711843601692
4.8145458698272705,0.020891178859114012,0.3010193804701096
4.825774908065796,0.02041998829068179,0.30184065238198854
4.837503910064697,0.01985692360245065,0.3028275312135056
4.848993301391602,0.01939165109571792,0.3036521702857672
4.861673355102539,0.018743038855175496,0.30480822307316896
4.873689413070679,0.018189462359646885,0.30580045527120975
4.885465860366821,0.01773211797651052,0.3066295175247427
4.897377252578735,0.017276762222446375,0.3074596736800909
4.909861087799072,0.016732724812183998,0.3084571680246692
4.921402454376221,0.016283350598192442,0.3092905772403738
4.933061838150024,0.015835975410322067,0.3101250612403986
4.945230722427368,0.015301527100921726,0.31112772602775834
4.957011938095093,0.014860164368895342,0.3119654055868964
4.969268798828125,0.014420810876258381,0.31280414071405416
4.981192350387573,0.014070937493253624,0.3134759694147498
4.992663860321045,0.013637626819481996,0.3143178423059973
5.005013465881348,0.013120077132485924,0.31532933328110263
5.017574310302734,0.01286372986424783,0.31583631355278546
5.02912449836731,0.01243851108476374,0.31668230237930434
5.041080713272095,0.012015321416132959,0.3175293080518849
5.052287578582764,0.011594163289969749,0.3183773257036998
5.065507173538208,0.011258863958968314,0.31905654551042123
5.0772998332977295,0.010926824738275675,0.3197373649748429
5.092716217041016,0.010428765907236716,0.32075859417147545
5.105075120925903,0.01009999442832997,0.32144099764587325
5.117665529251099,0.009693124202393228,0.32229596239617986
5.129245758056641,0.009450232411231324,0.3228095249489367
5.14117169380188,0.009128019009732886,0.3234950493548541
5.152637481689453,0.008729364988977889,0.32435387592451564
5.165749788284302,0.008491408460978624,0.3248697437453676
5.1774725914001465,0.008254689184713762,0.3253861804811361
5.189130544662476,0.00786222141077936,0.3262478516199384
5.201010704040527,0.007549900478243288,0.3269379391667855
5.213746070861816,0.007240891493136513,0.3276295160853824
5.225538730621338,0.00700913475430612,0.32814819877433077
5.237208127975464,0.006778621996816358,0.32866743550881944
5.248970031738281,0.006549354545176345,0.3291872233053529
5.260775089263916,0.006169319831112951,0.3300544497585522
5.273170709609985,0.005942546936067714,0.33057533071604644
5.285314083099365,0.005641848724556912,0.33127056144954997
5.297178745269775,0.005418827419087652,0.331793059693676
5.308786392211914,0.005197059215992002,0.33231609103298854
5.321334600448608,0.0049765453895327895,0.33283965246219016
5.332859754562378,0.0047572872067653095,0.33336374097293764
5.345059871673584,0.0045392859275304965,0.33388835355385804
5.356175184249878,0.004322542804447432,0.3344134871905666
5.369011163711548,0.004107059082904526,0.3349391388656881
5.3807549476623535,0.0038214283071057805,0.33564069445659256
5.392002105712891,0.0036802962291158387,0.3359921528942009
5.404512643814087,0.0034711279425935983,0.33652034939714337
5.4171130657196045,0.0032606941362720012,0.3370480429928638
5.428805351257324,0.003054060487664521,0.33757723620244906
5.440590143203735,0.002848695942608839,0.3381069232057275
5.451923847198486,0.0027126331016124943,0.3384603750413472
5.463775396347046,0.0025110829180633788,0.3389915251531975
5.478900909423828,0.0023108065142808847,0.33952315686772927
5.495805263519287,0.00204547121662373,0.3402326372177262
5.507635116577148,0.001849023027470494,0.3407656954010267
5.5205464363098145,0.0016538531771942556,0.3412992229517229
5.531856536865234,0.001459962787227277,0.3418332168042029
5.544219732284546,0.0013957595153678717,0.3420113691661948
5.555759429931641,0.0012044313808990078,0.3425462864147183
5.567373037338257,0.0010143860268962798,0.34308166075219626
5.579874515533447,0.0009514655330462961,0.3432602702022665
5.591460466384888,0.00076398900855728,0.343796549486384
5.603106737136841,0.0005777985183555326,0.3443332766229867
5.615418195724487,0.00045452959430318626,0.3446913912263839
5.627922296524048,0.00027220359639152996,0.3452294434062824
5.639584302902222,0.0001515131106067939,0.3455884351937149
5.656868934631348,-2.9522618070506755e-05,0.34612692287486424
5.681129693984985,-0.00026573423054453263,0.3468466236886376
5.697378635406494,-0.0003838400367817379,0.34720647409552485
5.708923816680908,-0.0005584089645111006,0.34774709282187277
5.721546411514282,-0.0007316814931168027,0.3482881284479073
5.733694076538086,-0.000789006537740343,0.3484686115868972
5.745517253875732,-0.0009027910383940493,0.3488298516514178
5.757268190383911,-0.001016575539047385,0.3491910917159372
5.768799543380737,-0.0011846525896258425,0.3497337638295345
5.781379222869873,-0.0012402445056274554,0.3499147883115142
5.793175220489502,-0.0013505601637284995,0.3502771027500646
5.809925556182861,-0.0014608758218291815,0.35063941718861374
5.82271933555603,-0.001569453235520427,0.3510022563293346
5.8349549770355225,-0.001569453235520427,0.3510022563293346
5.8461291790008545,-0.001516906496339143,0.35082032457179246
5.857928514480591,-0.0014144323274979521,0.3504557147234295
5.869485855102539,-0.00131721253974594,0.35008966881145426
5.881941795349121,-0.0011333219462037307,0.3493548562933121
5.898253440856934,-0.0008786722070775034,0.34824755092369014
5.910506725311279,-0.0006930910587446506,0.3473190748914717
5.92197847366333,-0.0005275821075904894,0.34638681157453416
5.935167074203491,-0.0003531504366469319,0.3452640715051486
5.946970224380493,-0.00020567912150389327,0.3441374731372993
5.9582531452178955,-8.525289403045481e-05,0.34300766377507613
5.970130920410156,3.916303543329297e-05,0.3414978354983015
5.982936143875122,0.00010530708836843532,0.340363553066325
5.995145559310913,0.00016371432043175014,0.33866024016039414
6.006142616271973,0.0001805531377746219,0.3373347695496016
6.0175621509552,0.0001624405037913901,0.33600931573360837
6.029863119125366,9.90342351041936e-05,0.33392723051119544
6.04130220413208,3.451911386111674e-05,0.3327928542639293
6.052262783050537,-9.486387363150808e-05,0.33109345839986015
6.064574241638184,-0.00027932177858229566,0.32920878131839865
6.076917886734009,-0.0004859415673051742,0.32751703827550593
6.087939023971558,-0.0007830220586411364,0.3254552811583922
6.103158950805664,-0.0011343568326198613,0.32340207315507274
6.115184783935547,-0.001422025676479654,0.32191469042519893
6.12752628326416,-0.0017776798485445767,0.32024789818554794
6.13875937461853,-0.002169207171213711,0.31858916595403153
6.150048494338989,-0.002643894121982437,0.3167559434583003
6.161374568939209,-0.0030068370721244497,0.31548102059758165
6.17270565032959,-0.0035009156970652443,0.31384989443059014
6.185448884963989,-0.004088860339635194,0.3120497962340024
6.196922540664673,-0.004656689373105725,0.3104428561451952
6.208095550537109,-0.005259051057971415,0.3088485391563647
6.2193825244903564,-0.005824930165486936,0.3074432485869336
6.231666564941406,-0.006491742422718383,0.30587479467499623
6.243001461029053,-0.007192234077058712,0.30432109016561565
6.254998445510864,-0.007926079118321517,0.3027828581559104
6.265888214111328,-0.00869293601358986,0.3012608145420651
6.277391672134399,-0.009403613215879144,0.29992290622569934
6.289411544799805,-0.010691965665022155,0.2976058452618594
6.3057215213775635,-0.011472177394987126,0.296307257411432
6.317333936691284,-0.012377767698241934,0.29486344562905836
6.328714847564697,-0.013314293064461025,0.2934395051462094
6.341328859329224,-0.014281317632907978,0.29203609866756974
6.352861404418945,-0.015278391348457702,0.2906538793412587
6.36512565612793,-0.016419123373564114,0.28914233613414164
6.376278638839722,-0.01747809355339417,0.28780694539787804
6.389052152633667,-0.018565624254224682,0.28649470943014244
6.4009644985198975,-0.019681209337140904,0.2852062389481202
6.4120447635650635,-0.02095134296994395,0.28380167745964585
6.424241542816162,-0.02224817603422263,0.2824217294811051
6.436279535293579,-0.02370353720954667,0.2809314197556919
6.447923183441162,-0.025318259091010462,0.27933249513881825
6.459554195404053,-0.026689163205424728,0.2780261053313087
6.471247911453247,-0.028349203505911646,0.2764742828911817
6.490525484085083,-0.0314332125797989,0.2736733393099251
6.5030999183654785,-0.03372430867588542,0.2716906336651268
6.515496730804443,-0.03560118464763455,0.2700976078095259
6.527139186859131,-0.03792522539644374,0.26815362283188626
6.539504528045654,-0.04012138765523431,0.26635211116713076
6.551213264465332,-0.04246856022883538,0.26443611954263013
6.562725305557251,-0.044981835377429044,0.26242438354566194
6.57508397102356,-0.047499925565072945,0.260418677809284
6.587437629699707,-0.05002281632301221,0.2584190138581291
6.598859071731567,-0.05255049315491063,0.2564254031821124
6.61063289642334,-0.055082941536931114,0.2544378572363678
6.62194561958313,-0.057918641668511434,0.2522232733476313
6.635316848754883,-0.06089799270618338,0.2498849839996959
6.646981477737427,-0.06372837619197053,0.24766360911915816
6.658161878585815,-0.06625605302386846,0.2456699984431418
6.669767618179321,-0.06908643650965658,0.24344862356260336
6.6813576221466064,-0.07191148708648328,0.2412204704541148
6.6988255977630615,-0.07634667852517965,0.23767034810652263
6.710695505142212,-0.07929209237810708,0.2352894518644913
6.722173452377319,-0.08222605809510732,0.23289446233386638
6.734724044799805,-0.08516002381210758,0.23049947280324148
6.747280120849609,-0.08808247395991062,0.22809044502964768
6.758721590042114,-0.09099334136991538,0.2256674343813606
6.770107269287109,-0.0937586654094192,0.22336557426548848
6.78164267539978,-0.09637321125183007,0.22117859116564345
6.794986248016357,-0.09984525278576196,0.21824593463506828
6.806207656860352,-0.10258279031676881,0.21591109731678806
6.81783390045166,-0.10532591673701767,0.21358282875860204
6.82936429977417,-0.1079193733453397,0.21137087761496837
6.84184455871582,-0.11121964648748504,0.20852864105030894
6.854246616363525,-0.11394032310158662,0.206174178097112
6.865635395050049,-0.11666663569727197,0.2038262435436977
6.877339124679565,-0.11937599348228643,0.20145876441405652
6.8896448612213135,-0.12209101848200711,0.19909778658963878
6.90130615234375,-0.12494297404518,0.19660570329527985
6.912742853164673,-0.12765233183019492,0.1942382241656383
6.924975633621216,-0.13035600683274037,0.19186425733412793
6.936175346374512,-0.1332079623959133,0.189372174039769
6.948875427246094,-0.13605991795908623,0.1868800907454101
6.960521221160889,-0.138341482409624,0.18488642410992345
6.971817970275879,-0.14106215902372699,0.18253196115672532
6.983742952346802,-0.14390813271061675,0.18003304870250406
6.996801853179932,-0.14663444530630115,0.17768511414909055
7.007944822311401,-0.14906873490839334,0.1755784894014922
7.019373655319214,-0.15151811059403056,0.17348942443250506
7.031093120574951,-0.1541062575633738,0.17127126296269382
7.043679237365723,-0.15699375905837235,0.1688204539540771
7.055506944656372,-0.15931313327422805,0.1668709036874152
7.0671632289886475,-0.16192242926706574,0.16467765963742054
7.078275680541992,-0.16454220993606908,0.16249695005396297
7.104261159896851,-0.17050948812657762,0.1575297782249754
7.130527973175049,-0.17550697511860533,0.15347026365538738
7.152965545654297,-0.1803950325416776,0.1495768348730076
7.177969694137573,-0.18575786440948475,0.14536791404672567
7.201604127883911,-0.19101072369753694,0.14132608692944787
7.225291967391968,-0.19565466158483055,0.13773504077881632
7.237524509429932,-0.19823402066681117,0.13580876446939338
7.250751972198486,-0.20096998792676754,0.1337757302361542
7.276081085205078,-0.20691896649548472,0.12939929251828083
7.293646812438965,-0.2099964039781305,0.12719169014902532
7.305410385131836,-0.21200359462750806,0.12576635492986088
7.317049026489258,-0.2144697709515678,0.12400617955960228
7.329152584075928,-0.2169443574159305,0.12225784754713703
7.341141223907471,-0.21926428222626976,0.1206187862854514
7.35278844833374,-0.22158812930601798,0.11898529074057478
7.36504864692688,-0.22391588530252873,0.11735737029844687
7.377547740936279,-0.2260848092436278,0.11583277445656154
7.389043569564819,-0.2285719042176707,0.11410228273872389
7.4009881019592285,-0.2305926688840812,0.11269625821798032
7.412273645401001,-0.23292042488059142,0.11106833777585273
7.424952745437622,-0.23525207641875684,0.10944600179037978
7.437347173690796,-0.23726946494906612,0.10803513740720226
7.448802947998047,-0.2392902296154766,0.1066291128864587
7.46055269241333,-0.24130761814578536,0.10521824850328151
7.4719579219818115,-0.24363926968395028,0.10359591251780889
7.4852800369262695,-0.24565665821426005,0.10218504813463102
7.50128173828125,-0.24829035157130866,0.10033375318377041
7.513037204742432,-0.25030774010161744,0.09892288880059323
7.525335788726807,-0.2524766640427165,0.0973982929587079
7.537985563278198,-0.2543357417065157,0.09609149652280617
7.549540281295776,-0.25619481937031435,0.0947847000869048
7.561278343200684,-0.2580538970341131,0.09347790365100345
7.572847366333008,-0.2596031284206124,0.09238890662108534
7.585869789123535,-0.2616171292230613,0.090973210482192
7.597678899765015,-0.26301378282096816,0.08999645821691495
7.609103202819824,-0.2648728604847668,0.08868966178101358
7.6210246086120605,-0.2665770150099158,0.08749176504810385
7.633678436279297,-0.2682840360740231,0.08629795672387709
7.645447731018066,-0.26983847043280024,0.08521639940022833
7.657293081283569,-0.27138770181929905,0.08412740237031059
7.669043779373169,-0.2727866927421987,0.08315400077902653
7.68166971206665,-0.27464889753940697,0.08185166442532438
7.693281650543213,-0.27589036740421286,0.08098344018952272
7.70540714263916,-0.2774473898590987,0.079905612051523
7.7172157764434814,-0.2788487100684962,0.0789355667273231
7.728659152984619,-0.28024770099139584,0.07796216513603904
7.741222381591797,-0.2816490212007928,0.07699211981183951
7.7526774406433105,-0.28305266264481077,0.0760254363285291
7.765045166015625,-0.28445398285420775,0.07505539100432956
7.776783227920532,-0.28570166413777953,0.07419611679694232
7.789019823074341,-0.2871053055817965,0.07322943331363259
7.800896644592285,-0.28835504301594955,0.07237315234658216
7.812072992324829,-0.28960478045010163,0.07151687137953242
7.824621200561523,-0.29069830070498437,0.07076762553336412
7.837165355682373,-0.2921065604093029,0.06980768237595182
7.848607301712036,-0.2933603885901586,0.06895740263272233
7.860041618347168,-0.29461421677101435,0.06810712288949285
7.871602773666382,-0.2955545879066557,0.06746941308207108
7.884968042373657,-0.29696514461011814,0.06651284837093807
7.900193929672241,-0.29852987761491623,0.0654462448627024
7.9118733406066895,-0.2996287575242044,0.06470488204275282
7.924567699432373,-0.30056912865984675,0.06406717223533036
7.937042474746704,-0.3016697825060945,0.06332844563057104
7.948625087738037,-0.3027686624153827,0.06258708281062145
7.960081577301025,-0.3038693162616315,0.061848356205861446
7.971651554107666,-0.3046567601608713,0.061322580388073374
7.9832212924957275,-0.3057574140071196,0.06058385378331371
7.996070384979248,-0.3068598354660549,0.059847767638410695
8.0077965259552,-0.3076485374211941,0.059323880884444284
8.019515037536621,-0.3087509588801299,0.05858779473954091
8.03121018409729,-0.30969740122629663,0.05795913063478142
8.044153690338135,-0.3104861031814358,0.05743524388081501
8.055560827255249,-0.31159204085233927,0.05670445132891154
8.067351818084717,-0.31238074280747796,0.05618056457494546
8.078819036483765,-0.3133286893825378,0.055554170959028405
8.091452598571777,-0.3142766359575981,0.05492777734311101
8.103057384490967,-0.31506659143681476,0.05440578266318001
8.115229606628418,-0.31585779590108637,0.05388568305662512
8.126928091049194,-0.31664775138030354,0.05336368837669379
8.139182090759277,-0.31759719673742864,0.05273956884882845
8.15121841430664,-0.3182301603088457,0.052323489163584674
8.162702560424805,-0.31902136477311677,0.05180338955703012
8.174959421157837,-0.3198138136762427,0.05128518801230411
8.186115741729736,-0.3206050181405138,0.05076508840574956
8.198815107345581,-0.321555956824264,0.05014324655207888
8.21054482460022,-0.32203142616613917,0.049832325625243534
8.221839904785156,-0.3228251149547693,0.04931602511989236
8.234158277511597,-0.32361756385789414,0.04879782357516701
8.246849060058594,-0.32425251488879814,0.04838478317088613
8.258077144622803,-0.3248874659197011,0.047971742766605936
8.269668340682983,-0.32568115470833015,0.04745544226125543
8.281478881835938,-0.32631709399925724,0.04704392506177316
8.298211336135864,-0.32727100293564654,0.0464266492625506
8.310153245925903,-0.3279069422265731,0.04601513206306867
8.321792364120483,-0.32838389669476775,0.04570649416345739
8.33377718925476,-0.3291775854833974,0.04519019365810656
8.346262693405151,-0.3298135247743234,0.04477867645862496
8.357845306396484,-0.3304494640652505,0.04436715925914269
8.369411945343018,-0.33076743371071327,0.04416140065940206
8.38119912147522,-0.3314033730016398,0.043749883459920126
8.39365267753601,-0.33203931229256584,0.04333836626043853
8.405385971069336,-0.3326752515834929,0.042926849060956264
8.41714859008789,-0.33331119087441946,0.04251533186147433
8.428701400756836,-0.333947130165345,0.042103814661993075
8.440117597579956,-0.3344240846335402,0.04179517676238146
8.45276165008545,-0.33505903566444417,0.04138213635810059
8.464973449707031,-0.33553524893762154,0.041072356054890354
8.476147890090942,-0.3358532185830853,0.040866597455149055
8.48780369758606,-0.33648915787401085,0.0404550802556678
8.501472234725952,-0.3371250971649374,0.040043563056185866
8.513041257858276,-0.33776103645586447,0.0396320458567036
8.525221109390259,-0.3382379909240586,0.03932340795709265
8.537113189697266,-0.33871420419723647,0.03901362765388209
8.54953408241272,-0.3391911586654311,0.03870498975427081
8.561249732971191,-0.33966737193860896,0.03839520945106024
8.572821378707886,-0.3403033112295355,0.037983692251578306
8.585023164749146,-0.34062128087499827,0.037777933651837674
8.597299337387085,-0.34093925052046153,0.03757217505209671
8.60889196395874,-0.34157518981138807,0.037160657852614784
8.62062692642212,-0.34205214427958325,0.03685201995300316
8.631868362426758,-0.34252983720225144,0.03654452623040052
8.645001411437988,-0.3428478068477142,0.036338767630659886
8.656216144561768,-0.3433247613159099,0.03603012973104794
8.667935371398926,-0.343643223264355,0.03582513391597973
8.679469347000122,-0.3441209161870237,0.035517640193376755
8.691178560256958,-0.34459787065521835,0.03520900229376547
8.707852840423584,-0.34507556357788655,0.03490150857116283
8.71950626373291,-0.3455539922102419,0.03459516079240382
8.731443643569946,-0.34587245415868756,0.03439016497733528
8.742914199829102,-0.34635014708135575,0.03408267125473264
8.755849599838257,-0.3466690995029253,0.03387843940222708
8.767396211624146,-0.3469880519244964,0.033674207549720524
8.778817176818848,-0.34762595676763497,0.03326574384470973
8.790623664855957,-0.34778543297842024,0.03316362791845662
8.803177833557129,-0.3482645945714486,0.03285842784379208
8.81540322303772,-0.3487430232038029,0.03255208006503374
8.827062606811523,-0.34890274373481234,0.032450346706812225
8.838267087936401,-0.3493811723671677,0.03214399892805322
8.851190567016602,-0.34970061342918557,0.031940532211610854
8.862269163131714,-0.35017977502221287,0.03163533213694698
8.874833345413208,-0.35033925123299814,0.03153321621069386
8.885970830917358,-0.350818412826026,0.031228016136029654
8.897583484649658,-0.35097788903681126,0.03112590020977654
8.91012167930603,-0.35145705062983856,0.030820700135112664
8.92171573638916,-0.35161652684062383,0.03071858420885955
8.933754205703735,-0.35209568843365063,0.030413384134196003
8.945478439331055,-0.3522551646444354,0.030311268207943224
8.957778930664062,-0.35273432623746326,0.030006068133279013
8.969485998153687,-0.35289380244824803,0.029903952207026234
8.993671655654907,-0.3535326845722853,0.029497018774140512
9.008900880813599,-0.3540118461653121,0.02919181869947696
9.02065396308899,-0.3541713223760969,0.02908970277322418
9.032007217407227,-0.3544907634381163,0.028886236056780826
9.044229745864868,-0.35465048396912524,0.028784502698559644
9.056827068328857,-0.35512891260147955,0.028478154919801303
9.068010330200195,-0.355288633132489,0.02837642156157979
9.079586267471313,-0.35544810934327425,0.028274305635326676
9.09136962890625,-0.3557675504052926,0.02807083891888398
9.107929468154907,-0.3560869914673105,0.027867372202441617
9.119597434997559,-0.35640643252932885,0.027663905485998924
9.131345748901367,-0.3565661530603378,0.027562172127777743
9.14281678199768,-0.35672562927112306,0.02746005620152463
9.15593409538269,-0.3572047908641514,0.027154856126860093
9.167510747909546,-0.3573642670749362,0.027052740200607314
9.178991079330444,-0.3575239876059451,0.026951006842386133
9.191020488739014,-0.3576834638167299,0.026848890916133353
9.20371150970459,-0.3578431843477393,0.02674715755791184
9.219931602478027,-0.3581621367693094,0.026542925705405944
9.23157525062561,-0.35832210070280057,0.026441575499768426
9.243183851242065,-0.35832210070280057,0.026441575499768426
9.256168365478516,-0.3580026596407822,0.026645042216211123
9.26792025566101,-0.3580026596407822,0.026645042216211123
9.279536724090576,-0.3575249667181145,0.026952535938813433
9.291277408599854,-0.35720699707265074,0.027158294538554735
9.30286455154419,-0.35689001751140104,0.02736557515644474
9.31579327583313,-0.35657403531971377,0.027574373028417545
9.327670097351074,-0.35625905776001826,0.027784683355532504
9.339148044586182,-0.35594509207165015,0.027996501304089576
9.351089715957642,-0.3554756721702105,0.028316482356560455
9.364153623580933,-0.3550085654337448,0.028639830797960304
9.375779151916504,-0.35469871915644496,0.028857630203943926
9.387534379959106,-0.35438992059500213,0.02907691254535392
9.399083614349365,-0.3539283049726054,0.029408052900742127
9.411719560623169,-0.3534690825614593,0.02974250423488382
9.423652172088623,-0.3530122771093844,0.030080249252259248
9.435486078262329,-0.3527093671959355,0.030307596742101962
9.447299003601074,-0.35240755069323354,0.030536393803927846
9.45981740951538,-0.3519581373493016,0.0308839143991505
9.47139859199524,-0.3518097320105995,0.031001541690394728
9.482980251312256,-0.35151462075548656,0.03123892459607471
9.495932817459106,-0.3512217991209815,0.03147912615137513
9.51325798034668,-0.35093246232648706,0.03172351419558983
9.52552056312561,-0.3509324623264866,0.03172351419559024
9.537319421768188,-0.35093246232648706,0.03172351419558982
9.548823118209839,-0.3509324623264866,0.03172351419559025
9.561396598815918,-0.3509324623264866,0.03172351419559025
9.573123455047607,-0.3510660608302626,0.03158930628230063
9.585473775863647,-0.3513274054156175,0.03131518896342139
9.597114324569702,-0.3515821047770771,0.03103488639105452
9.609113454818726,-0.352077920369484,0.03046223284348943
9.621043920516968,-0.3524372757405531,0.03002222530367779
9.63262391090393,-0.35278274741347554,0.029571235014406606
9.644979000091553,-0.3533348349596108,0.02880200978963702
9.656142711639404,-0.35365154670150606,0.028330377951915075
9.668910264968872,-0.3543558947151484,0.02720741323229163
9.680676460266113,-0.35482590542671555,0.02638546552347262
9.692139148712158,-0.3555365826290051,0.025047557207106295
9.704779624938965,-0.35603072334065555,0.024024426409838012
9.717251300811768,-0.356720023981652,0.02246572474287543
9.728750944137573,-0.357206312966366,0.021232566638986608
9.74048399925232,-0.3576479577701764,0.01998272434769216
9.751927614212036,-0.3583379393966078,0.017817588776853785
9.765247583389282,-0.3588842259164106,0.01580744692450086
9.776883602142334,-0.3592717760272026,0.01414778094247526
9.787793636322021,-0.3595994135670351,0.01247525593436253
9.799031019210815,-0.3599458256610042,0.010421211657952921
9.810709714889526,-0.36024293355731773,0.008168299413130527
9.822859764099121,-0.3604458372527636,0.006095154623523177
9.834795951843262,-0.3605966146297939,0.003827743574000309
9.84574842453003,-0.3606821170167437,0.0015569340208346485
9.857106685638428,-0.3607022736726748,-0.0007153952673933151
9.869178771972656,-0.360641501586362,-0.0031764319480363547
9.880743026733398,-0.36049351011682407,-0.005823453305771784
9.891717433929443,-0.36029060497647536,-0.008086795124618379
9.90752649307251,-0.3599333825961268,-0.011095554863513452
9.919663190841675,-0.3595791376972915,-0.013340192303406346
9.931315183639526,-0.3590782189515302,-0.01594359468366025
9.942180871963501,-0.3585322303787944,-0.018344071983778746
9.953779458999634,-0.357959447550418,-0.020543118712804682
9.965869188308716,-0.357229900743883,-0.02309191941125839
9.97739315032959,-0.3564734353903881,-0.025434600558768887
9.988791704177856,-0.35558057076286625,-0.027930881051880005
9.999948024749756,-0.3548833431411251,-0.029691536061689196
10.01119589805603,-0.35384842486001195,-0.03213234897848107
10.023284196853638,-0.35273219360189756,-0.03453706337353409
10.03540849685669,-0.35162135543953443,-0.03673397788415575
10.047111511230469,-0.3504426077172991,-0.03889521563074229
10.058255195617676,-0.3491012863069251,-0.04118202135433049
10.07111382484436,-0.34768399178511145,-0.043422534639673195
10.082193613052368,-0.34619232016127494,-0.045614232454156536
10.094797372817993,-0.34441621776881043,-0.04806896325139117
10.106104850769043,-0.3429163689757247,-0.05002110269001269
10.118985176086426,-0.3407818304244573,-0.05267863730205915
10.130759954452515,-0.33880627133858904,-0.05497589856139845
10.141968488693237,-0.33664933987700146,-0.05736572708329321
10.154138803482056,-0.3344413571417328,-0.05970847033315977
10.165467977523804,-0.33206220180297324,-0.062149446554904564
10.177923202514648,-0.32948983607314897,-0.06466509986737243
10.189500331878662,-0.3268875048840695,-0.06714974258189793
10.201208591461182,-0.32409242683970235,-0.06970545547779067
10.212287902832031,-0.321272972801089,-0.07223425135814306
10.225615739822388,-0.3184174414724105,-0.07472223658946309
10.237371921539307,-0.31552642351966514,-0.07716889653257825
10.24879503250122,-0.3124663623990643,-0.0797086659927379
10.260204792022705,-0.3098278659763018,-0.08186669325580412
10.273064613342285,-0.3064432729545377,-0.08460797791436721
10.285228967666626,-0.303641884593107,-0.08686580879486851
10.296990394592285,-0.30081363723467164,-0.0890899027488201
10.312793731689453,-0.2969361196698226,-0.09212411379850932
10.325862169265747,-0.2937925655726542,-0.09455978015717764
10.33762502670288,-0.2911031027571143,-0.09665394700938874
10.349151372909546,-0.2884036311740414,-0.0987351962047637
10.361168622970581,-0.285704159590967,-0.10081644540013981
10.373293399810791,-0.2825547760773815,-0.10324456946141089
10.38533329963684,-0.28015968724144397,-0.10510031525849128
10.396897315979004,-0.27731551924876785,-0.10730401339252453
10.408079147338867,-0.2749248856349542,-0.10916549503893477
10.419655799865723,-0.2723943485247748,-0.11115547383983915
10.43197250366211,-0.2695607779966162,-0.11337278191461175
10.444194316864014,-0.26703981015193873,-0.11537486953011364
10.455588102340698,-0.2649756292540422,-0.11703853438943054
10.46728777885437,-0.26246912387802623,-0.11905869886145723
10.479679107666016,-0.2596840443206646,-0.12133661652802813
10.491403579711914,-0.25735256918115945,-0.12327167897386382
10.504537105560303,-0.25472965964921657,-0.1254486242254286
10.515694379806519,-0.2525613961846573,-0.12728361918276518
10.528171062469482,-0.24982050858009328,-0.12961452290785722
10.539659261703491,-0.2475265676217408,-0.13159393642579806
10.55131721496582,-0.24523262666338735,-0.1335733499437397
10.562803745269775,-0.242805425034011,-0.1356881373903614
10.575682640075684,-0.24039349388868003,-0.1378203244938367
10.587389707565308,-0.23784510341264847,-0.14008404952633233
10.598834753036499,-0.23544856747982734,-0.14223352602463163
10.610528230667114,-0.23319786007719184,-0.1442619636458415
10.621858596801758,-0.2305483634602812,-0.14669624890305258
10.635063409805298,-0.22803279322035083,-0.148996390509356
10.646160125732422,-0.22594569806150624,-0.15092320309575802
10.657824754714966,-0.2235960881436487,-0.15312387729426025
10.671708822250366,-0.22056225189412343,-0.1559790891120188
10.68506932258606,-0.21793032906137436,-0.1584323643185456
10.696812152862549,-0.21545370627263602,-0.16077439006634886
10.711828708648682,-0.2121515425543181,-0.16389709106342001
10.724160194396973,-0.20968617616466365,-0.16625096310876014
10.736955404281616,-0.20708384497558371,-0.16873560582328606
10.748220920562744,-0.20476077899065975,-0.17096428213978723
10.759827613830566,-0.20230672566323163,-0.1733299463820699
10.771474838256836,-0.2002711557781706,-0.17531111477173766
10.784841060638428,-0.19727869667625555,-0.1782096636218638
10.795898199081421,-0.1948417186164218,-0.1805929141284125
10.807410955429077,-0.1926856968562871,-0.18272171970084972
10.818803787231445,-0.19026017237613546,-0.18511662596984163
10.831465721130371,-0.1878346478959834,-0.18751153223883396
10.842952013015747,-0.1854091234158318,-0.18990643850782588
10.855077981948853,-0.18299510826279142,-0.19231294549555045
10.866209506988525,-0.18072612738326785,-0.19459666164743983
10.879024028778076,-0.1783294801683266,-0.19702046592340386
10.89104700088501,-0.1759328329533849,-0.19944427019936836
10.902167320251465,-0.1734153332918526,-0.20201482898894887
10.914752006530762,-0.17143270384288617,-0.20404897584040302
10.925973892211914,-0.16920236010433612,-0.20637044100317298
10.938575744628906,-0.16658498053882367,-0.2091078583791624
10.950130939483643,-0.16475281484296397,-0.2110240505423561
10.961676359176636,-0.16240901144622116,-0.21349899108274975
10.973643064498901,-0.16031510779381097,-0.21568892498354159
10.986239910125732,-0.15811274710709602,-0.21803695417834737
10.997830629348755,-0.1559160211235316,-0.22039025582649552
11.009500980377197,-0.15398271642512384,-0.22247133869084867
11.021239280700684,-0.1519152096170638,-0.2246862108302815
11.03377628326416,-0.14958926445799536,-0.2271779419871445
11.045520067214966,-0.1476609538023572,-0.22926365312738947
11.057204961776733,-0.1455987621240558,-0.23148347484936596
11.068840026855469,-0.14366545742564849,-0.23356455771371865
11.081391334533691,-0.14160859272630089,-0.23578931626331354
11.09579873085022,-0.13916606589582622,-0.23843121704095677
11.111314058303833,-0.13685809925629364,-0.24093960995911778
11.122936725616455,-0.13506301409221314,-0.2428905822287981
11.13616681098938,-0.13275504745268052,-0.24539897514695913
11.147949457168579,-0.13122443772237752,-0.24707859431165732
11.159505367279053,-0.1295662771812161,-0.2488981817400802
11.171233415603638,-0.12764798782213263,-0.2509931134525759
11.184266328811646,-0.12586227647011197,-0.25295266914472436
11.1958909034729,-0.12421285829360461,-0.25478018507323125
11.207446575164795,-0.12268627911503045,-0.2564634683816694
11.218873739242554,-0.12103248500490862,-0.25828702529914377
11.230628967285156,-0.11950187527460562,-0.259966644463842
11.243062973022461,-0.11772557877682821,-0.2619347385406958
11.25536322593689,-0.11620303892159048,-0.2636216763208562
11.267116069793701,-0.11468049906635236,-0.265308614101017
11.278541564941406,-0.11315795921111382,-0.26699555188117835
11.291035175323486,-0.11163541935587651,-0.2686824896613383
11.30217719078064,-0.11011287950063837,-0.2703694274414991
11.31486964225769,-0.10871721796666987,-0.27191578707331343
11.326031923294067,-0.10745180814708324,-0.2733246058723696
11.338690996170044,-0.10593331636357872,-0.27501518843123773
11.350171566009521,-0.10466790654399089,-0.2764240072302953
11.361732959747314,-0.10340926530404394,-0.27783887635823173
11.373749017715454,-0.10201731450249836,-0.2793885770371939
11.386263370513916,-0.10063654380095716,-0.28094824735430246
11.397952556610107,-0.09950376668500474,-0.2822216295694454
11.409912109375,-0.09799747137423273,-0.2839230880972
11.421486377716064,-0.09699327450038554,-0.28505739378236883
11.433288097381592,-0.09561250379884392,-0.2866170640994779
11.446783781051636,-0.09448584443993209,-0.2878958623436283
11.457927227020264,-0.09323059834762208,-0.28931374445009045
11.469527959823608,-0.09235669442236258,-0.29031046297367596
11.481288433074951,-0.09110485069023805,-0.29173134991162114
11.495408296585083,-0.0898530069581135,-0.2931522368495663
11.51068115234375,-0.08860116322598816,-0.29457312378751244
11.522075891494751,-0.08735614577363715,-0.2959999958782837
11.534884452819824,-0.08623563006652113,-0.2972841807599779
11.547478437423706,-0.08523688272336723,-0.2984232876440759
11.559017419815063,-0.08436297879810811,-0.29942000616766096
11.570895910263062,-0.08336696483622666,-0.3005615038402787
11.581984758377075,-0.08249545261958059,-0.30156031430381897
11.595141172409058,-0.08150217776199056,-0.30270419620599937
11.606784343719482,-0.08050890290440134,-0.3038480781081788
11.61794400215149,-0.07963978740401102,-0.30484897477258555
11.629520654678345,-0.0788968898694985,-0.30570866944189895
11.641932249069214,-0.07790635982348182,-0.3068549290009835
11.654152154922485,-0.07703964603321742,-0.3078579061151822
11.665679216384888,-0.0761705305328263,-0.3088588027795899
11.677379131317139,-0.07542763299831418,-0.3097184974489028
11.688891887664795,-0.07456091920804978,-0.3107214745631015
11.70137071609497,-0.07369180370765947,-0.31172237122750823
11.712948322296143,-0.07294890617314616,-0.3125820658968226
11.72512698173523,-0.07208219238288216,-0.31358504301102086
11.736799240112305,-0.07133723623968954,-0.3144429544376563
11.749112129211426,-0.07047292913962278,-0.3154480062386165
11.761010885238647,-0.06985384786086214,-0.31616441846304455
11.772133827209473,-0.068866068317928,-0.3173130490927142
11.784647464752197,-0.06824870610359438,-0.31803094323625747
11.797165393829346,-0.06738681065996711,-0.31903806394902917
11.808609247207642,-0.06676944844563308,-0.31975595809257296
11.82007098197937,-0.06603068092252347,-0.32061920441780645
11.83159589767456,-0.06541504131993234,-0.3213385763555008
11.844953536987305,-0.06455073421986517,-0.3223436281564615
11.856242895126343,-0.0640582225377917,-0.3229191257066176
11.867840766906738,-0.0633194550146825,-0.3237823720318507
11.879250288009644,-0.06270381541209137,-0.324501743969545
11.891291856765747,-0.06196711926797386,-0.3253667586876131
11.904575109481812,-0.06122628461077366,-0.32622823165986486
11.919952154159546,-0.06048958846665655,-0.32709324637793247
11.931578874588013,-0.05987567501322623,-0.32781409197632144
11.94321584701538,-0.05926003541063429,-0.3285334639140167
11.956016778945923,-0.058646121957203964,-0.3292543095124057
11.967729091644287,-0.05803393818043324,-0.3299766246295668
11.979077577590942,-0.0575428074176885,-0.3305533011082785
11.990914583206177,-0.0568061112735714,-0.3314183158263462
12.003259420394897,-0.05631498051082626,-0.3319949923050584
12.015349388122559,-0.05582384974808232,-0.3325716687837692
12.026992797851562,-0.055209936294651596,-0.3332925143821587
12.038100481033325,-0.054720189273234056,-0.3338703664758887
12.051061868667603,-0.054230442251817716,-0.33444821856961726
12.062098264694214,-0.053740695230400974,-0.33502607066334633
12.074567794799805,-0.053250948208984634,-0.3356039227570749
12.085721254348755,-0.05276120118756789,-0.33618177485080397
12.109256267547607,-0.051781707144734415,-0.33733747903826206
12.134961605072021,-0.05067977634654655,-0.33863764624915266
12.15907073020935,-0.04994723564748664,-0.3395061828318315
12.184634923934937,-0.049092604831916936,-0.3405194755116232
12.206257343292236,-0.04824040539890011,-0.34153481388487866
12.229052782058716,-0.04763343171762001,-0.34226151262249555
12.240975141525269,-0.04727029372109441,-0.342698403585193
12.252109289169312,-0.04690610951232643,-0.343134422827763
12.264581680297852,-0.04654297151580044,-0.3435713137904609
12.286267280578613,-0.04581460309826408,-0.34444335227560147
12.303695440292358,-0.045452513400543515,-0.3448811124480848
12.319215059280396,-0.04496832940517618,-0.3454636337316812
12.332077264785767,-0.044605191408650186,-0.3459005246943791
12.344828367233276,-0.04424100719988221,-0.3463365439369491
12.35595417022705,-0.043998915202197945,-0.34662780457874803
12.367472887039185,-0.043635777205672736,-0.347064695541445
12.379895210266113,-0.043392987733160616,-0.34735537503649183
12.391622543334961,-0.04315159460134704,-0.34764721515148056
12.403166770935059,-0.042787410392579064,-0.3480832343940506
12.417595148086548,-0.0425453183948948,-0.3483744950358495
12.43005657196045,-0.042061134399527064,-0.34895701631944637
12.441672325134277,-0.04181904240184359,-0.34924827696124433
12.453731775283813,-0.04157695040415972,-0.3495395376030428
12.465470314025879,-0.04121381240763372,-0.3499764285657407
12.47786021232605,-0.040971022935121996,-0.35026710806078704
12.489470481872559,-0.04072962980330803,-0.35055894817577626
12.501856088638306,-0.04036544559454004,-0.3509949674183463
12.514241218566895,-0.04012335359685657,-0.35128622806014426
12.525690078735352,-0.03988126159917231,-0.35157748870194316
12.538046836853027,-0.039639169601488444,-0.3518687493437416
12.549556970596313,-0.03939707760380458,-0.3521600099855401
12.561204433441162,-0.03915498560612071,-0.35245127062733855
12.572827816009521,-0.039033939607278974,-0.35259690094823753
12.585635662078857,-0.038671849909558804,-0.3530346611207204
12.597289323806763,-0.038550803910717066,-0.3531802914416194
12.608711004257202,-0.03818871421299651,-0.3536180516141027
12.62016773223877,-0.03806766821415477,-0.3537636819350017
12.633037090301514,-0.03794697164824739,-0.35390960199249677
12.64518666267395,-0.03770487965056391,-0.35420086263429473
12.65675163269043,-0.037462787652880046,-0.3544921232760932
12.667941570281982,-0.03722069565519618,-0.35478338391789166
12.679590940475464,-0.037099649656354046,-0.35492901423879114
12.69200873374939,-0.03685825652454086,-0.3552208543537794
12.704696416854858,-0.03661546705202874,-0.3555115338488263
12.719600439071655,-0.03649477048612176,-0.35565745390632086
12.73201322555542,-0.036252678488438286,-0.3559487145481188
12.74458360671997,-0.036010586490754816,-0.3562399751899168
12.755862951278687,-0.03588954049191229,-0.3563856055108167
12.76751708984375,-0.03576814575565603,-0.3565309452583404
12.778988599777222,-0.035526053757972166,-0.35682220590013886
12.791491985321045,-0.035283961760289084,-0.3571134665419363
12.802995443344116,-0.035162915761447346,-0.3572590968628353
12.815271377563477,-0.035042219195539966,-0.3574050169203304
12.8269681930542,-0.03480012719785609,-0.35769627756212885
12.839098691940308,-0.034679081199013966,-0.35784190788302833
12.85102891921997,-0.03455838463310738,-0.3579878279405225
12.862149715423584,-0.03431629263542351,-0.35827908858232094
12.87485408782959,-0.03419524663658177,-0.3584247189032199
12.887010097503662,-0.034074550070675176,-0.35857063896071406
12.898199558258057,-0.033832458072990915,-0.35886189960251297
12.909852504730225,-0.033711412074149176,-0.35900752992341195
12.921419620513916,-0.03359071550824258,-0.3591534499809061
12.934860467910767,-0.033348623510558714,-0.35944471062270456
12.946012496948242,-0.033227577511716976,-0.35959034094360354
12.957693815231323,-0.033106880945809596,-0.3597362610010986
12.969161987304688,-0.033106880945809596,-0.3597362610010986
12.981068134307861,-0.03286478894812572,-0.3600275216428971
12.994189023971558,-0.032743742949283984,-0.36017315196379607
13.005706310272217,-0.03262304638337739,-0.3603190720212902
13.017358303070068,-0.03238095438569313,-0.3606103326630891
13.028808116912842,-0.03225990838685139,-0.3607559629839881
13.041485071182251,-0.03225990838685139,-0.3607559629839881
13.053162097930908,-0.0320185152550382,-0.3610478030989764
13.065248012542725,-0.03189781868913161,-0.3611937231564705
13.07680368423462,-0.03177677269028948,-0.36133935347737
13.09297800064087,-0.031656076124382496,-0.3614852735348646
13.110181331634521,-0.03141398412669863,-0.36177653417666306
13.126172065734863,-0.03129293812785729,-0.36192216449756154
13.13904333114624,-0.03129293812785689,-0.36192216449756204
13.150959968566895,-0.031292938127856496,-0.36192216449756254
13.162084817886353,-0.03129293812785689,-0.3619221644975621
13.175053358078003,-0.03129293812785689,-0.3619221644975621
13.186280488967896,-0.03129293812785689,-0.3619221644975621
13.198973178863525,-0.03129293812785648,-0.36192216449756254
13.210880756378174,-0.03129293812785648,-0.36192216449756254
13.222236394882202,-0.031162726828038025,-0.3620596611942504
13.234997272491455,-0.03089772686366618,-0.3623302463299958
13.247394800186157,-0.030762656960615704,-0.3624629732884138
13.258866786956787,-0.030486853665204237,-0.3627225379991192
13.270621061325073,-0.030345880963273796,-0.3628489777931366
13.281835079193115,-0.029771211176150014,-0.3633424550702028
13.295271873474121,-0.029182586302800167,-0.3638192002282134
13.306999683380127,-0.02842997010644702,-0.3643937234792736
13.318132162094116,-0.028121909657192582,-0.36461404155935
13.329890012741089,-0.027336235803319696,-0.3651424587244406
13.342057943344116,-0.026210409415563487,-0.3658422235638493
13.354761600494385,-0.025388799393425737,-0.36631282432515716
13.365954160690308,-0.02438320389542998,-0.3668417377071394
13.377539157867432,-0.022849040295895635,-0.3675840505186507
13.389068603515625,-0.021635818309117226,-0.3681181369317338
13.401643514633179,-0.020228232830840357,-0.3686782832253023
13.41368579864502,-0.018978707969375654,-0.3691208253209525
13.425498247146606,-0.01699143878219944,-0.36974521334613913
13.437217235565186,-0.015530762145661575,-0.3701470647021466
13.449641227722168,-0.01350262212777241,-0.3706221934174895
13.461095571517944,-0.011644522874142142,-0.37098756936598826
13.472110033035278,-0.00958827925868819,-0.3713206780902909
13.484559059143066,-0.0077104393185566935,-0.37156511536103676
13.497426748275757,-0.005072708647003533,-0.3718315744530523
13.508609056472778,-0.002426700716151694,-0.37199669735647867
13.523725986480713,3.406780633691091e-05,-0.3720675003837339
13.535537481307983,0.0026851543903753244,-0.3720484355655659
13.547716856002808,0.005144897595183471,-0.37194814520538366
13.558836698532104,0.007600321887323753,-0.3717712657676028
13.570087671279907,0.009672316752610858,-0.37155693773274606
13.581382274627686,0.012113508674782286,-0.3712391692807763
13.592699527740479,0.014730546003541636,-0.37081521272257295
13.605230808258057,0.01714607503326207,-0.37034022398952426
13.616745471954346,0.019176469565279755,-0.3698748238685002
13.627686262130737,0.021560691580520205,-0.36926173319658606
13.638822317123413,0.023924654122762633,-0.3685746554070913
13.651267051696777,0.0264461701095311,-0.3677557655049446
13.662141799926758,0.02876074614414735,-0.3669172354995665
13.673754930496216,0.030696176176777744,-0.3661470343459099
13.685269832611084,0.0331327503805046,-0.36510217565063113
13.697407722473145,0.03536145602625333,-0.364056582070625
13.709062576293945,0.03755650228712253,-0.3629420567444958
13.720989227294922,0.03988185438942732,-0.36166872994289556
13.732037782669067,0.04200022236504122,-0.3604145720940441
13.74466848373413,0.04439821924205124,-0.358892013746051
13.757055044174194,0.04659098753437795,-0.3574019161789344
13.768239498138428,0.048739992288143116,-0.35584936920326565
13.779877185821533,0.05068600196734298,-0.3543415757431373
13.791369676589966,0.05289334524240642,-0.35255378140059623
13.80457067489624,0.0554846748893342,-0.3503393388743562
13.815704584121704,0.057599265418294,-0.34844274196409214
13.827447652816772,0.05993829805210259,-0.3462308287578333
13.838822841644287,0.062498573892263265,-0.34370287214056333
13.851437091827393,0.06500372107153202,-0.34112027371132625
13.862971067428589,0.06746518301550707,-0.3384960057877202
13.875230073928833,0.07013669657801164,-0.33555025999795374
13.886902809143066,0.07238387810010655,-0.3329872695087348
13.898065090179443,0.07496231460451579,-0.3299597179954988
13.91072416305542,0.07738323458135485,-0.3270471115775139
13.927025556564331,0.08073326977540633,-0.3229371531382994
13.938602924346924,0.08296616314463648,-0.32011584772446117
13.951449871063232,0.08529516024175098,-0.31712922719249476
13.963057041168213,0.08772554498215218,-0.31398158792056524
13.975247621536255,0.08980225869565572,-0.31127862562093506
13.987029552459717,0.09196688851354433,-0.30840461191393703
13.998237609863281,0.09423818788690105,-0.30537388117087766
14.011229276657104,0.09639592229159012,-0.30249468696497106
14.022717475891113,0.0984335474852551,-0.29976213712805805
14.035036325454712,0.10058437407856796,-0.29687777896687234
14.046175003051758,0.10251497854592168,-0.29430165783527124
14.069945335388184,0.10661638241139443,-0.28885615817990706
14.081549167633057,0.10856546219839015,-0.2862939868979728
14.093164205551147,0.11062268484466557,-0.28357616055607404
14.106201171875,0.11269291341869069,-0.280868228006625
14.117779016494751,0.1144289025189771,-0.2786199142409613
14.129499912261963,0.11640245911203291,-0.27607654874067356
14.141235828399658,0.11826565678972437,-0.27368725231510066
14.154568910598755,0.12060894532136154,-0.2707118315821894
14.16579818725586,0.12250631292248804,-0.26834957859370373
14.177415132522583,0.1244036805236149,-0.26598732560521754
14.18899941444397,0.1263123512303667,-0.2636341959597025
14.200931310653687,0.12847227241752296,-0.26099724971331273
14.215455293655396,0.13064481060384434,-0.25837068867841506
14.22736668586731,0.13282991585645296,-0.2557545732229939
14.238987445831299,0.1349054478371225,-0.2532937195720707
14.250976800918579,0.1371093094334974,-0.25069338515029044
14.263699293136597,0.13944873992334422,-0.24795977178705123
14.275451421737671,0.1413111302813241,-0.24581499322046452
14.28712797164917,0.14342765995032197,-0.24338931066615208
14.298544645309448,0.1456748414724169,-0.24082632017693315
14.311294317245483,0.14792202299451224,-0.23826332968771377
14.327256679534912,0.1508090890068246,-0.23500220084285148
14.338880777359009,0.15307464323872982,-0.23245543641256505
14.350778341293335,0.1553523809139868,-0.22991956257426266
14.36324167251587,0.1577566595712027,-0.22724280685605433
14.375510692596436,0.15992502335579895,-0.22486334637273142
14.387319564819336,0.16221489212365978,-0.2223384214100747
14.398739337921143,0.16451683935455882,-0.21982450335508097
14.411337852478027,0.16681878658545832,-0.2173105853000868
14.422758102416992,0.16924861977363023,-0.214657005130926
14.435097217559814,0.17142836604429967,-0.21228796737488526
14.446167707443237,0.17374233883106574,-0.209785114006591
14.458693027496338,0.17619750316563776,-0.2071549533410136
14.470086336135864,0.17838858182383277,-0.20479639276141376
14.481599569320679,0.18059656455910186,-0.2024536495115467
14.493674278259277,0.18331712776033746,-0.19955314285914
14.506184577941895,0.1857848731703441,-0.1969347827563474
14.518894910812378,0.18812867656708732,-0.19445984221595328
14.530620813369751,0.19034226866401166,-0.1921223983722475
14.541836500167847,0.19270380909306398,-0.18966437643519757
14.55423641204834,0.19506534952211715,-0.18720635449814677
14.566790580749512,0.19757049670138632,-0.18462375606890924
14.57793664932251,0.19967487508353243,-0.18244388574703826
14.589541673660278,0.20193288149300098,-0.18014931808648804
14.601309061050415,0.20431788117234714,-0.1777140518647804
14.614807367324829,0.20684767545478538,-0.17515559179570694
14.626080989837646,0.20911665633430893,-0.17287187564381756
14.637724876403809,0.21126756901743915,-0.17073790806558126
14.649270057678223,0.21355291374326524,-0.16847056751370493
14.66176962852478,0.21597843822341728,-0.16607566124471257
14.674197673797607,0.2182692113435602,-0.1638138053239982
14.685624122619629,0.22044048588762552,-0.1617005590416856
14.697269201278687,0.2226117604316913,-0.15958731275937257
14.708723545074463,0.22478303497575666,-0.15747406647706
14.725531816482544,0.2277824334870572,-0.15458269906982605
14.737489938735962,0.22996381422254839,-0.15247988641001967
14.749098777770996,0.23215525101335227,-0.15038755570305068
14.761005401611328,0.23448365260358117,-0.14816445432689632
14.773723840713501,0.2366700676482157,-0.14606687661724793
14.785594701766968,0.23859195785021844,-0.14424068889556943
14.797380685806274,0.24065112592379354,-0.14228405919377038
14.808844327926636,0.2427149782477427,-0.1403323710706004
14.821452617645264,0.24477414632131692,-0.13837574136880218
14.833044052124023,0.24670040849033553,-0.13655416578717752
14.845226764678955,0.24876426081428382,-0.13460247766400837
14.85706615447998,0.2506861510162875,-0.132776289942329
14.86918044090271,0.2527546757318724,-0.13082955461203954
14.881071329116821,0.2545433477459617,-0.12913809157195888
14.892187595367432,0.25633606916613605,-0.12745092095237398
14.904771089553833,0.25798715102529524,-0.12588957045383817
14.917375087738037,0.2600603362469338,-0.12394779910221893
14.928819179534912,0.26171515601940215,-0.12239041083798693
14.94059681892395,0.2633699757918705,-0.12083302257375493
14.951965093612671,0.2651707650984882,-0.11915446585349981
14.964165925979614,0.26682931327579923,-0.11760104877220424
14.976970672607422,0.2686260738012193,-0.11591818026746759
14.988091468811035,0.2701498185991265,-0.11449786304263637
14.999665021896362,0.2713993008810929,-0.11333877707200261
15.011346101760864,0.27306156793335556,-0.11178934009945922
15.024623394012451,0.27486235723997327,-0.11011078337920409
15.035921096801758,0.2763895022512655,-0.10869412274842945
15.047646284103394,0.2777808990238278,-0.10740958102416212
15.059009790420532,0.2793114354736471,-0.10599658512746736
15.071691513061523,0.2808385804849403,-0.1045799244966919
15.08325719833374,0.28222380302849165,-0.10328872701957324
15.095536947250366,0.2834760601237983,-0.1021326394677321
15.10724401473999,0.28500997921780047,-0.10072331642408233
15.124260902404785,0.286957934699388,-0.09892495801010773
15.135783910751343,0.2880759659171346,-0.09790267285175086
15.14769697189331,0.28947350493931884,-0.09662481640380385
15.159112691879272,0.29087104396150265,-0.09534695995585726
15.171860933303833,0.2922685829836855,-0.09406910350791149
15.183785915374756,0.2933866142014321,-0.09304681834955464
15.195568799972534,0.2946498984375507,-0.09190279072792823
15.207266092300415,0.29577037692601293,-0.09088318849874875
15.21963357925415,0.2968908554144752,-0.08986358626956928
15.231310844421387,0.2981513937139946,-0.08871653376174299
15.242815971374512,0.29927431303498914,-0.08769962032029707
15.25515103340149,0.3003972323559828,-0.08668270687885198
15.26627516746521,0.30152015167697693,-0.08566579343740646
15.279055833816528,0.302502706082847,-0.08477599417614144
15.2909677028656,0.30362805978416385,-0.0837617753655373
15.30216932296753,0.30475341348548113,-0.08274755655493275
15.314810276031494,0.30587876718679935,-0.08173333774432738
15.32717776298523,0.30672278246278717,-0.08097267363637407
15.33857798576355,0.30770746695143997,-0.08008523217709494
15.350030422210693,0.3088352485668853,-0.07907371382495398
15.36162257194519,0.3096810847784689,-0.07831507506084869
15.374953746795654,0.3106678936919843,-0.07742999650272474
15.386138916015625,0.311515545979054,-0.07667338744154713
15.397875308990479,0.31250447364730183,-0.07579067687017346
15.409247159957886,0.3134955143879805,-0.07491033935753647
15.421133518218994,0.3143431666750498,-0.07415373029635927
15.434279441833496,0.3153320943432976,-0.0732710197249856
15.44564175605774,0.3158984033379713,-0.07276796971776435
15.457343339920044,0.31703102132731864,-0.07176186970332184
15.468766927719116,0.31759733032199183,-0.071258819696101
15.481340169906616,0.3185883710626705,-0.070378482183464
15.492782831192017,0.3192977625760039,-0.06975136832949999
15.505653381347656,0.32028880331668214,-0.06887103081686341
15.517382383346558,0.3209981948300146,-0.06824391696290022
15.533714771270752,0.3221308128193615,-0.06723781694845812
15.545569658279419,0.3228417055265759,-0.06661240535290579
15.557426691055298,0.3235510970399088,-0.0659852914989422
15.569009780883789,0.3242619897471222,-0.06535987990339068
15.581466674804688,0.3251132595631219,-0.0646073432786342
15.592987775802612,0.3258226510764544,-0.063980229424671
15.6051926612854,0.3265335437836683,-0.06335481782911907
15.616750955581665,0.3271010569943349,-0.06285312674594795
15.629119396209717,0.32795232681033365,-0.06210059012119228
15.64101243019104,0.3286617183236661,-0.06147347626722909
15.652046203613281,0.32937261103087995,-0.060848064671677166
15.664597272872925,0.3299401242415457,-0.06034637358850686
15.67698335647583,0.33064951575487905,-0.05971925973454286
15.688270330429077,0.3313574019982209,-0.0590904472255165
15.699943542480469,0.33192491520888706,-0.05858875614234579
15.711364507675171,0.33249242841955273,-0.058087065059175484
15.722814798355103,0.33320181993288567,-0.05745995120521189
15.735975980758667,0.333770534098657,-0.05695962192877018
15.75008225440979,0.33462360534731345,-0.056209128014108024
15.761657953262329,0.3350501409716417,-0.055833881056776946
15.773219347000122,0.3356176541823083,-0.05533218997360583
15.786232709884644,0.33633004399866867,-0.05470848423003218
15.79784107208252,0.33675657962299693,-0.054333237272701104
15.809541940689087,0.3373264914760854,-0.05383427267784203
15.821361780166626,0.33789640332917387,-0.05333530808298295
15.83454942703247,0.33860879314553377,-0.05271160233940972
15.845750331878662,0.3390371228448364,-0.052338404554710984
15.85737919807434,0.33960703469792486,-0.05183943995985191
15.868964672088623,0.3401769465510124,-0.05134047536499364
15.88148808479309,0.34060438044082897,-0.05096625191884913
15.893079280853271,0.34131527314804333,-0.0503408403232968
15.90522575378418,0.34160022907458754,-0.050091358025867255
15.916805267333984,0.3420276629644037,-0.049717134579723155
15.933692216873169,0.34274154579657373,-0.04909513827189273
15.945574045181274,0.3431689796863894,-0.04872091482574903
15.95736026763916,0.3437400859521262,-0.04822331777948404
15.968864917755127,0.34431119221786066,-0.04772572073322108
15.981374025344849,0.34459674535072954,-0.04747692221008818
15.993068218231201,0.3450250750500312,-0.04710372442539025
16.00522017478943,0.34545429809766887,-0.04673155444650432
16.016817808151245,0.34588262779697054,-0.04635835666180639
16.027976512908936,0.3463118508446087,-0.04598618668292006
16.040761470794678,0.3467419647742992,-0.04561504664830667
16.05214238166809,0.34731426217115063,-0.045118820009791026
16.06481647491455,0.34760041086957544,-0.04487070669053401
16.076003551483154,0.3480296339172136,-0.04449853671164768
16.088847398757935,0.34845974784690453,-0.04412739667703389
16.100754976272583,0.3486028221961165,-0.04400334001740579
16.112128496170044,0.3491763074357052,-0.04350848663792006
16.124719858169556,0.3494630500554989,-0.04326105994817781
16.137089490890503,0.3497497926752935,-0.04301363325843475
16.148266077041626,0.35032327791488077,-0.04251877987895023
16.159887552261353,0.3506100205346758,-0.042271353189206766
16.171494245529175,0.3508967631544695,-0.04202392649946451
16.1847927570343,0.3513268770841609,-0.041652786464850315
16.19608163833618,0.3514699514333733,-0.041528729805221806
16.207855701446533,0.3519000653630647,-0.041157589770607614
16.21924376487732,0.3520431397122771,-0.041033533110979105
16.23128890991211,0.3524732536419676,-0.04066239307636572
16.244184255599976,0.35275940234039377,-0.04041427975710749
16.25547480583191,0.3531886253880314,-0.04004210977822156
16.267164707183838,0.3531886253880314,-0.04004210977822156
16.278529167175293,0.35376211062761964,-0.03954725639873624
16.29123592376709,0.35376211062761964,-0.03954725639873624
16.302707195281982,0.3541922245573106,-0.03917611636412245
16.314974546432495,0.354335298906523,-0.03905205970449394
16.33004403114319,0.3547654128362144,-0.03868091966987976
16.34311294555664,0.3549090802829951,-0.038557550350613395
16.355521202087402,0.3551958229027888,-0.038310123660871144
16.367161750793457,0.35548256552258384,-0.03806269697112768
16.378284215927124,0.35562593683248067,-0.03793898362625655
16.391108512878418,0.3560569391728233,-0.037568875668457055
16.402178049087524,0.3560569391728233,-0.037568875668457055
16.414868116378784,0.3563436817926174,-0.0373214489787144
16.42599320411682,0.35663042441241105,-0.03707402228897214
16.43855333328247,0.35663042441241105,-0.03707402228897214
16.45003080368042,0.35691716703220566,-0.03682659559922908
16.461593866348267,0.35720390965199933,-0.03657916890948682
16.473278284072876,0.35720390965199933,-0.03657916890948682
16.48537564277649,0.35749065227179344,-0.03633174221974416
16.49864172935486,0.35777739489158805,-0.0360843155300011
16.510099411010742,0.35777739489158805,-0.0360843155300011
16.52158284187317,0.35806413751138216,-0.035836888840258437
16.533262014389038,0.35835088013117533,-0.03558946215051658
16.54623532295227,0.35835088013117533,-0.03558946215051658
16.557851552963257,0.3584942514410726,-0.03546574880564505
16.56925630569458,0.35878158633463497,-0.03521901016711152
16.58116626739502,0.3589252537814157,-0.03509564084784516
16.59425926208496,0.35906862509131254,-0.03497192750297403
16.6058247089386,0.3592122925380937,-0.034848558183707266
16.61737871170044,0.3593562552962562,-0.03472553359891631
16.62888264656067,0.35964359018981856,-0.03447879496038278
16.64138627052307,0.35964359018981856,-0.03447879496038278
16.65309429168701,0.35993092508338,-0.03423205632185006
16.665210485458374,0.35993092508338,-0.03423205632185006
16.67666721343994,0.3600745925301607,-0.034108687002583696
16.687799215316772,0.36021796384005755,-0.03398497365771257
16.700122594833374,0.36036163128683874,-0.0338616043384458
16.7117977142334,0.36050559404500165,-0.03373857975365444
16.727033138275146,0.3606492614917824,-0.03361521043438808
16.739491939544678,0.36079263280167967,-0.03349149708951655
16.75202202796936,0.3609363002484604,-0.03336812777025019
16.764573574066162,0.3610802630066229,-0.03324510318545923
16.77588677406311,0.36136759790018524,-0.0329983645469257
16.787401914596558,0.36136759790018524,-0.0329983645469257
16.799855947494507,0.3615112653469664,-0.03287499522765894
16.81147336959839,0.3615112653469664,-0.03287499522765894
16.823078155517578,0.3616552281051289,-0.03275197064286798
16.83532404899597,0.36194256299869076,-0.032505232004334854
16.847492933273315,0.36194256299869076,-0.032505232004334854
16.85912847518921,0.36208623044547195,-0.03238186268506809
