0.00887751579284668,0
0.013173103332519531,0
0.018973588943481445,0
0.02588176727294922,2
0.030829668045043945,2
0.03628969192504883,4
0.041419029235839844,6
0.047084808349609375,8
0.05185532569885254,10
0.057768821716308594,12
0.06278419494628906,14
0.06819295883178711,17
0.07513928413391113,20
0.0797889232635498,24
0.08556699752807617,26
0.09019184112548828,29
0.09597659111022949,33
0.10106372833251953,35
0.10681462287902832,39
0.11156463623046875,42
0.1174471378326416,46
0.12220978736877441,50
0.12886428833007812,54
0.1346440315246582,58
0.13927960395812988,60
0.14527463912963867,65
0.14994239807128906,69
0.15571308135986328,72
0.1606125831604004,76
0.1661205291748047,81
0.17126727104187012,84
0.17773699760437012,88
0.18273544311523438,93
0.18811511993408203,98
0.19317007064819336,102
0.19879150390625,105
0.20456981658935547,110
0.20920348167419434,113
0.21519756317138672,118
0.21985077857971191,122
0.22673559188842773,127
0.23151111602783203,130
0.2373354434967041,135
0.24210572242736816,140
0.24779939651489258,144
0.2528223991394043,148
0.26590466499328613,159
0.2710134983062744,162
0.27773070335388184,167
0.28277063369750977,172
0.28854894638061523,177
0.2940847873687744,182
0.29915690422058105,185
0.3051784038543701,190
0.3098020553588867,194
0.31555938720703125,198
0.32019901275634766,203
0.32596302032470703,208
0.33188629150390625,213
0.3376200199127197,216
0.34259700775146484,221
0.34804749488830566,226
0.35307979583740234,231
0.3589363098144531,234
0.36469006538391113,239
0.3693516254425049,242
0.3753175735473633,247
0.3812446594238281,252
0.3871653079986572,257
0.3919215202331543,262
0.397613525390625,266
0.4059109687805176,274
0.4109532833099365,277
0.4168999195098877,282
0.42165708541870117,286
0.4273488521575928,290
0.43309521675109863,297
0.4387197494506836,300
0.44429969787597656,306
0.4491848945617676,309
0.455155611038208,314
0.4598069190979004,319
0.46555352210998535,322
0.4702329635620117,327
0.4761486053466797,332
0.4820868968963623,337
0.48777031898498535,342
0.49278926849365234,346
0.49823951721191406,350
0.5040667057037354,356
0.508986234664917,359
0.5147435665130615,364
0.5197672843933105,369
0.5255584716796875,372
0.5313575267791748,378
0.5372178554534912,382
0.5419495105743408,387
0.5476236343383789,391
0.5526540279388428,396
0.5580379962921143,401
0.5630624294281006,406
0.5686898231506348,409
0.5742273330688477,414
0.5791430473327637,418
0.5858075618743896,424
0.5907974243164062,428
0.5967364311218262,433
0.6015431880950928,436
0.6072392463684082,441
0.612022876739502,446
0.6176877021789551,450
0.622666597366333,454
0.6280474662780762,460
0.6350140571594238,464
0.6396021842956543,468
0.6456000804901123,473
0.6502602100372314,478
0.6561739444732666,486
0.6682181358337402,493
0.6736440658569336,498
0.679093599319458,502
0.6859340667724609,508
0.691016435623169,512
0.6967668533325195,517
0.7015273571014404,520
0.7071750164031982,525
0.7119336128234863,530
0.7178668975830078,535
0.7228565216064453,538
0.7282321453094482,544
0.7351338863372803,548
0.7397675514221191,554
0.7455573081970215,557
0.7501809597015381,562
0.7559466361999512,567
0.7609622478485107,570
0.7666165828704834,576
0.7715084552764893,579
0.777350664138794,584
0.7821338176727295,589
0.7887153625488281,594
0.794257402420044,599
0.7991735935211182,602
0.8051872253417969,607
0.8098151683807373,612
0.8155663013458252,616
0.8202145099639893,621
0.825965404510498,626
0.831040620803833,629
0.8376123905181885,634
0.8426141738891602,639
0.8480298519134521,644
0.8530762195587158,649
0.8587291240692139,652
0.8642690181732178,658
0.8700721263885498,663
0.8758952617645264,668
0.8809487819671631,671
0.8874750137329102,676
0.8922586441040039,681
0.8980691432952881,686
0.9030964374542236,691
0.908980131149292,694
0.9149413108825684,700
0.9195683002471924,703
0.9253883361816406,708
0.9300549030303955,713
0.9369397163391113,718
0.9417994022369385,723
0.9474773406982422,726
0.9522535800933838,732
0.9580562114715576,737
0.9631202220916748,742
0.9687597751617432,745
0.9745194911956787,750
0.9791860580444336,754
0.9851593971252441,758
0.9909429550170898,764
0.9966280460357666,769
1.0014591217041016,772
1.0070850849151611,777
1.0117976665496826,782
1.0176324844360352,786
1.0225639343261719,791
1.028019905090332,796
1.0330133438110352,801
1.0397582054138184,806
1.045527458190918,809
1.0501649379730225,814
1.0559618473052979,819
1.0674865245819092,828
1.0722417831420898,833
1.078209400177002,838
1.0835678577423096,843
1.0899930000305176,848
1.095860481262207,853
1.100968599319458,856
1.1067712306976318,862
1.111569881439209,865
1.1173043251037598,870
1.122117280960083,875
1.1278505325317383,880
1.132976770401001,884
1.1396417617797852,889
1.1456146240234375,892
1.1505799293518066,897
1.1561124324798584,902
1.161360740661621,905
1.1672911643981934,910
1.1721076965332031,914
1.1779274940490723,918
1.1830048561096191,922
1.1886940002441406,925
1.1956353187561035,930
1.200591802597046,934
1.2061049938201904,937
1.2113044261932373,940
1.2170774936676025,944
1.2218561172485352,947
1.2276253700256348,949
1.2326545715332031,953
1.2380824089050293,956
1.2451374530792236,959
1.249823808670044,962
1.2557625770568848,965
1.2607786655426025,967
1.2662529945373535,969
1.2714924812316895,971
1.2772057056427002,974
1.281973123550415,976
1.2876675128936768,978
1.2941968441009521,980
1.299286127090454,982
1.3053064346313477,984
1.30997633934021,985
1.315974235534668,987
1.3210556507110596,988
1.3269085884094238,990
1.331730842590332,990
1.337475299835205,992
1.343641996383667,994
1.3489606380462646,994
1.3549375534057617,995
1.3595998287200928,996
1.3654422760009766,997
1.3701298236846924,998
1.3760993480682373,998
1.3812968730926514,999
1.387047290802002,1000
1.3918273448944092,1000
1.3980648517608643,1000
1.403092861175537,1001
1.4088799953460693,1001
1.4146950244903564,1002
1.4193999767303467,1002
1.4255640506744385,1002
1.4302396774291992,1002
1.436166763305664,1002
1.4413750171661377,1002
1.447871446609497,1002
1.4528732299804688,1002
1.45829439163208,1002
1.471437931060791,1003
1.4777393341064453,1003
1.4827618598937988,1003
1.4885940551757812,1002
1.4942269325256348,1002
1.500199317932129,1002
1.5059750080108643,1002
1.511002779006958,1002
1.5168249607086182,1002
1.5216097831726074,1002
1.5273349285125732,1002
1.5321178436279297,1002
1.5378336906433105,1002
1.5428440570831299,1002
1.5493566989898682,1002
1.555551528930664,1002
1.5602214336395264,1002
1.5659823417663574,1002
1.5711760520935059,1002
1.57692551612854,1002
1.581691026687622,1002
1.587409257888794,1002
1.592198133468628,1002
1.5989882946014404,1002
1.6049938201904297,1002
1.6096115112304688,1002
1.615635633468628,1002
1.620293378829956,1002
1.6260709762573242,1002
1.631269931793213,1002
1.6394188404083252,1002
1.6500086784362793,1002
1.6558468341827393,1002
1.6608264446258545,1002
1.666576862335205,1002
1.6714534759521484,1002
1.6773149967193604,1002
1.682131052017212,1002
1.6879734992980957,1002
1.6929941177368164,1002
1.6996181011199951,1002
1.7054908275604248,1002
1.710193395614624,1002
1.7159676551818848,1002
1.7210392951965332,1002
1.7268283367156982,1002
1.731604814529419,1002
1.7375059127807617,1002
1.742882490158081,1002
1.7496440410614014,1002
1.7556867599487305,1002
1.760612964630127,1002
1.7662749290466309,1002
1.7714130878448486,1002
1.7770788669586182,1002
1.781846046447754,1002
1.7875328063964844,1002
1.7925634384155273,1002
1.7982337474822998,1002
1.8052892684936523,1002
1.809943437576294,1002
1.8158888816833496,1002
1.8209750652313232,1002
1.8267464637756348,1002
1.8315224647521973,1002
1.8372161388397217,1002
1.8419649600982666,1002
1.8476831912994385,1002
1.854130744934082,1002
1.8591866493225098,1002
1.8718516826629639,1002
1.8777079582214355,1002
1.882690668106079,1002
1.8885185718536377,1002
1.894080638885498,1002
1.8991689682006836,1002
1.9059524536132812,1002
1.9110066890716553,1002
1.9169161319732666,1002
1.9217045307159424,1002
1.9274282455444336,1002
1.9322609901428223,1002
1.9379141330718994,1002
1.9429740905761719,1002
1.948793888092041,1002
1.9555180072784424,1002
1.9602103233337402,1002
1.9660086631774902,1002
1.971074104309082,1002
1.9770803451538086,1002
1.9818651676177979,1002
1.9876093864440918,1002
1.9968070983886719,1002
2.001612424850464,1002
2.0080063343048096,1002
2.0130698680877686,1002
2.0187461376190186,1002
2.0245466232299805,1002
2.029203414916992,1002
2.035348415374756,1002
2.0400612354278564,1002
2.0459022521972656,1002
2.050952434539795,1002
2.057356119155884,1002
2.0621471405029297,1002
2.067861318588257,1002
2.072863817214966,1002
2.078667640686035,1002
2.0841822624206543,1002
2.089144468307495,1002
2.095304250717163,1002
2.099949836730957,1002
2.10681414604187,1002
2.1115670204162598,1002
2.1172773838043213,1002
2.122053623199463,1002
2.127782106399536,1002
2.1327528953552246,1002
2.1381986141204834,1002
2.1436054706573486,1002
2.148918390274048,1002
2.1556310653686523,1002
2.160524845123291,1002
2.1660549640655518,1002
2.1711819171905518,1002
2.1768603324890137,1002
2.181654214859009,1002
2.187326669692993,1002
2.192110061645508,1002
2.197826385498047,1002
2.202808380126953,1002
2.209406614303589,1002
2.2155299186706543,1002
2.2202000617980957,1002
2.22597336769104,1002
2.2309911251068115,1002
2.2367961406707764,1002
2.2415497303009033,1002
2.2472245693206787,1002
2.2520596981048584,1002
2.2587995529174805,1002
2.2701117992401123,1002
2.276196002960205,1002
2.2813539505004883,1002
2.287252426147461,1002
2.292074680328369,1002
2.2978951930999756,1002
2.302943229675293,1002
2.3093507289886475,1002
2.3153839111328125,1002
2.3200554847717285,1002
2.3258962631225586,1002
2.330968141555786,1002
2.336885929107666,1002
2.3416666984558105,1002
2.3474090099334717,1002
2.3522064685821533,1002
2.358901023864746,1002
2.3649613857269287,1002
2.3696038722991943,1002
2.3754770755767822,1002
2.3801562786102295,1002
2.3859548568725586,1002
2.3909947872161865,1002
2.400197982788086,1002
2.4062466621398926,1002
2.4122180938720703,1002
2.418077230453491,1002
2.4231529235839844,1002
2.429002285003662,1002
2.4347312450408936,1002
2.4395928382873535,1002
2.4454431533813477,1002
2.4501407146453857,1002
2.456122875213623,1002
2.462059259414673,1002
2.4679062366485596,1002
2.472942352294922,1002
2.4785783290863037,1002
2.484177589416504,1002
2.4891090393066406,1002
2.495145797729492,1002
2.4998061656951904,1002
2.5055642127990723,1002
2.5114612579345703,1002
2.51769757270813,1002
2.5226850509643555,1002
2.528111457824707,1002
2.5331544876098633,1002
2.5388271808624268,1002
2.5446295738220215,1002
2.5492775440216064,1002
2.5552992820739746,1002
2.5599682331085205,1002
2.566939115524292,1002
2.571737289428711,1002
2.5776138305664062,1002
2.5826587677001953,1002
2.588061571121216,1002
2.5931503772735596,1002
2.59900164604187,1002
2.6049578189849854,1002
2.6095755100250244,1002
2.616116523742676,1002
2.621293544769287,1002
2.6270604133605957,1002
2.6318271160125732,1002
2.637713670730591,1002
2.6426947116851807,1002
2.6481311321258545,1002
2.6535844802856445,1002
2.6588947772979736,1002
2.6702160835266113,1002
2.677574872970581,1002
2.6825602054595947,1002
2.688189744949341,1002
2.693587064743042,1002
2.699164628982544,1002
2.7051925659179688,1002
2.709902048110962,1002
2.7165756225585938,1002
2.721491813659668,1002
2.7273292541503906,1002
2.7321414947509766,1002
2.737830638885498,1002
2.7428157329559326,1002
2.7482616901397705,1002
2.754044771194458,1002
2.7591371536254883,1002
2.7658987045288086,1002
2.7709362506866455,1002
2.7766153812408447,1002
2.781503677368164,1002
2.787193536758423,1002
2.7919600009918213,1002
2.797642707824707,1002
2.8026444911956787,1002
2.8080594539642334,1002
2.8131186962127686,1002
2.8198049068450928,1002
2.825585126876831,1002
2.8305273056030273,1002
2.8360795974731445,1002
2.8412587642669678,1002
2.847003936767578,1002
2.851794958114624,1002
2.857668161392212,1002
2.8626654148101807,1002
2.8700547218322754,1002
2.8760619163513184,1002
2.8812549114227295,1002
2.8869521617889404,1002
2.891744613647461,1002
2.8974831104278564,1002
2.9025330543518066,1002
2.9079887866973877,1002
2.9130470752716064,1002
2.919635534286499,1002
2.925539970397949,1002
2.930230140686035,1002
2.936147928237915,1002
2.9412946701049805,1002
2.9470081329345703,1002
2.9518094062805176,1002
2.957540512084961,1002
2.962538719177246,1002
2.9690322875976562,1002
2.975023031234741,1002
2.979665517807007,1002
2.9857141971588135,1002
2.9906342029571533,1002
2.996288299560547,1002
3.0014231204986572,1002
