0.01999044418334961,0
0.025134801864624023,0
0.03722238540649414,2
0.04915618896484375,4
0.06301164627075195,9
0.07480144500732422,14
0.08909416198730469,22
0.1018519401550293,28
0.1149587631225586,36
0.126922607421875,44
0.13915753364562988,53
0.15188336372375488,61
0.16479802131652832,70
0.17646121978759766,78
0.1886763572692871,87
0.20003724098205566,96
0.21321415901184082,107
0.22509145736694336,116
0.23667073249816895,124
0.24912691116333008,136
0.26756882667541504,150
0.2825796604156494,161
0.29454565048217773,171
0.30626893043518066,180
0.31937646865844727,192
0.3323709964752197,202
0.3443424701690674,212
0.3562760353088379,222
0.36933231353759766,233
0.3824503421783447,243
0.3943812847137451,253
0.40625619888305664,263
0.4191274642944336,274
0.43093299865722656,284
0.4440751075744629,294
0.4560260772705078,304
0.4688529968261719,314
0.48156309127807617,326
0.4938948154449463,336
0.5055654048919678,346
0.5181422233581543,356
0.5302460193634033,366
0.5447955131530762,378
0.5568583011627197,388
0.5699355602264404,400
0.5828073024749756,410
0.5944416522979736,420
0.6054987907409668,430
0.6192936897277832,442
0.6313567161560059,452
0.6442842483520508,462
0.656308650970459,472
0.6761980056762695,488
0.6868889331817627,497
0.6993095874786377,508
0.7118752002716064,518
0.7249112129211426,528
0.7370204925537109,540
0.7486424446105957,548
0.7608511447906494,560
0.7744925022125244,570
0.7865273952484131,580
0.7987453937530518,590
0.8108725547790527,602
0.8243651390075684,612
0.8354647159576416,622
0.8474643230438232,632
0.8594212532043457,643
0.8731286525726318,654
0.8853600025177002,664
0.8966572284698486,674
0.9092628955841064,685
0.9230093955993652,695
0.9343552589416504,705
0.9460136890411377,715
0.9586632251739502,725
0.9703855514526367,737
0.9834856986999512,747
0.9950191974639893,756
1.0063765048980713,766
1.0186665058135986,776
1.0314984321594238,787
1.04451322555542,798
1.0561637878417969,808
1.0754189491271973,824
1.087362289428711,834
1.099135160446167,844
1.1124236583709717,854
1.1243853569030762,864
1.1370689868927002,875
1.149202823638916,884
1.1624126434326172,894
1.1744086742401123,902
1.1870336532592773,912
1.1990985870361328,919
1.2119410037994385,926
1.2240650653839111,933
1.2366933822631836,940
1.2491786479949951,946
1.2622716426849365,952
1.2742016315460205,957
1.2870335578918457,962
1.2987902164459229,966
1.3114562034606934,970
1.3234610557556152,974
1.3366780281066895,976
1.3490815162658691,980
1.3627440929412842,982
1.3743650913238525,984
1.3872966766357422,986
1.3992550373077393,987
1.4119858741760254,988
1.4242761135101318,990
1.4372053146362305,991
1.4492669105529785,992
1.4623305797576904,992
1.4794912338256836,993
1.494128942489624,993
1.5061919689178467,994
1.518369436264038,994
1.5302989482879639,994
1.5442836284637451,994
1.5562236309051514,994
1.56827712059021,994
1.5800855159759521,994
1.5938940048217773,994
1.6058945655822754,994
1.6179120540618896,994
1.6295247077941895,994
1.643505573272705,994
1.6551291942596436,994
1.66707444190979,994
1.6791942119598389,994
1.6929833889007568,994
1.7048733234405518,994
1.7166101932525635,994
1.728994607925415,994
1.7428200244903564,994
1.7545130252838135,994
1.7661004066467285,994
1.7779078483581543,994
1.7904577255249023,994
1.8031466007232666,994
1.8150007724761963,994
1.826946496963501,994
1.8398890495300293,994
1.8527116775512695,994
1.8643572330474854,994
1.882394790649414,994
1.8958959579467773,994
1.908221960067749,994
1.920039176940918,994
1.932650089263916,994
1.9450013637542725,994
1.9569342136383057,994
1.969273328781128,994
1.9819653034210205,994
1.9948961734771729,994
2.0065746307373047,994
2.0189919471740723,994
2.0320003032684326,994
2.0448484420776367,994
2.0564916133880615,994
2.068729877471924,994
2.081324815750122,994
2.094656467437744,994
2.1064469814300537,994
2.1187214851379395,994
2.1308646202087402,994
2.143400192260742,994
2.1561243534088135,994
2.167860269546509,994
2.1794817447662354,994
2.192488670349121,994
2.205278158187866,994
2.217177391052246,994
2.229065418243408,994
2.2418367862701416,994
2.2545223236083984,994
2.265962600708008,994
2.284888744354248,994
2.297853708267212,994
2.3095498085021973,994
2.322603702545166,994
2.3342535495758057,994
2.3455190658569336,994
2.358597755432129,994
2.3704302310943604,994
2.3828978538513184,994
2.394613265991211,994
2.4069149494171143,994
2.4239211082458496,994
2.435563802719116,994
2.448012351989746,994
2.4698596000671387,994
2.4891533851623535,994
2.5088436603546143,994
2.5289182662963867,994
2.5503082275390625,994
2.5702264308929443,994
2.5902609825134277,994
2.6075499057769775,994
2.6259090900421143,994
2.6374244689941406,994
2.649367094039917,994
2.674504280090332,994
2.6933798789978027,994
2.7072718143463135,994
2.7192134857177734,994
2.7330899238586426,994
2.7450497150421143,994
2.7569077014923096,994
2.7690632343292236,994
2.7825303077697754,994
2.794308662414551,994
2.806236743927002,994
2.8186092376708984,994
2.832240104675293,994
2.8440911769866943,994
2.8559556007385254,994
2.868040084838867,994
2.881824254989624,994
2.8945534229278564,994
2.9064276218414307,994
2.918661117553711,994
2.932661294937134,994
2.9443652629852295,994
2.9563815593719482,994
2.968647003173828,994
2.9819047451019287,994
2.9941489696502686,994
3.005971908569336,994
