0.00894021987915039,0
0.014309167861938477,0
0.026569366455078125,2
0.04013681411743164,6
0.05289149284362793,10
0.06503129005432129,16
0.07691836357116699,22
0.08988666534423828,30
0.10252022743225098,37
0.11432600021362305,44
0.1265428066253662,52
0.14009618759155273,62
0.152968168258667,71
0.1651749610900879,81
0.17712140083312988,90
0.19014668464660645,99
0.2030959129333496,110
0.2150413990020752,118
0.22689247131347656,127
0.2399890422821045,138
0.25304603576660156,148
0.2726633548736572,164
0.28475236892700195,174
0.2973358631134033,185
0.30936646461486816,195
0.32245588302612305,205
0.33443689346313477,215
0.3469672203063965,224
0.35909414291381836,236
0.3724033832550049,246
0.3843514919281006,256
0.39736437797546387,268
0.4095337390899658,278
0.4218878746032715,288
0.434267520904541,298
0.4472191333770752,309
0.4592475891113281,319
0.47228550910949707,329
0.4843878746032715,339
0.49727296829223633,351
0.5093338489532471,361
0.5226168632507324,371
0.5345802307128906,381
0.5479233264923096,393
0.5594809055328369,403
0.572357177734375,413
0.5842349529266357,423
0.5972464084625244,435
0.6092662811279297,445
0.6222507953643799,455
0.6343505382537842,465
0.64727783203125,477
0.6593635082244873,492
0.6794078350067139,504
0.6926138401031494,514
0.7050573825836182,526
0.717160701751709,536
0.7290704250335693,546
0.7419319152832031,556
0.7552275657653809,568
0.7672402858734131,578
0.7792980670928955,588
0.792323112487793,598
0.8049790859222412,608
0.8170549869537354,620
0.8291285037994385,630
0.8419950008392334,640
0.8558814525604248,652
0.8674478530883789,662
0.8794395923614502,672
0.8924689292907715,682
0.9050774574279785,694
0.9172751903533936,704
0.9294521808624268,714
0.9424397945404053,724
0.9550855159759521,736
0.9673845767974854,746
0.9794578552246094,756
0.9924352169036865,766
1.0050950050354004,778
1.0171551704406738,788
1.0292768478393555,798
1.0415401458740234,808
1.0551068782806396,820
1.0738961696624756,835
1.0862128734588623,846
1.099052906036377,857
1.1130714416503906,869
1.1251325607299805,879
1.1371533870697021,889
1.1491305828094482,899
1.1633000373840332,910
1.175290822982788,919
1.1873183250427246,928
1.199486255645752,936
1.213416576385498,946
1.2252049446105957,953
1.2373464107513428,960
1.249424695968628,966
1.2641849517822266,974
1.276324987411499,979
1.2886390686035156,984
1.3014066219329834,989
1.3146452903747559,992
1.327117681503296,996
1.3391997814178467,999
1.3524391651153564,1002
1.3649213314056396,1003
1.3770930767059326,1005
1.398611307144165,1007
1.4192910194396973,1008
1.432800054550171,1008
1.444960355758667,1008
1.4570872783660889,1008
1.4765934944152832,1008
1.4891746044158936,1008
1.5027153491973877,1008
1.5151469707489014,1008
1.527261734008789,1008
1.5392847061157227,1008
1.5523881912231445,1008
1.5650897026062012,1008
1.577042579650879,1008
1.5893104076385498,1008
1.6024830341339111,1008
1.615128517150879,1008
1.6271772384643555,1008
1.6392571926116943,1008
1.6522977352142334,1008
1.6651954650878906,1008
1.679075002670288,1008
1.692467451095581,1008
1.7043681144714355,1008
1.7173874378204346,1008
1.7294740676879883,1008
1.742701768875122,1008
1.7545289993286133,1008
1.767308235168457,1008
1.779416799545288,1008
1.7925293445587158,1008
1.8047926425933838,1008
1.817549705505371,1008
1.8294460773468018,1008
1.8425049781799316,1008
1.8544604778289795,1008
1.8748111724853516,1008
1.8870632648468018,1008
1.899491548538208,1008
1.9125430583953857,1008
1.9253640174865723,1008
1.9373459815979004,1008
1.9494819641113281,1008
1.9625871181488037,1008
1.9750216007232666,1008
1.9871573448181152,1008
1.999236822128296,1008
2.012247085571289,1008
2.025024175643921,1008
2.037048101425171,1008
2.0494437217712402,1008
2.062462329864502,1008
2.0749003887176514,1008
2.086977243423462,1008
2.099259614944458,1008
2.112525463104248,1008
2.125032424926758,1008
2.1370368003845215,1008
2.149217367172241,1008
2.1620569229125977,1008
2.1750853061676025,1008
2.18715763092041,1008
2.19929575920105,1008
2.212447166442871,1008
2.225299835205078,1008
2.237347364425659,1008
2.249497652053833,1008
2.2625231742858887,1008
2.2819724082946777,1008
2.2944514751434326,1008
2.3064124584198,1008
2.3188869953155518,1008
2.3326117992401123,1008
2.3446590900421143,1008
2.3566646575927734,1008
2.3690569400787354,1008
2.3827929496765137,1008
2.4085636138916016,1008
2.4259674549102783,1008
2.439183473587036,1008
2.4524271488189697,1008
2.464493989944458,1008
2.4764492511749268,1008
2.4893712997436523,1008
2.502474069595337,1008
2.5142886638641357,1008
2.5265095233917236,1008
2.5394375324249268,1008
2.552593231201172,1008
2.564434766769409,1008
2.5767383575439453,1008
2.5901763439178467,1008
2.6032469272613525,1008
2.6150341033935547,1008
2.626727819442749,1008
2.6395103931427,1008
2.6526124477386475,1008
2.687215805053711,1008
2.714747190475464,1008
2.734736919403076,1008
2.747145414352417,1008
2.7591357231140137,1008
2.772347927093506,1008
2.793478488922119,1008
2.813211679458618,1008
2.8292598724365234,1008
2.843128204345703,1008
2.8559443950653076,1008
2.8682920932769775,1008
2.880204439163208,1008
2.8995752334594727,1008
2.9240529537200928,1008
2.9400620460510254,1008
2.9531314373016357,1008
2.964933395385742,1008
2.977121114730835,1008
2.990215301513672,1008
3.009964942932129,1008
