0.01006627082824707,0
0.020916461944580078,1
0.026103496551513672,1
0.03095841407775879,2
0.03635072708129883,3
0.04066944122314453,4
0.045452117919921875,6
0.05038094520568848,7
0.05654621124267578,10
0.060887813568115234,11
0.06608366966247559,14
0.0707864761352539,16
0.07596707344055176,19
0.08048295974731445,21
0.0848846435546875,25
0.09009695053100586,27
0.09476518630981445,31
0.09988164901733398,33
0.10590839385986328,37
0.1104578971862793,39
0.1148674488067627,43
0.11992931365966797,45
0.1245882511138916,48
0.12966084480285645,52
0.13407492637634277,55
0.13939189910888672,58
0.14378905296325684,62
0.1492936611175537,65
0.15366291999816895,71
0.15972328186035156,74
0.1643362045288086,77
0.1694350242614746,81
0.17382049560546875,84
0.17917609214782715,87
0.1835639476776123,92
0.18886756896972656,95
0.19327569007873535,99
0.19872355461120605,103
0.2031850814819336,107
0.2092602252960205,111
0.2136702537536621,115
0.2189927101135254,118
0.22340059280395508,123
0.22871780395507812,126
0.23317217826843262,131
0.23933982849121094,134
0.2437429428100586,139
0.2492389678955078,142
0.25362133979797363,149
0.25986695289611816,155
0.2708570957183838,162
0.2774209976196289,165
0.2817196846008301,170
0.2873218059539795,173
0.2917466163635254,178
0.2973198890686035,181
0.3016190528869629,186
0.30703091621398926,191
0.3123970031738281,195
0.31761765480041504,199
0.32192325592041016,203
0.32750916481018066,208
0.3317887783050537,211
0.33722424507141113,215
0.3415648937225342,219
0.3469967842102051,223
0.35108137130737305,226
0.35646581649780273,231
0.36173391342163086,236
0.36718010902404785,239
0.3714301586151123,244
0.376939058303833,248
0.3810572624206543,251
0.3865063190460205,256
0.3909568786621094,259
0.39637136459350586,265
0.40069007873535156,268
0.4058513641357422,273
0.41120243072509766,278
0.41678881645202637,281
0.4209403991699219,285
0.42638707160949707,289
0.4306919574737549,293
0.43584728240966797,307
0.44974493980407715,309
0.4544386863708496,315
0.4644598960876465,325
0.4745213985443115,333
0.48447537422180176,343
0.4954240322113037,352
0.5063619613647461,360
0.518657922744751,369
0.5289106369018555,377
0.5372233390808105,384
0.5491735935211182,394
0.5574183464050293,404
0.5677835941314697,413
0.5776157379150391,421
0.5875046253204346,426
0.5918030738830566,429
0.5972702503204346,433
0.6015534400939941,438
0.6069862842559814,441
0.611074686050415,445
0.6165118217468262,450
0.6208107471466064,453
0.6260032653808594,467
0.6396844387054443,473
0.6478643417358398,480
0.6569983959197998,483
0.6617295742034912,494
0.6736164093017578,499
0.6791722774505615,502
0.6835627555847168,509
0.6898765563964844,512
0.6945548057556152,517
0.6997714042663574,521
0.7044274806976318,524
0.7095162868499756,529
0.7139010429382324,533
0.7194280624389648,538
0.7238070964813232,541
0.7291309833526611,545
0.7335247993469238,549
0.7395093441009521,555
0.7438976764678955,558
0.7494285106658936,563
0.7538659572601318,567
0.7591958045959473,570
0.763603925704956,575
0.7689123153686523,579
0.7733025550842285,583
0.778588056564331,587
0.7829906940460205,592
0.7890655994415283,595
0.7934892177581787,601
0.7987902164459229,604
0.803229570388794,609
0.8086888790130615,613
0.8131003379821777,617
0.8180627822875977,621
0.8226733207702637,626
0.8277451992034912,629
0.832068920135498,633
0.8374524116516113,638
0.8428375720977783,643
0.8480021953582764,646
0.8526210784912109,650
0.8577432632446289,655
0.8620896339416504,658
0.8676152229309082,663
0.8719182014465332,667
0.8773148059844971,670
0.8816263675689697,675
0.8870508670806885,680
0.8920192718505859,684
0.8974144458770752,687
0.9016847610473633,692
0.9071295261383057,697
0.9123947620391846,701
0.9175684452056885,706
0.9218564033508301,709
0.9274086952209473,713
0.9316821098327637,717
0.9370992183685303,723
0.9424126148223877,726
0.9476091861724854,731
0.9519143104553223,735
0.9573366641998291,738
0.9616332054138184,743
0.9670414924621582,747
0.9711465835571289,751
0.9770634174346924,755
0.9811892509460449,760
0.9869542121887207,765
0.9920506477355957,769
0.9974648952484131,773
1.0017623901367188,777
1.007153034210205,781
1.0112361907958984,785
1.016787052154541,789
1.0208885669708252,792
1.0260560512542725,797
1.0305707454681396,801
1.0349769592285156,806
1.0400283336639404,809
1.0460894107818604,815
1.0507683753967285,818
1.055964708328247,823
1.060492992401123,826
1.069664478302002,837
1.0769994258880615,840
1.0811762809753418,845
1.0869224071502686,848
1.0919954776763916,853
1.0975534915924072,859
1.1018540859222412,862
1.107450008392334,865
1.111729383468628,871
1.1171379089355469,874
1.1212313175201416,879
1.1268155574798584,882
1.1309614181518555,885
1.1363859176635742,891
1.1406457424163818,896
1.1469769477844238,899
1.1510748863220215,903
1.1564655303955078,908
1.1607744693756104,911
1.165994644165039,916
1.1706616878509521,920
1.1754403114318848,925
1.1801016330718994,928
1.1847691535949707,933
1.1898760795593262,937
1.1959741115570068,942
1.2005152702331543,945
1.2049436569213867,950
1.2099921703338623,954
1.214606761932373,959
1.219663381576538,962
1.2240452766418457,965
1.229504108428955,971
1.2338852882385254,974
1.239370584487915,979
1.2447357177734375,984
1.2498044967651367,988
1.2544524669647217,991
1.259551763534546,996
1.2639296054840088,999
1.269261121749878,1003
1.2736868858337402,1008
1.2790448665618896,1011
1.2834961414337158,1016
1.2890279293060303,1018
1.2934503555297852,1022
1.2995107173919678,1025
1.3039469718933105,1027
1.3092899322509766,1028
1.3136844635009766,1030
1.319031000137329,1031
1.3234474658966064,1033
1.3287746906280518,1033
1.3332030773162842,1033
1.338512897491455,1034
1.3428735733032227,1033
1.3491511344909668,1033
1.353559970855713,1032
1.3589084148406982,1031
1.3633317947387695,1029
1.3688201904296875,1028
1.3732185363769531,1026
1.378521203994751,1025
1.3828403949737549,1023
1.3879115581512451,1021
1.392441987991333,1018
1.3986093997955322,1016
1.4030554294586182,1013
1.4085173606872559,1011
1.4128923416137695,1008
1.4179086685180664,1005
1.4224331378936768,1003
1.4276041984558105,999
1.4319024085998535,997
1.4372999668121338,995
1.4415907859802246,992
1.4477119445800781,989
1.4520366191864014,988
1.4573969841003418,987
1.461690902709961,985
1.4719860553741455,983
1.479130744934082,983
1.4835121631622314,983
1.4890167713165283,984
1.493459701538086,985
1.4997410774230957,986
1.5043928623199463,987
1.509490966796875,989
1.5138664245605469,991
1.5196893215179443,992
1.524104118347168,994
1.5295720100402832,997
1.533951759338379,998
1.53928542137146,1000
1.543654441833496,1003
1.5497958660125732,1006
1.5545175075531006,1008
1.5596299171447754,1010
1.5640325546264648,1011
1.5693602561950684,1012
1.5737762451171875,1013
1.5791573524475098,1014
1.583570957183838,1015
1.5891320705413818,1015
1.5935511589050293,1014
1.5997364521026611,1013
1.604468822479248,1013
1.6095752716064453,1011
1.6139907836914062,1010
1.619333028793335,1009
1.623762607574463,1007
1.6292645931243896,1005
1.63370680809021,1003
1.6390750408172607,1001
1.6435034275054932,999
1.6489920616149902,996
1.654456377029419,994
1.6595745086669922,991
1.6639797687530518,990
1.6692883968353271,989
1.6737096309661865,988
1.6790642738342285,987
1.6834790706634521,987
1.6889517307281494,987
1.6933929920196533,987
1.6987435817718506,988
1.7039191722869873,989
1.709406852722168,990
1.7138094902038574,991
1.7191448211669922,992
1.7235596179962158,994
1.728902816772461,996
1.7332994937896729,998
1.7386157512664795,1000
1.7430603504180908,1003
1.7480478286743164,1004
1.7536354064941406,1007
1.7591869831085205,1008
1.763617753982544,1009
1.769134283065796,1010
1.773557424545288,1011
1.7789051532745361,1011
1.783346176147461,1011
1.7887039184570312,1011
1.7931544780731201,1011
1.7985379695892334,1010
1.8036820888519287,1009
1.8090615272521973,1008
1.8135147094726562,1007
1.8188691139221191,1005
1.8233203887939453,1003
1.828897476196289,1002
1.8333308696746826,999
1.8386716842651367,998
1.8431098461151123,995
1.8480768203735352,994
1.8534893989562988,992
1.8588709831237793,991
1.8632900714874268,991
1.8730270862579346,990
1.880441427230835,990
1.8848860263824463,991
1.8904833793640137,991
1.8949058055877686,993
1.9003920555114746,994
1.9109086990356445,997
1.9163308143615723,999
1.9206416606903076,1001
1.9254145622253418,1003
1.9303765296936035,1005
1.9348640441894531,1007
1.9399452209472656,1009
1.944603443145752,1010
1.9498467445373535,1010
1.956026554107666,1011
1.9606211185455322,1011
1.9654133319854736,1011
1.9703354835510254,1010
1.9747686386108398,1009
1.9798519611358643,1009
1.9845144748687744,1007
1.9895858764648438,1006
1.9940276145935059,1005
1.9993536472320557,1003
2.003763198852539,1000
2.009882926940918,999
2.0145108699798584,996
2.0199332237243652,995
2.0245704650878906,993
2.0296363830566406,992
2.034013032913208,991
2.0393223762512207,991
2.043760299682617,991
2.0491018295288086,991
2.0535054206848145,991
2.059530019760132,991
2.0638983249664307,992
2.069377899169922,994
2.07377028465271,995
2.0790741443634033,996
2.083475112915039,998
2.0887794494628906,999
2.0932085514068604,1002
2.0985515117645264,1004
2.1030046939849854,1006
2.1089749336242676,1007
2.11344313621521,1009
2.118727445602417,1010
2.1231648921966553,1011
2.128661632537842,1011
2.133079767227173,1011
2.138044834136963,1011
2.1427838802337646,1011
2.147949457168579,1011
2.1525356769561768,1010
2.1587717533111572,1009
2.163205146789551,1007
2.168431043624878,1006
2.1728389263153076,1004
2.177858352661133,1002
2.1823654174804688,1001
2.1877713203430176,998
2.1920690536499023,997
2.197465419769287,994
2.201786518096924,993
2.207219123840332,991
2.212655544281006,989
2.217731475830078,989
2.222017765045166,989
2.2273967266082764,989
2.23165225982666,989
2.237060785293579,989
2.2411932945251465,989
2.246910810470581,990
2.2510433197021484,991
2.256455183029175,993
2.261631727218628,995
2.2670226097106934,998
2.2790372371673584,1001
2.2834994792938232,1003
2.2890048027038574,1005
2.2934539318084717,1007
2.2989683151245117,1008
2.3034095764160156,1009
2.3090107440948486,1011
2.3144335746765137,1011
2.3195533752441406,1011
2.3239798545837402,1011
2.3292996883392334,1010
2.3336915969848633,1009
2.339038848876953,1009
2.3434832096099854,1007
2.3488287925720215,1006
2.3532440662384033,1004
2.3586080074310303,1002
2.3638155460357666,1001
2.369304656982422,999
2.37369441986084,996
2.379054069519043,995
2.3834502696990967,993
2.3887524604797363,991
2.3931589126586914,990
2.3980908393859863,989
2.402766704559326,989
2.407942295074463,989
2.4134373664855957,989
2.418733596801758,989
2.4231393337249756,990
2.4285812377929688,991
2.4330172538757324,992
2.43796443939209,993
2.4425363540649414,994
2.447695255279541,996
2.4519927501678467,997
2.4573910236358643,999
2.4628312587738037,1003
2.4678585529327393,1005
2.4724185466766357,1006
2.4776110649108887,1009
2.481929063796997,1010
2.487510919570923,1011
2.4918148517608643,1012
2.4972593784332275,1013
2.50156569480896,1013
2.507002830505371,1013
2.5110960006713867,1013
2.5176141262054443,1012
2.5219342708587646,1011
2.5273420810699463,1011
2.5316569805145264,1009
2.53725266456604,1008
2.5415725708007812,1006
2.547196388244629,1005
2.5514509677886963,1003
2.55745267868042,1000
2.5617806911468506,997
2.5679402351379395,996
2.572641611099243,994
2.577744245529175,992
2.582026243209839,991
2.587380886077881,991
2.5916576385498047,989
2.5970356464385986,989
2.6011693477630615,989
2.60691499710083,989
2.6110310554504395,990
2.6174027919769287,991
2.6216726303100586,992
2.6270971298217773,993
2.6311841011047363,995
2.6367716789245605,996
2.6409342288970947,998
2.646106004714966,1000
2.650634288787842,1002
2.655466079711914,1004
2.6604249477386475,1006
2.666961431503296,1007
2.677074909210205,1010
2.6835503578186035,1011
2.6890721321105957,1011
2.6935200691223145,1010
2.699045419692993,1010
2.70345401763916,1009
2.7089266777038574,1008
2.713369131088257,1007
2.7194156646728516,1005
2.72381329536438,1004
2.7293028831481934,1003
2.733747959136963,1000
2.739079236984253,999
2.743476629257202,996
2.7487950325012207,995
2.753194570541382,993
2.758434534072876,992
2.762852191925049,991
2.7688252925872803,991
2.773233413696289,991
2.778513193130493,991
2.7828428745269775,991
2.7880468368530273,992
2.7927463054656982,993
2.8008275032043457,995
2.8060226440429688,997
2.816483497619629,1000
2.8217501640319824,1002
2.8271899223327637,1004
2.8314626216888428,1006
2.836975336074829,1007
2.841090202331543,1009
2.8469479084014893,1009
2.8511054515838623,1010
2.8567819595336914,1010
2.860912322998047,1010
2.866076707839966,1010
2.8716464042663574,1009
2.877046823501587,1009
2.881164312362671,1007
2.8867619037628174,1007
2.8909013271331787,1005
2.896099090576172,1004
2.9006454944610596,1002
2.905439615249634,1000
2.9113924503326416,998
2.9168670177459717,995
2.921987533569336,994
2.9275588989257812,992
2.9318325519561768,991
2.937253952026367,991
2.9415500164031982,990
2.94697642326355,990
2.951045036315918,990
2.9564626216888428,991
2.9607627391815186,991
2.9659643173217773,992
2.9716382026672363,993
2.9770476818084717,995
2.9811935424804688,996
2.9867641925811768,997
2.9908998012542725,999
2.996065139770508,1001
