0.00882101058959961,0
0.027548551559448242,1
0.03972220420837402,3
0.0515439510345459,7
0.06827712059020996,15
0.08821725845336914,24
0.10825109481811523,32
0.12692737579345703,43
0.1554872989654541,57
0.1735532283782959,67
0.19168949127197266,76
0.20354247093200684,84
0.21493005752563477,89
0.22737669944763184,95
0.2394123077392578,102
0.2502169609069824,107
0.2613794803619385,113
0.27223944664001465,119
0.28412652015686035,125
0.297335147857666,130
0.3083457946777344,136
0.3197643756866455,141
0.3310365676879883,146
0.34351038932800293,152
0.354569673538208,156
0.36636948585510254,161
0.3778531551361084,165
0.3897428512573242,170
0.40073370933532715,174
0.41222262382507324,179
0.4236617088317871,183
0.43734216690063477,187
0.4484841823577881,191
0.45973730087280273,195
0.4714064598083496,199
0.482438325881958,203
0.49479103088378906,206
0.506866455078125,210
0.5180714130401611,213
0.5292870998382568,216
0.5436716079711914,221
0.5569994449615479,224
0.5682692527770996,227
0.5797605514526367,230
0.5918896198272705,233
0.6033742427825928,236
0.6141862869262695,239
0.6267132759094238,241
0.637831449508667,244
0.6497812271118164,246
0.6615231037139893,249
0.6726713180541992,251
0.6841506958007812,253
0.6975080966949463,256
0.7078714370727539,258
0.719965934753418,260
0.7316305637359619,262
0.7438299655914307,265
0.755523681640625,267
0.7679028511047363,269
0.7795436382293701,271
0.7904453277587891,272
0.8027102947235107,274
0.8139326572418213,276
0.8256728649139404,278
0.8374595642089844,279
0.849970817565918,281
0.8616330623626709,283
0.8727200031280518,284
0.8841264247894287,286
0.8978161811828613,287
0.9089362621307373,289
0.9198410511016846,290
0.9317789077758789,291
0.9481198787689209,293
0.9598782062530518,295
0.9716887474060059,296
0.9834866523742676,297
0.9955410957336426,298
1.007469654083252,300
1.019819974899292,301
1.0316243171691895,302
1.0428786277770996,303
1.0556457042694092,304
1.0669217109680176,305
1.079409122467041,306
1.0901880264282227,307
1.1023504734039307,308
1.113743543624878,309
1.1254096031188965,310
1.1376416683197021,311
1.1499552726745605,312
1.1615691184997559,313
1.1726832389831543,313
1.1841621398925781,314
1.1957557201385498,315
1.2089080810546875,316
1.2198350429534912,317
1.231652021408081,317
1.2426350116729736,318
1.2556736469268799,319
1.2677347660064697,319
1.279296636581421,320
1.2902400493621826,321
1.3023004531860352,321
1.3137376308441162,322
1.3250510692596436,323
1.3358354568481445,323
1.3528385162353516,324
1.3641688823699951,325
1.375816822052002,325
1.387789249420166,325
1.398613691329956,326
1.4118146896362305,327
1.4229340553283691,327
1.434027910232544,327
1.4455029964447021,328
1.4585576057434082,328
1.4701831340789795,329
1.4816243648529053,329
1.492201805114746,330
1.5050601959228516,330
1.5174810886383057,331
1.5285398960113525,331
1.5403928756713867,331
1.5517308712005615,332
1.5638387203216553,332
1.5755319595336914,332
1.587785005569458,333
1.598649263381958,333
1.6114721298217773,333
1.6224312782287598,334
1.633803129196167,334
1.645507574081421,334
1.6583001613616943,335
1.6696069240570068,335
1.6803128719329834,335
1.6915953159332275,335
1.703477144241333,335
1.7155022621154785,336
1.7279033660888672,336
1.7394628524780273,337
1.7539193630218506,337
1.7675065994262695,337
1.7786459922790527,337
1.7899141311645508,337
1.8015573024749756,337
1.8126168251037598,338
1.8257784843444824,338
1.8375475406646729,338
1.8493714332580566,338
1.861457347869873,338
1.8722221851348877,338
1.8836541175842285,339
1.8955068588256836,339
1.907855749130249,339
1.9199442863464355,339
1.9315202236175537,339
1.9426655769348145,339
1.9539802074432373,339
1.9676666259765625,340
1.9784927368164062,340
1.9902093410491943,340
2.001044273376465,340
2.013763427734375,340
2.0255863666534424,340
2.041383743286133,340
2.052426338195801,340
2.0649352073669434,340
2.076378345489502,340
2.087508201599121,340
2.098803997039795,340
2.1098499298095703,340
2.1223199367523193,340
2.133715867996216,340
2.1494579315185547,340
2.1603829860687256,340
2.1726973056793213,340
2.184183120727539,340
2.1964163780212402,340
2.2077908515930176,340
2.219888210296631,340
2.231013774871826,340
2.2422854900360107,340
2.2535994052886963,340
2.2668161392211914,340
2.2778451442718506,340
2.2893989086151123,340
2.3002028465270996,340
2.31164813041687,340
2.323741912841797,340
2.3349366188049316,340
2.345831871032715,340
2.358416795730591,340
2.3702633380889893,340
2.3816215991973877,340
2.392733573913574,340
2.4041025638580322,340
2.4158506393432617,340
2.428731679916382,340
2.4399335384368896,340
2.45180344581604,340
2.462686538696289,340
2.475350856781006,340
2.487013578414917,340
2.4981770515441895,340
2.5094258785247803,340
2.5207931995391846,340
2.531947135925293,340
2.5435335636138916,340
2.5589611530303955,340
2.5714328289031982,340
2.5830256938934326,340
2.594224452972412,340
2.605803966522217,340
2.617565631866455,340
2.6297430992126465,340
2.6406311988830566,340
2.651970863342285,340
2.6635193824768066,340
2.6757218837738037,340
2.6876869201660156,340
2.698995590209961,340
2.710207939147949,340
2.7217676639556885,340
2.733532190322876,340
2.745500326156616,340
2.7575154304504395,340
2.769287586212158,340
2.7816600799560547,340
2.79258394241333,340
2.803861141204834,340
2.815441370010376,340
2.8278868198394775,340
2.8394033908843994,340
2.850208044052124,340
2.861614465713501,340
2.8726847171783447,340
2.8848962783813477,340
2.896925687789917,340
2.908252477645874,340
2.9195098876953125,340
2.931532382965088,340
2.9424383640289307,340
2.957507848739624,340
2.969932794570923,340
2.982346296310425,340
2.993755578994751,340
3.004929304122925,340
