0.00880575180053711,0
0.012322187423706055,0
0.024650096893310547,1
0.037868499755859375,5
0.04938244819641113,8
0.06030678749084473,14
0.07181048393249512,20
0.0842750072479248,28
0.09685420989990234,39
0.11278843879699707,48
0.12476682662963867,56
0.13799762725830078,68
0.1495532989501953,76
0.16085362434387207,86
0.17174482345581055,94
0.18398165702819824,106
0.1965782642364502,116
0.20788097381591797,127
0.2192237377166748,136
0.23145127296447754,146
0.24292445182800293,157
0.2548253536224365,168
0.26706361770629883,179
0.27821946144104004,190
0.29064249992370605,200
0.3015916347503662,210
0.3131880760192871,220
0.3260228633880615,233
0.33795976638793945,244
0.34917688369750977,253
0.36083006858825684,264
0.3718531131744385,274
0.3845558166503906,284
0.39672327041625977,293
0.40801000595092773,302
0.4201793670654297,310
0.4316580295562744,317
0.44920897483825684,328
0.4602952003479004,334
0.4718339443206787,340
0.483320951461792,346
0.5108129978179932,354
0.5296370983123779,358
0.5493831634521484,362
0.5674452781677246,365
0.5891282558441162,367
0.6088104248046875,368
0.6266701221466064,368
0.6432559490203857,368
0.6611897945404053,368
0.6733500957489014,368
0.6861867904663086,368
0.7027091979980469,368
0.7228648662567139,368
0.737328290939331,368
0.74900221824646,368
0.7606759071350098,368
0.7729752063751221,368
0.7847604751586914,368
0.797069787979126,368
0.8088128566741943,368
0.821058988571167,368
0.832303524017334,368
0.8437826633453369,368
0.8560547828674316,368
0.8685312271118164,368
0.8800151348114014,368
0.8913331031799316,368
0.9073810577392578,368
0.9195888042449951,368
0.9310393333435059,368
0.9421055316925049,368
0.953498125076294,368
0.9660594463348389,368
0.9785356521606445,368
0.989966869354248,368
1.0011632442474365,368
1.0127596855163574,368
1.025604248046875,368
1.0373001098632812,368
1.0488641262054443,368
1.059858798980713,368
1.0719175338745117,368
1.0832221508026123,368
1.09501051902771,368
1.1073541641235352,368
1.1188054084777832,368
1.1308443546295166,368
1.1418921947479248,368
1.1533381938934326,368
1.1660797595977783,368
1.1778771877288818,368
1.1892869472503662,368
1.2006378173828125,368
1.211482048034668,368
1.2241809368133545,368
1.2363152503967285,368
1.2479195594787598,368
1.259122610092163,368
1.2708837985992432,368
1.283130407333374,368
1.2950553894042969,368
1.3107445240020752,368
1.3217122554779053,368
1.3345935344696045,368
1.3468468189239502,368
1.3580875396728516,368
1.369598388671875,368
1.3816218376159668,368
1.3931355476379395,368
1.405998945236206,368
1.4180643558502197,368
1.4299628734588623,368
1.443364143371582,368
1.455606460571289,368
1.4674489498138428,368
1.4796576499938965,368
1.4909207820892334,368
1.5016143321990967,368
1.5132451057434082,368
1.5261914730072021,368
1.5386900901794434,368
1.5497260093688965,368
1.561044692993164,368
1.5720679759979248,368
1.5848405361175537,368
1.5970046520233154,368
1.6082324981689453,368
1.6195554733276367,368
1.6307919025421143,368
1.642632007598877,368
1.6545984745025635,368
1.6668386459350586,368
1.678016185760498,368
1.6902148723602295,368
1.7065684795379639,368
1.7180163860321045,368
1.7296528816223145,368
1.7417502403259277,368
1.7532322406768799,368
1.7660396099090576,368
1.7774386405944824,368
1.7895395755767822,368
1.8008456230163574,368
1.8117008209228516,368
1.8232176303863525,368
1.8370246887207031,368
1.8487145900726318,368
1.8598380088806152,368
1.8711674213409424,368
1.8825910091400146,368
1.8956446647644043,368
1.9074621200561523,368
1.918877363204956,368
1.930053472518921,368
1.9421052932739258,368
1.9538097381591797,368
1.9662742614746094,368
1.9777257442474365,368
1.989729642868042,368
2.0010244846343994,368
2.0122766494750977,368
2.023772716522217,368
2.036118507385254,368
2.048902750015259,368
2.060087203979492,368
2.071803331375122,368
2.0831704139709473,368
2.096766233444214,368
2.11179256439209,368
2.123337507247925,368
2.1367363929748535,368
2.148904323577881,368
2.1601040363311768,368
2.1715526580810547,368
2.1831159591674805,368
2.196829080581665,368
2.2079358100891113,368
2.2192437648773193,368
2.230635166168213,368
2.2426910400390625,368
2.2546651363372803,368
2.2666990756988525,368
2.2778377532958984,368
2.289259672164917,368
2.30131196975708,368
2.3129234313964844,368
2.3246102333068848,368
2.3368451595306396,368
2.349149465560913,368
2.3603017330169678,368
2.372030735015869,368
2.3833794593811035,368
2.3970947265625,368
2.4086756706237793,368
2.420804500579834,368
2.4316749572753906,368
2.443253993988037,368
2.456941843032837,368
2.4681267738342285,368
2.4793262481689453,368
2.490879535675049,368
2.503282308578491,368
2.5199906826019287,368
2.5315632820129395,368
2.5431594848632812,368
2.5567054748535156,368
2.5679476261138916,368
2.579209804534912,368
2.5907704830169678,368
2.6027612686157227,368
2.6147522926330566,368
2.6267759799957275,368
2.638096570968628,368
2.650097608566284,368
2.661353588104248,368
2.6730244159698486,368
2.6849019527435303,368
2.6972336769104004,368
2.7092926502227783,368
2.7206952571868896,368
2.73193621635437,368
2.743342399597168,368
2.756864547729492,368
2.768037796020508,368
2.779294490814209,368
2.7907168865203857,368
2.8026561737060547,368
2.8140265941619873,368
2.8267147541046143,368
2.8379323482513428,368
2.8492977619171143,368
2.86137318611145,368
2.8729114532470703,368
2.8840084075927734,368
2.8962759971618652,368
2.9118876457214355,368
2.923434019088745,368
2.936262845993042,368
2.947885036468506,368
2.9601380825042725,368
2.971858263015747,368
2.983283042907715,368
2.9950783252716064,368
3.0079100131988525,368
