0.017732620239257812,0
0.021455764770507812,0
0.033905029296875,2
0.04605579376220703,6
0.05837750434875488,10
0.07001614570617676,16
0.08101534843444824,23
0.09261369705200195,29
0.1052408218383789,36
0.12092041969299316,44
0.13256263732910156,51
0.14547252655029297,56
0.15819883346557617,62
0.16991710662841797,67
0.18108177185058594,72
0.192535400390625,76
0.20520329475402832,83
0.21786141395568848,88
0.22933411598205566,94
0.2410259246826172,98
0.2523934841156006,102
0.26603078842163086,108
0.2772560119628906,113
0.28865599632263184,116
0.3000466823577881,121
0.31207799911499023,126
0.3239140510559082,130
0.33600926399230957,134
0.34725499153137207,138
0.35877442359924316,141
0.37087059020996094,145
0.38236570358276367,149
0.3942434787750244,154
0.4065873622894287,158
0.4189014434814453,161
0.43029069900512695,164
0.44190454483032227,168
0.45372915267944336,172
0.46656203269958496,175
0.4781515598297119,178
0.48985981941223145,181
0.5008375644683838,184
0.5125088691711426,188
0.5294208526611328,192
0.5409948825836182,195
0.5525550842285156,198
0.566187858581543,201
0.5778355598449707,204
0.5893440246582031,206
0.6011919975280762,209
0.6126978397369385,212
0.6267361640930176,215
0.6380224227905273,218
0.6494672298431396,220
0.6608779430389404,222
0.6734659671783447,225
0.6860761642456055,227
0.6972343921661377,230
0.7085800170898438,232
0.7207651138305664,234
0.7324154376983643,236
0.7448348999023438,239
0.756781816482544,240
0.7680845260620117,243
0.7806847095489502,245
0.7921810150146484,247
0.8039889335632324,249
0.8161475658416748,251
0.8285031318664551,253
0.8399672508239746,255
0.8509101867675781,257
0.8623793125152588,258
0.8761506080627441,260
0.8872337341308594,262
0.8986139297485352,264
0.9100115299224854,266
0.9265382289886475,267
0.9384191036224365,269
0.9498822689056396,270
0.960913896560669,271
0.973353385925293,273
0.9858441352844238,275
0.9973697662353516,277
1.008857250213623,278
1.020232915878296,279
1.03232741355896,280
1.0439932346343994,282
1.0560314655303955,283
1.0672423839569092,285
1.0802083015441895,286
1.0914580821990967,287
1.1029739379882812,288
1.115434169769287,290
1.1281673908233643,291
1.1401135921478271,292
1.151231050491333,293
1.1626560688018799,294
1.1752705574035645,296
1.1874001026153564,297
1.1991240978240967,298
1.2105674743652344,299
1.2220938205718994,300
1.2353808879852295,301
1.2469439506530762,302
1.2584519386291504,303
1.2692782878875732,304
1.2817766666412354,305
1.2929787635803223,306
1.305401086807251,306
1.3209455013275146,308
1.3338725566864014,309
1.3460817337036133,310
1.3578407764434814,311
1.3690824508666992,312
1.3814761638641357,312
1.393284559249878,313
1.4059247970581055,314
1.4173247814178467,315
1.4291372299194336,315
1.4418742656707764,316
1.4530158042907715,317
1.4657535552978516,317
1.477219820022583,318
1.4894678592681885,319
1.500837802886963,319
1.5124917030334473,320
1.5253331661224365,321
1.538022756576538,322
1.5491502285003662,322
1.5607008934020996,322
1.5723655223846436,323
1.5860581398010254,324
1.5972750186920166,324
1.608612298965454,325
1.6202127933502197,326
1.632418155670166,326
1.6460137367248535,327
1.6571402549743652,327
1.6685903072357178,328
1.6800932884216309,328
1.6923978328704834,329
1.7048192024230957,330
1.7165415287017822,330
1.7319138050079346,331
1.7454369068145752,331
1.7570981979370117,332
1.7685697078704834,332
1.7801544666290283,332
1.792273998260498,333
1.8048295974731445,334
1.8165521621704102,334
1.8280575275421143,334
1.8391685485839844,335
1.8513715267181396,336
1.8631885051727295,336
1.875417709350586,336
1.887143611907959,336
1.8999104499816895,337
1.911104679107666,337
1.9225828647613525,338
1.935192584991455,338
1.9471769332885742,338
1.9585356712341309,339
1.9700934886932373,339
1.9814846515655518,339
1.9939181804656982,340
2.006016731262207,340
2.017245292663574,340
2.0285701751708984,340
2.040039539337158,341
2.0522377490997314,341
2.063974380493164,342
2.0762393474578857,342
2.087381362915039,342
2.0998897552490234,342
2.110955238342285,342
2.1270639896392822,342
2.1385104656219482,343
2.150801658630371,344
2.1625359058380127,344
2.175293207168579,344
2.1869029998779297,344
2.1989879608154297,344
2.2104601860046387,344
2.2221932411193848,344
2.233933210372925,344
2.245891571044922,344
2.2578911781311035,344
2.2691426277160645,344
2.2807228565216064,345
2.292278528213501,345
2.306189775466919,346
2.317263126373291,346
2.328590154647827,346
2.340238094329834,346
2.352586030960083,346
2.364818811416626,346
2.3762762546539307,347
2.38743257522583,347
2.3988986015319824,347
2.4108023643493652,347
2.4223148822784424,347
2.4348061084747314,348
2.446479558944702,348
2.4588825702667236,348
2.470180034637451,348
2.4812748432159424,348
2.4925382137298584,348
2.5062484741210938,349
2.5180721282958984,349
2.532578945159912,349
2.545715808868408,349
2.558182954788208,349
2.5699849128723145,349
2.581101655960083,349
2.5924644470214844,349
2.6059653759002686,349
2.6171367168426514,349
2.6292288303375244,349
2.640761375427246,349
2.664055824279785,349
2.6826465129852295,349
2.7010459899902344,349
2.7219533920288086,349
2.737417459487915,349
2.7588284015655518,349
2.776787042617798,349
2.796480894088745,349
2.815364122390747,349
2.8323380947113037,349
2.844059944152832,349
2.856328010559082,349
2.87319016456604,349
2.8909780979156494,349
2.906890630722046,349
2.918158531188965,349
2.9353814125061035,349
2.9472107887268066,349
2.958615779876709,349
2.9699931144714355,349
2.9808719158172607,349
2.9929497241973877,349
3.005260705947876,349
