0.00839686393737793,0
0.012224912643432617,0
0.025380373001098633,1
0.03791666030883789,4
0.04921293258666992,9
0.060837745666503906,14
0.07233500480651855,20
0.0861513614654541,29
0.09726786613464355,37
0.11340188980102539,48
0.12607932090759277,58
0.13857817649841309,67
0.1503000259399414,77
0.16178417205810547,87
0.17310523986816406,97
0.186445951461792,107
0.19797587394714355,118
0.2092888355255127,128
0.22085070610046387,137
0.2323763370513916,150
0.24591851234436035,160
0.25708651542663574,171
0.268543004989624,180
0.2802300453186035,191
0.2924466133117676,202
0.3051884174346924,215
0.3166930675506592,224
0.3283207416534424,234
0.3405768871307373,245
0.3521759510040283,255
0.364086389541626,266
0.3762857913970947,274
0.38852930068969727,283
0.40001535415649414,291
0.41091465950012207,299
0.4224519729614258,305
0.4360189437866211,313
0.44844603538513184,319
0.4641990661621094,328
0.4764595031738281,332
0.488919734954834,337
0.5004673004150391,340
0.5173182487487793,345
0.529045581817627,348
0.542046308517456,350
0.5537922382354736,352
0.5663411617279053,354
0.5777378082275391,356
0.5900261402130127,357
0.6010689735412598,358
0.6125433444976807,358
0.6253566741943359,359
0.6370365619659424,359
0.6492669582366943,359
0.6608309745788574,360
0.6723105907440186,360
0.685128927230835,360
0.6972067356109619,360
0.708564043045044,360
0.7200679779052734,360
0.7309234142303467,360
0.7437379360198975,360
0.7561063766479492,360
0.7672476768493652,360
0.7784335613250732,360
0.7898144721984863,360
0.8021683692932129,360
0.8140454292297363,360
0.8262286186218262,360
0.8377749919891357,360
0.8502068519592285,360
0.8612844944000244,360
0.8728725910186768,360
0.8853557109832764,360
0.8977823257446289,360
0.912329912185669,360
0.9253635406494141,360
0.9370102882385254,360
0.9490871429443359,360
0.960270881652832,360
0.9717679023742676,360
0.9833390712738037,360
0.9959163665771484,360
1.0079803466796875,360
1.0191633701324463,360
1.0303552150726318,360
1.041917085647583,360
1.0552902221679688,360
1.0667941570281982,360
1.078192949295044,360
1.0893561840057373,360
1.1017718315124512,360
1.1132676601409912,360
1.1256887912750244,360
1.1369438171386719,360
1.1484174728393555,360
1.1604695320129395,360
1.1721012592315674,360
1.1838805675506592,360
1.1959965229034424,360
1.2080297470092773,360
1.2192182540893555,360
1.2307484149932861,360
1.2421174049377441,360
1.2556397914886475,360
1.266890525817871,360
1.2783536911010742,360
1.2901232242584229,360
1.3010873794555664,360
1.3179659843444824,360
1.3292369842529297,360
1.3407390117645264,360
1.3523728847503662,360
1.365936040878296,360
1.3772382736206055,360
1.3885929584503174,360
1.4000463485717773,360
1.4121899604797363,360
1.4237914085388184,360
1.43636155128479,360
1.448132038116455,360
1.460174798965454,360
1.471869707107544,360
1.483224630355835,360
1.4956891536712646,360
1.5080287456512451,360
1.5192272663116455,360
1.530656337738037,360
1.542403221130371,360
1.5542097091674805,360
1.5671882629394531,360
1.5794131755828857,360
1.5921285152435303,360
1.605137586593628,360
1.617877721786499,360
1.6290509700775146,360
1.6403381824493408,360
1.6520261764526367,360
1.665281057357788,360
1.6766655445098877,360
1.687972068786621,360
1.698610782623291,360
1.7159583568572998,360
1.7272405624389648,360
1.7390646934509277,360
1.7504451274871826,360
1.7625737190246582,360
1.7753758430480957,360
1.7869725227355957,360
1.7984607219696045,360
1.809913158416748,360
1.8223896026611328,360
1.8350715637207031,360
1.846531629562378,360
1.8581080436706543,360
1.8700687885284424,360
1.8808538913726807,360
1.892322301864624,360
1.9106743335723877,360
1.9225640296936035,360
1.935628890991211,360
1.9469070434570312,360
1.9583702087402344,360
1.9705066680908203,360
1.9820916652679443,360
1.9938175678253174,360
2.0060923099517822,360
2.018232822418213,360
2.0294153690338135,360
2.0407519340515137,360
2.052354335784912,360
2.0652852058410645,360
2.0778043270111084,360
2.088855266571045,360
2.1002981662750244,360
2.116288900375366,360
2.1284537315368652,360
2.140009880065918,360
2.1509060859680176,360
2.1623647212982178,360
2.1758410930633545,360
2.187107563018799,360
2.1984260082244873,360
2.2097766399383545,360
2.2213428020477295,360
2.2325663566589355,360
2.245335578918457,360
2.2569093704223633,360
2.2682976722717285,360
2.28045916557312,360
2.291837692260742,360
2.303339719772339,360
2.3160338401794434,360
2.328183889389038,360
2.339320182800293,360
2.3507134914398193,360
2.362130880355835,360
2.3756978511810303,360
2.387028932571411,360
2.3985166549682617,360
2.4099345207214355,360
2.420891761779785,360
2.4338228702545166,360
2.4466733932495117,360
2.4580941200256348,360
2.4694020748138428,360
2.4817941188812256,360
2.4937784671783447,360
2.506049156188965,360
2.520768165588379,360
2.5332190990448,360
2.546072483062744,360
2.557166814804077,360
2.568432331085205,360
2.580333709716797,360
2.5918924808502197,360
2.603679656982422,360
2.6159250736236572,360
2.6280677318573,360
2.639028549194336,360
2.6503427028656006,360
2.661930799484253,360
2.673769950866699,360
2.6867876052856445,360
2.698223114013672,360
2.709926128387451,360
2.720709800720215,360
2.7332546710968018,360
2.745765447616577,360
2.757023572921753,360
2.7682998180389404,360
2.780515670776367,360
2.792177438735962,360
2.803865909576416,360
2.8161563873291016,360
2.8272202014923096,360
2.839862823486328,360
2.850855827331543,360
2.8623194694519043,360
2.8740289211273193,360
2.886345624923706,360
2.8976550102233887,360
2.909064531326294,360
2.9241487979888916,360
2.937084436416626,360
2.9484899044036865,360
2.959923267364502,360
2.9710049629211426,360
2.9836583137512207,360
2.995783567428589,360
3.0071487426757812,360
