0.016890287399291992,0
0.022029876708984375,1
0.03488326072692871,3
0.045847177505493164,6
0.057437896728515625,10
0.07078695297241211,17
0.08313369750976562,24
0.09476876258850098,31
0.10579705238342285,38
0.11748313903808594,46
0.13124346733093262,57
0.14277124404907227,66
0.15422677993774414,76
0.16569089889526367,84
0.17867279052734375,95
0.19144868850708008,105
0.2029874324798584,115
0.21498441696166992,126
0.22607660293579102,136
0.24348855018615723,150
0.2558872699737549,162
0.2675907611846924,175
0.29328012466430664,191
0.31304025650024414,206
0.33106112480163574,220
0.34755921363830566,235
0.3675558567047119,245
0.3843722343444824,256
0.4052705764770508,266
0.42496252059936523,276
0.44228625297546387,285
0.45762038230895996,291
0.4706442356109619,296
0.4873504638671875,302
0.5069580078125,308
0.5214040279388428,312
0.5332887172698975,315
0.5451390743255615,318
0.5574707984924316,320
0.5703186988830566,323
0.5821070671081543,325
0.5936276912689209,327
0.6058831214904785,329
0.6174628734588623,330
0.6303300857543945,333
0.6456766128540039,334
0.6586096286773682,335
0.6711764335632324,336
0.6830205917358398,337
0.6950392723083496,338
0.7069869041442871,339
0.7188370227813721,340
0.7312829494476318,340
0.7427384853363037,341
0.7552084922790527,342
0.7667856216430664,342
0.7781670093536377,343
0.7908978462219238,343
0.8021526336669922,344
0.8151998519897461,344
0.8267114162445068,344
0.8380696773529053,345
0.8508074283599854,345
0.8634240627288818,345
0.8750483989715576,346
0.8862040042877197,346
0.8975675106048584,346
0.9112091064453125,346
0.922691822052002,346
0.9341106414794922,346
0.9454896450042725,347
0.9570610523223877,347
0.9707932472229004,347
0.9821078777313232,347
0.9936416149139404,347
1.0051159858703613,346
1.0174612998962402,346
1.0301694869995117,347
1.0454423427581787,347
1.0572659969329834,347
1.0712995529174805,347
1.0827949047088623,347
1.093881368637085,346
1.1054632663726807,347
1.1183476448059082,347
1.1309175491333008,347
1.1421232223510742,347
1.1535141468048096,347
1.1657752990722656,347
1.1774530410766602,347
1.1902284622192383,347
1.2016630172729492,347
1.2136757373809814,347
1.2251417636871338,347
1.2369725704193115,347
1.2507169246673584,347
1.2621231079101562,347
1.2790272235870361,347
1.2914505004882812,347
1.303417682647705,347
1.3156428337097168,347
1.3272128105163574,347
1.3391168117523193,347
1.3518524169921875,347
1.3631677627563477,347
1.375295877456665,347
1.387077808380127,347
1.3987140655517578,347
1.4114618301391602,347
1.4238781929016113,347
1.4400866031646729,347
1.4517359733581543,347
1.4633052349090576,347
1.4756543636322021,347
1.48728346824646,347
1.499694585800171,347
1.5114688873291016,347
1.523655891418457,347
1.5350890159606934,347
1.5462234020233154,347
1.5580990314483643,347
1.5714571475982666,347
1.583076000213623,347
1.595078468322754,347
1.6062686443328857,347
1.6175909042358398,347
1.6308941841125488,347
1.6421973705291748,347
1.6536979675292969,347
1.6650760173797607,347
1.6773369312286377,347
1.6901311874389648,347
1.701653242111206,347
1.7131423950195312,347
1.7252752780914307,347
1.736947774887085,347
1.7482037544250488,347
1.7607872486114502,347
1.773461103439331,347
1.7849984169006348,347
1.7959656715393066,347
1.8074662685394287,347
1.8201098442077637,347
1.8325793743133545,347
1.8476018905639648,347
1.8608407974243164,347
1.8721938133239746,347
1.8850407600402832,347
1.8960554599761963,347
1.9078290462493896,347
1.9202871322631836,347
1.9327566623687744,347
1.9441986083984375,347
1.9557812213897705,347
1.9673633575439453,347
1.98111891746521,347
1.9927349090576172,347
2.0038695335388184,347
2.0155904293060303,347
2.0286920070648193,347
2.04121470451355,347
2.0525896549224854,347
2.064058542251587,347
2.075780153274536,347
2.088057041168213,347
2.1007397174835205,347
2.1120808124542236,347
2.123640537261963,347
2.135951519012451,347
2.147460460662842,347
2.1606388092041016,347
2.1720991134643555,347
2.184758424758911,347
2.1959502696990967,347
2.2074673175811768,347
2.220270872116089,347
2.232722282409668,347
2.2482144832611084,347
2.2615597248077393,347
2.2732808589935303,347
2.2856810092926025,347
2.2973732948303223,347
2.3102755546569824,347
2.3220324516296387,347
2.3341784477233887,347
2.345576047897339,347
2.3571434020996094,347
2.3689675331115723,347
2.3812084197998047,347
2.395298719406128,347
2.407106637954712,347
2.420253038406372,347
2.4318790435791016,347
2.4447498321533203,347
2.4558660984039307,347
2.4674365520477295,347
2.4802486896514893,347
2.493032217025757,347
2.504319190979004,347
2.5159432888031006,347
2.5274198055267334,347
2.5410537719726562,347
2.5522725582122803,347
2.563889741897583,347
2.5754432678222656,347
2.588226079940796,347
2.60089373588562,347
2.6122231483459473,347
2.6236608028411865,347
2.6350958347320557,347
2.6519954204559326,347
2.6635079383850098,347
2.6755378246307373,347
2.688293218612671,347
2.7008931636810303,346
2.712125301361084,346
2.7235732078552246,346
2.735098361968994,347
2.7474424839019775,347
2.7601253986358643,347
2.771610975265503,347
2.7829487323760986,346
2.795151948928833,346
2.806701183319092,346
2.818342447280884,346
2.831098794937134,346
2.8434109687805176,346
2.8550796508789062,346
2.866370677947998,346
2.878049850463867,346
2.8907322883605957,346
2.9031898975372314,346
2.9150617122650146,346
2.926337480545044,346
2.9381513595581055,346
2.9514150619506836,346
2.963080406188965,346
2.97499942779541,346
2.9859769344329834,346
2.998746156692505,346
