0.02183985710144043,0
0.026695966720581055,1
0.03862881660461426,2
0.04999113082885742,5
0.0621943473815918,9
0.07385373115539551,15
0.08602237701416016,23
0.10312294960021973,33
0.11714863777160645,43
0.1288595199584961,52
0.1404404640197754,59
0.15213298797607422,68
0.16418838500976562,78
0.17593145370483398,88
0.1882920265197754,98
0.2000281810760498,109
0.2124781608581543,119
0.2241218090057373,130
0.2370913028717041,142
0.24862360954284668,151
0.26071810722351074,162
0.2722630500793457,172
0.28371596336364746,183
0.2951233386993408,194
0.3077397346496582,205
0.31999683380126953,216
0.3320465087890625,227
0.3433704376220703,238
0.3556234836578369,249
0.3688945770263672,261
0.3805806636810303,270
0.39209556579589844,280
0.41828036308288574,300
0.4387855529785156,314
0.4588460922241211,331
0.4910624027252197,346
0.5243635177612305,356
0.5481925010681152,363
0.5600728988647461,366
0.5723958015441895,368
0.6159055233001709,372
0.6431472301483154,372
0.6629066467285156,372
0.675234317779541,371
0.6880505084991455,371
0.6992981433868408,370
0.7109501361846924,370
0.7231779098510742,370
0.7346208095550537,369
0.7478065490722656,368
0.7592823505401611,368
0.7719681262969971,368
0.7829780578613281,367
0.7945065498352051,367
0.8073337078094482,366
0.8190908432006836,366
0.8318355083465576,366
0.8428378105163574,366
0.854543924331665,365
0.8678150177001953,365
0.8802263736724854,365
0.8918354511260986,365
0.9083707332611084,365
0.9202742576599121,365
0.932917594909668,365
0.9444198608398438,365
0.9572453498840332,365
0.9689745903015137,365
0.9813785552978516,365
0.9930338859558105,365
1.0045642852783203,365
1.0188024044036865,365
1.030930757522583,365
1.0424792766571045,365
1.0541892051696777,365
1.0659363269805908,365
1.0788617134094238,365
1.0903716087341309,365
1.101806879043579,365
1.1131021976470947,365
1.1245944499969482,365
1.1382246017456055,365
1.1500017642974854,365
1.1612968444824219,365
1.172910451889038,365
1.1852025985717773,365
1.1979093551635742,365
1.2092432975769043,365
1.2210638523101807,365
1.2339444160461426,365
1.2459359169006348,365
1.2581453323364258,365
1.2692666053771973,365
1.2811038494110107,365
1.2927727699279785,365
1.308927059173584,365
1.3205831050872803,365
1.3326668739318848,365
1.3442063331604004,365
1.3572394847869873,365
1.3689391613006592,365
1.3811585903167725,365
1.3927137851715088,365
1.4053795337677002,365
1.4213526248931885,365
1.438537359237671,365
1.4582815170288086,365
1.4776642322540283,365
1.4942536354064941,365
1.5131337642669678,365
1.534090518951416,365
1.5541026592254639,365
1.5738205909729004,365
1.594099760055542,365
1.605968713760376,365
1.6182804107666016,365
1.6300692558288574,365
1.6499927043914795,365
1.6660974025726318,365
1.680436134338379,365
1.6921465396881104,365
1.7092022895812988,365
1.7208435535430908,365
1.7324151992797852,365
1.7439374923706055,365
1.7572970390319824,365
1.7689850330352783,365
1.780493974685669,365
1.7921466827392578,365
1.804389476776123,365
1.8159265518188477,365
1.8282606601715088,365
1.840078592300415,365
1.8524491786956787,365
1.8639490604400635,365
1.8758091926574707,365
1.8881044387817383,365
1.9004418849945068,365
1.9120235443115234,365
1.9232487678527832,365
1.9351224899291992,365
1.947767972946167,365
1.9600701332092285,365
1.9718430042266846,365
1.983020544052124,365
1.9944789409637451,365
2.008051633834839,365
2.0192527770996094,365
2.0311172008514404,365
2.0425491333007812,365
2.0556905269622803,365
2.067958116531372,365
2.079237222671509,365
2.091092824935913,365
2.107952117919922,365
2.1192760467529297,365
2.1310949325561523,365
2.142486810684204,365
2.1551918983459473,365
2.1679372787475586,365
2.1791374683380127,365
2.190701723098755,365
2.202894926071167,365
2.2145256996154785,365
2.227269411087036,365
2.2389581203460693,365
2.250095844268799,365
2.2622249126434326,365
2.2739803791046143,365
2.2857842445373535,365
2.2981114387512207,365
2.3104562759399414,365
2.322051763534546,365
2.3339405059814453,364
2.34588885307312,364
2.3588063716888428,364
2.3704020977020264,364
2.3820102214813232,364
2.3932385444641113,364
2.405261993408203,364
2.4192025661468506,364
2.430964708328247,364
2.4424350261688232,364
2.4540977478027344,364
2.4678943157196045,364
2.4790823459625244,364
2.49076247215271,364
2.507169723510742,364
2.519765615463257,364
2.5312516689300537,364
2.5428466796875,364
2.5543713569641113,364
2.568032741546631,364
2.5793020725250244,364
2.5912952423095703,364
2.6029961109161377,364
2.615368604660034,364
2.6280763149261475,364
2.639930009841919,364
2.6506714820861816,364
2.6628499031066895,364
2.6743505001068115,364
2.687338352203369,364
2.6990201473236084,364
2.710556983947754,364
2.722871780395508,364
2.7343943119049072,364
2.7472708225250244,364
2.758824348449707,364
2.7711427211761475,364
2.7827205657958984,364
2.794496536254883,364
2.8076233863830566,364
2.820098876953125,364
2.8312737941741943,364
2.8430304527282715,364
2.8549273014068604,364
2.8685460090637207,364
2.880127191543579,364
2.891698122024536,364
2.9030063152313232,364
2.9203996658325195,364
2.932084321975708,364
2.9439380168914795,364
2.9558005332946777,364
2.9684548377990723,364
2.9801690578460693,364
2.9918107986450195,364
3.0029022693634033,364
