0.017604351043701172,0
0.02196335792541504,0
0.0355982780456543,2
0.047188758850097656,6
0.058791160583496094,10
0.07001090049743652,16
0.08255743980407715,23
0.09485197067260742,30
0.10610651969909668,36
0.11791253089904785,43
0.1294865608215332,47
0.1419203281402588,53
0.1546001434326172,59
0.16611909866333008,64
0.17771387100219727,70
0.19012689590454102,76
0.2018566131591797,81
0.21455621719360352,86
0.2261180877685547,90
0.2386012077331543,95
0.24967169761657715,100
0.2612287998199463,105
0.2740626335144043,110
0.28700923919677734,114
0.2988142967224121,118
0.3100719451904297,123
0.32173871994018555,128
0.33448314666748047,132
0.34684133529663086,136
0.3587527275085449,139
0.369739294052124,143
0.3813295364379883,147
0.3986856937408447,153
0.4101135730743408,157
0.4221341609954834,160
0.43500423431396484,164
0.447437047958374,167
0.45904088020324707,170
0.4708094596862793,174
0.48258209228515625,178
0.49567294120788574,182
0.5073585510253906,184
0.5189473628997803,187
0.530745267868042,190
0.5444831848144531,194
0.5559945106506348,197
0.5676476955413818,200
0.5793991088867188,202
0.5921761989593506,205
0.6047627925872803,208
0.6161155700683594,211
0.6277599334716797,214
0.6393749713897705,216
0.6520955562591553,219
0.664726972579956,221
0.6759371757507324,223
0.6875360012054443,226
0.6997156143188477,228
0.7119832038879395,231
0.7247254848480225,233
0.7359585762023926,236
0.7480783462524414,238
0.7598319053649902,240
0.7716412544250488,241
0.7847168445587158,243
0.8009228706359863,246
0.814079999923706,249
0.8260102272033691,252
0.837714433670044,254
0.8498439788818359,255
0.8614251613616943,256
0.874445915222168,258
0.885890007019043,260
0.8981373310089111,262
0.9098668098449707,264
0.9219369888305664,266
0.9345357418060303,267
0.9459679126739502,268
0.9591560363769531,270
0.9707965850830078,271
0.9869401454925537,274
1.002704381942749,276
1.0213391780853271,278
1.0419325828552246,280
1.0610630512237549,282
1.0788352489471436,284
1.0957622528076172,286
1.1171419620513916,288
1.1371912956237793,290
1.1551296710968018,292
1.1745314598083496,294
1.1859257221221924,295
1.1974797248840332,296
1.224452257156372,298
1.2401885986328125,299
1.2529850006103516,300
1.2653813362121582,301
1.2777464389801025,302
1.2893142700195312,304
1.3011724948883057,304
1.3144211769104004,305
1.3269710540771484,306
1.3385016918182373,307
1.349498987197876,308
1.3612768650054932,308
1.374129056930542,309
1.3867692947387695,310
1.3980975151062012,311
1.4098193645477295,312
1.4219849109649658,312
1.435394287109375,313
1.446843147277832,314
1.4587278366088867,314
1.4697668552398682,315
1.4827322959899902,316
1.4952068328857422,317
1.5068726539611816,318
1.5185322761535645,318
1.5308332443237305,318
1.5429112911224365,319
1.5553221702575684,319
1.5671305656433105,320
1.579406499862671,321
1.5910515785217285,322
1.6074724197387695,323
1.6191308498382568,323
1.6320455074310303,324
1.6446864604949951,324
1.655916452407837,324
1.6674010753631592,325
1.678954839706421,326
1.691241979598999,326
1.7042009830474854,327
1.716015100479126,327
1.7277112007141113,327
1.7396531105041504,328
1.7512240409851074,328
1.7640349864959717,329
1.7755200862884521,330
1.7876942157745361,330
1.7991831302642822,330
1.8108086585998535,330
1.8229176998138428,331
1.8358194828033447,331
1.84739089012146,332
1.858940601348877,332
1.8705668449401855,332
1.8819117546081543,333
1.895115852355957,333
1.9067902565002441,334
1.918020248413086,334
1.9296903610229492,334
1.9420430660247803,334
1.9555251598358154,334
1.9671502113342285,335
1.9808399677276611,336
1.9945056438446045,336
2.0094428062438965,336
2.021230459213257,336
2.0346128940582275,337
2.046888589859009,337
2.058580160140991,338
2.0698513984680176,338
2.0821940898895264,338
2.0957999229431152,338
2.107283115386963,338
2.1188225746154785,338
2.1300745010375977,338
2.1429617404937744,338
2.1554503440856934,339
2.1669211387634277,339
2.1787829399108887,340
2.1907787322998047,340
2.2028908729553223,339
2.215256929397583,339
2.2269041538238525,339
2.239152669906616,340
2.2508974075317383,340
2.26300048828125,340
2.2754697799682617,340
2.2869350910186768,340
2.299147129058838,340
2.310718297958374,340
2.3227829933166504,340
2.3352174758911133,340
2.348057985305786,341
2.3597545623779297,341
2.371354579925537,341
2.3846330642700195,340
2.3971190452575684,340
2.4125659465789795,341
2.4250645637512207,342
2.4368221759796143,342
2.449146270751953,342
2.4606947898864746,341
2.472853183746338,341
2.485062599182129,342
2.497317314147949,342
2.5088419914245605,342
2.5201022624969482,343
2.5317537784576416,343
2.5452287197113037,343
2.5569088459014893,342
2.568596124649048,342
2.5797619819641113,343
2.591308116912842,343
2.6050331592559814,344
2.616915225982666,344
2.6287009716033936,343
2.639772415161133,343
2.65269136428833,343
2.6648881435394287,344
2.676509380340576,344
2.688063383102417,344
2.7006895542144775,344
2.712430953979492,344
2.724853992462158,344
2.736602783203125,344
2.74916672706604,344
2.7606563568115234,344
2.772461175918579,344
2.7848916053771973,344
2.7960562705993652,344
2.812058210372925,344
2.8247365951538086,344
2.8359780311584473,344
2.8476345539093018,344
2.8596315383911133,344
2.871413469314575,344
2.8840460777282715,344
2.895587682723999,344
2.9081015586853027,344
2.9197113513946533,344
2.931396484375,344
2.944096565246582,344
2.9573049545288086,344
2.9688198566436768,344
2.99092960357666,344
3.0099592208862305,344
