0.011097908020019531,0
0.02623772621154785,1
0.03079509735107422,1
0.03598976135253906,2
0.03999972343444824,4
0.045042991638183594,5
0.04938530921936035,9
0.06165456771850586,13
0.06870555877685547,17
0.07841324806213379,23
0.0903313159942627,29
0.0985865592956543,37
0.1102447509765625,42
0.1184847354888916,51
0.13017773628234863,59
0.14099526405334473,65
0.14865732192993164,75
0.1605985164642334,83
0.17095160484313965,93
0.17871308326721191,96
0.18409991264343262,100
0.1882457733154297,105
0.19373798370361328,108
0.19788622856140137,112
0.20338869094848633,117
0.2075202465057373,120
0.21179890632629395,125
0.2166891098022461,129
0.22621679306030273,138
0.23608732223510742,147
0.24570727348327637,156
0.25152158737182617,159
0.25679802894592285,165
0.26155734062194824,168
0.2664504051208496,172
0.2706575393676758,177
0.27667999267578125,183
0.2810819149017334,190
0.2895796298980713,195
0.29476046562194824,199
0.2988579273223877,203
0.30443501472473145,206
0.308530330657959,211
0.31403279304504395,215
0.31815028190612793,221
0.3236687183380127,224
0.32853078842163086,230
0.3340163230895996,233
0.3381199836730957,237
0.3434622287750244,243
0.34758591651916504,246
0.3518342971801758,252
0.35663890838623047,255
0.36093807220458984,259
0.3660857677459717,263
0.37010741233825684,268
0.37552356719970703,272
0.3803374767303467,277
0.38593316078186035,281
0.39000630378723145,287
0.3954579830169678,290
0.3995089530944824,296
0.40457582473754883,299
0.40865015983581543,303
0.4140286445617676,307
0.41814374923706055,311
0.4235420227050781,316
0.42766404151916504,321
0.43379878997802734,325
0.4379405975341797,329
0.44347620010375977,334
0.44757628440856934,338
0.45288681983947754,344
0.4569547176361084,347
0.46150898933410645,351
0.46645283699035645,355
0.4706714153289795,360
0.4759194850921631,366
0.4810802936553955,369
0.4862525463104248,373
0.49029040336608887,377
0.49584174156188965,380
0.49991750717163086,384
0.5055615901947021,386
0.5096733570098877,389
0.5147922039031982,391
0.5189132690429688,392
0.5242829322814941,393
0.5284130573272705,395
0.5345873832702637,396
0.538684606552124,396
0.5440635681152344,397
0.5482008457183838,397
0.5535345077514648,396
0.5576951503753662,396
0.5629682540893555,395
0.5669901371002197,394
0.5715608596801758,393
0.5764279365539551,392
0.5818638801574707,389
0.5867462158203125,388
0.5913653373718262,386
0.5963044166564941,384
0.6003165245056152,381
0.6058015823364258,379
0.6098742485046387,376
0.6149089336395264,373
0.6190383434295654,370
0.6246390342712402,367
0.6287429332733154,363
0.6348001956939697,361
0.6389360427856445,358
0.6442759037017822,355
0.6483972072601318,351
0.6536924839019775,349
0.6578474044799805,347
0.6629407405853271,344
0.6669657230377197,342
0.6715109348297119,341
0.6763865947723389,339
0.6808562278747559,337
0.6914503574371338,336
0.6963396072387695,336
0.7008800506591797,336
0.7060520648956299,336
0.7100725173950195,337
0.7158269882202148,337
0.7198910713195801,339
0.7249462604522705,340
0.7290694713592529,341
0.7355363368988037,343
0.7395815849304199,345
0.7449150085449219,347
0.7489879131317139,349
0.754324197769165,351
0.7583866119384766,355
0.7637271881103516,357
0.7678334712982178,359
0.7729284763336182,363
0.7770001888275146,366
0.7815878391265869,369
0.7875726222991943,371
0.7918691635131836,374
0.7967205047607422,376
0.8014698028564453,377
0.8064296245574951,378
0.8107461929321289,380
0.8159170150756836,380
0.820002555847168,381
0.8254344463348389,381
0.8294923305511475,381
0.8357396125793457,381
0.8398597240447998,381
0.8455548286437988,380
0.8496153354644775,379
0.8547086715698242,378
0.8588240146636963,377
0.8644156455993652,375
0.8685243129730225,373
0.8739051818847656,371
0.8780426979064941,370
0.8834183216094971,367
0.8883864879608154,364
0.8937273025512695,361
0.8978891372680664,359
0.9030036926269531,356
0.9070496559143066,353
0.9116020202636719,351
0.916473388671875,349
0.9209721088409424,347
0.9260673522949219,346
0.9300997257232666,344
0.9355311393737793,343
0.9403140544891357,342
0.945765495300293,342
0.9497852325439453,342
0.9548718929290771,342
0.9589958190917969,342
0.9642746448516846,343
0.9684412479400635,344
0.9740145206451416,345
0.9782440662384033,347
0.9837219715118408,348
0.9886324405670166,351
0.9939877986907959,352
0.998138427734375,354
1.0041368007659912,357
1.0082528591156006,359
1.0135881900787354,363
1.0176897048950195,365
1.026407241821289,369
1.0310039520263672,372
1.0361406803131104,374
1.041776418685913,376
1.0466232299804688,377
1.0510978698730469,378
1.0562350749969482,378
1.0602965354919434,379
1.0658071041107178,379
1.0698654651641846,379
1.0749030113220215,378
1.079019546508789,378
1.0843794345855713,376
1.094083309173584,375
1.0982179641723633,373
1.1042263507843018,371
1.1083495616912842,369
1.1138391494750977,367
1.1179790496826172,365
1.1230857372283936,362
1.1274335384368896,360
1.131716012954712,357
1.136601448059082,355
1.1427891254425049,352
1.14686918258667,350
1.1514532566070557,349
1.1563990116119385,347
1.1608691215515137,345
1.1660301685333252,345
1.170043706893921,344
1.1755225658416748,343
1.1795554161071777,343
1.1847150325775146,343
1.1888155937194824,344
1.1949477195739746,345
1.1990077495574951,345
1.2043955326080322,346
1.2084760665893555,348
1.2138550281524658,349
1.2179644107818604,351
1.223555326461792,353
1.2276582717895508,355
1.2329165935516357,358
1.2369635105133057,360
1.2430744171142578,363
1.2474627494812012,365
1.2517719268798828,369
1.2566430568695068,370
1.2609570026397705,372
1.2660977840423584,373
1.270160436630249,375
1.2756810188293457,375
1.279770851135254,376
1.2850215435028076,376
1.2894103527069092,377
1.29561185836792,376
1.2996413707733154,376
1.3047246932983398,375
1.308840036392212,375
1.3142828941345215,374
1.3183917999267578,372
1.3237638473510742,371
1.3279128074645996,369
1.333017349243164,367
1.337071418762207,365
1.3435208797454834,362
1.3476672172546387,360
1.3524532318115234,357
1.3568508625030518,355
1.3616161346435547,353
1.3664917945861816,351
1.3707878589630127,349
1.3760349750518799,348
1.3800690174102783,347
1.3855664730072021,346
1.3896222114562988,345
1.3958125114440918,345
1.3998429775238037,345
1.4054763317108154,345
1.4095168113708496,345
1.4146320819854736,346
1.418710708618164,347
1.4240963459014893,348
1.4281997680664062,349
1.4335191249847412,351
1.4376752376556396,353
1.4424247741699219,355
1.4478907585144043,357
1.4529669284820557,360
1.4569892883300781,362
1.4617314338684082,365
1.4666597843170166,367
1.4713685512542725,369
1.4762792587280273,370
1.4803180694580078,372
1.4857547283172607,374
1.4958884716033936,374
1.49995756149292,375
1.505570650100708,374
1.5096254348754883,374
1.5148379802703857,373
1.5189754962921143,373
1.5245332717895508,371
1.5286314487457275,370
1.534041166305542,369
1.5381674766540527,367
1.54355788230896,365
1.5484843254089355,362
1.5539052486419678,360
1.558051586151123,358
1.5634303092956543,355
1.5676684379577637,353
1.5724172592163086,351
1.5767903327941895,350
1.5815176963806152,349
1.586406946182251,348
1.5906038284301758,347
1.5966136455535889,346
1.600964069366455,346
1.6060783863067627,346
1.6101152896881104,346
1.6155211925506592,347
1.6195557117462158,348
1.6248500347137451,349
1.6289596557617188,350
1.6342442035675049,351
1.6383414268493652,353
1.6438663005828857,355
1.6487414836883545,357
1.654120683670044,359
1.6582283973693848,361
1.6635468006134033,364
1.667684555053711,366
1.6724517345428467,369
1.6768255233764648,371
1.6814076900482178,372
1.6863226890563965,373
1.690577507019043,374
1.6959011554718018,375
1.701383352279663,376
1.7062702178955078,376
1.7103009223937988,376
1.7157039642333984,375
1.7197694778442383,374
1.7248873710632324,373
1.7289981842041016,373
1.7344214916229248,371
1.7385191917419434,369
1.743929386138916,368
1.7487821578979492,365
1.7543737888336182,364
1.7584781646728516,361
1.7639808654785156,359
1.7680902481079102,357
1.7734689712524414,353
1.7775893211364746,352
1.7818422317504883,349
1.7867944240570068,348
1.7910964488983154,347
1.7962677478790283,346
1.8016128540039062,345
1.8064861297607422,345
1.8107800483703613,344
1.8160240650177002,345
1.8200373649597168,345
1.8258519172668457,345
1.829892635345459,347
1.8382940292358398,348
1.843625545501709,350
1.8477439880371094,352
1.8538904190063477,354
1.858015775680542,356
1.86307692527771,359
1.8670964241027832,361
1.8716378211975098,363
1.8765907287597656,366
1.881333351135254,368
1.886307954788208,372
1.8949573040008545,373
1.8990471363067627,374
1.9057197570800781,375
1.909736156463623,375
1.9149830341339111,375
1.919065237045288,375
1.9244670867919922,375
1.9285459518432617,375
1.9338984489440918,374
1.9380676746368408,373
1.9435737133026123,371
1.9476947784423828,370
1.9537596702575684,368
1.9579136371612549,367
1.962989330291748,364
1.9670584201812744,362
1.9716434478759766,360
1.976590871810913,357
1.9809045791625977,355
1.9860544204711914,353
1.9900691509246826,350
1.9955625534057617,349
1.999612808227539,347
2.0065224170684814,346
2.011030673980713,345
2.016204595565796,345
2.0202174186706543,344
2.0256564617156982,345
2.029658079147339,345
2.0348329544067383,345
2.038907051086426,346
2.044240713119507,347
2.0483391284942627,349
2.0543813705444336,350
2.05851674079895,352
2.0640902519226074,354
2.0682501792907715,355
2.0735816955566406,358
2.07769513130188,360
2.082796573638916,364
2.0869224071502686,366
2.091506242752075,368
2.0964112281799316,369
2.100635290145874,373
2.106647253036499,373
2.110970973968506,375
2.1160776615142822,375
2.120140314102173,376
2.1257946491241455,376
2.1298928260803223,377
2.1349239349365234,376
2.139033555984497,371
2.1775741577148438,361
2.1929118633270264,356
2.206507444381714,349
2.211860179901123,345
2.2166779041290283,343
2.2209761142730713,341
2.2260804176330566,339
2.2301180362701416,337
2.235591411590576,336
2.239626407623291,335
2.2449185848236084,334
2.248990774154663,334
2.254338026046753,333
2.259491443634033,333
2.2645599842071533,334
2.268648624420166,334
2.2741522789001465,335
2.2782607078552246,335
2.2836406230926514,337
2.287748098373413,339
2.29620099067688,341
2.3002116680145264,343
2.305922746658325,346
2.311335563659668,348
2.316272497177124,350
2.3202764987945557,353
2.325934886932373,356
2.329988479614258,359
2.3350160121917725,362
2.339115858078003,366
2.3445968627929688,368
2.348691463470459,370
2.354093313217163,372
2.3589277267456055,375
2.364453077316284,376
2.3685665130615234,378
2.3739631175994873,379
2.378100633621216,379
2.383481740951538,380
2.3876852989196777,381
2.392808675765991,381
2.3969290256500244,380
2.401653289794922,380
2.406498670578003,379
2.4124019145965576,377
2.416802406311035,377
2.421555519104004,375
2.426445722579956,374
2.4306740760803223,371
2.4359114170074463,370
2.439941883087158,367
2.4453554153442383,365
2.4494879245758057,362
2.4546144008636475,359
2.4587156772613525,356
2.464840888977051,354
2.4689254760742188,352
2.4742660522460938,350
2.4784326553344727,348
2.483959674835205,347
2.488063097000122,346
2.493356227874756,345
2.4975030422210693,344
2.501757860183716,343
2.50667405128479,343
2.5124399662017822,343
2.51680850982666,344
2.52134108543396,344
2.5262575149536133,345
2.530256748199463,347
2.5359113216400146,347
2.539924144744873,349
2.5454893112182617,351
2.549532890319824,353
2.5545902252197266,355
2.5586585998535156,358
2.5647237300872803,360
2.5688490867614746,363
2.574246644973755,365
2.5784876346588135,368
2.5838494300842285,369
2.5880050659179688,371
2.593078374862671,373
2.5971059799194336,374
2.6019022464752197,375
2.606792688369751,375
2.6128103733062744,376
2.6168994903564453,376
2.623901605606079,375
2.628040075302124,375
2.6331071853637695,374
2.63742995262146,373
2.641707181930542,372
2.6465818881988525,370
2.650897264480591,369
2.6560637950897217,367
2.660094976425171,365
2.6664600372314453,363
2.6707582473754883,360
2.675916910171509,358
2.6799755096435547,355
2.6854445934295654,353
2.694017171859741,350
2.698173761367798,348
2.7036356925964355,347
2.707728862762451,346
2.7129671573638916,345
2.7180395126342773,345
2.723749876022339,345
2.727855920791626,345
2.732940435409546,345
2.736984968185425,346
2.7414872646331787,347
2.7464067935943604,348
2.750610113143921,349
2.755871534347534,351
2.759875535964966,353
2.7660298347473145,355
2.7700531482696533,357
2.7754640579223633,359
2.779506206512451,363
2.784766912460327,365
2.788933515548706,367
2.794429302215576,369
2.7985165119171143,371
2.8038723468780518,373
2.8080315589904785,374
2.8133840560913086,375
2.818377733230591,376
2.8236634731292725,377
2.827777862548828,377
2.832892894744873,377
2.8369452953338623,377
2.8416621685028076,376
2.84653902053833,375
2.8508875370025635,374
2.85605525970459,373
2.860067129135132,371
2.865525722503662,370
2.8703222274780273,367
2.8757097721099854,365
2.8797504901885986,363
2.8848390579223633,361
2.8889617919921875,359
2.894292116165161,356
2.898383855819702,353
2.9038519859313965,351
2.9079864025115967,349
2.913327693939209,347
2.9182116985321045,346
2.923706531524658,345
2.927818775177002,344
2.93291974067688,343
2.9369325637817383,343
2.941469669342041,343
2.946378469467163,343
2.950608491897583,344
2.955820083618164,345
2.9598090648651123,346
2.9653444290161133,347
2.9702653884887695,349
2.975759506225586,350
2.9798054695129395,353
2.9848408699035645,354
2.988938570022583,356
2.9942257404327393,358
2.998321771621704,361
