0.016078472137451172,-2,-94
0.027560710906982422,-4,-107
0.039656877517700195,-6,-156
0.05519723892211914,-9,-183
0.06679058074951172,-12,-206
0.07974433898925781,-14,-233
0.09472775459289551,-18,-250
0.10564684867858887,-21,-265
0.1196126937866211,-26,-278
0.13301897048950195,-29,-291
0.14567804336547852,-32,-297
0.15739846229553223,-37,-299
0.17220807075500488,-40,-303
0.185150146484375,-45,-305
0.19673466682434082,-48,-309
0.20950818061828613,-51,-310
0.21574139595031738,-53,-315
0.22238779067993164,-55,-317
0.22817349433898926,-58,-318
0.23466968536376953,-59,-318
0.24025607109069824,-61,-318
0.24651360511779785,-62,-319
0.2624032497406006,-72,-321
0.2887256145477295,-78,-322
0.3047006130218506,-81,-326
0.3128941059112549,-84,-325
0.31860780715942383,-86,-323
0.32495975494384766,-88,-323
0.33049488067626953,-90,-321
0.33673739433288574,-92,-323
0.34325504302978516,-94,-323
0.3489348888397217,-96,-322
0.35533809661865234,-98,-322
0.36289381980895996,-100,-325
0.36843132972717285,-102,-324
0.3747985363006592,-104,-327
0.38035154342651367,-106,-327
0.3867826461791992,-108,-326
0.39328455924987793,-110,-326
0.3989748954772949,-112,-327
0.405179500579834,-114,-324
0.4128406047821045,-116,-323
0.4183940887451172,-119,-322
0.4247925281524658,-120,-324
0.4303295612335205,-123,-324
0.43656301498413086,-124,-326
0.44313573837280273,-126,-326
0.44874024391174316,-128,-324
0.4550590515136719,-130,-328
0.4632546901702881,-133,-329
0.46906185150146484,-135,-326
0.47544264793395996,-137,-325
0.48197388648986816,-140,-324
0.4894599914550781,-142,-326
0.4956936836242676,-144,-325
0.502300500869751,-146,-323
0.5077242851257324,-148,-327
0.5152702331542969,-150,-327
0.5211663246154785,-152,-327
0.5271985530853271,-154,-328
0.5339910984039307,-156,-328
0.5394244194030762,-158,-328
0.5456891059875488,-160,-327
0.5522282123565674,-162,-324
0.5576632022857666,-164,-325
0.5651803016662598,-166,-324
0.5707314014434814,-168,-324
0.5769495964050293,-170,-326
0.5834825038909912,-172,-326
0.5891735553741455,-174,-325
0.5955746173858643,-176,-326
0.6020703315734863,-178,-327
0.6075077056884766,-180,-326
0.6149575710296631,-183,-327
0.6205403804779053,-185,-326
0.6267650127410889,-186,-326
0.6332776546478271,-188,-325
0.638981819152832,-190,-323
0.6453995704650879,-192,-324
0.6516819000244141,-194,-322
0.6575138568878174,-196,-327
0.6641526222229004,-199,-324
0.6756784915924072,-203,-326
0.6836583614349365,-205,-327
0.6893393993377686,-207,-326
0.6957175731658936,-209,-324
0.7023115158081055,-211,-326
0.7081279754638672,-213,-323
0.7147672176361084,-215,-326
0.722111701965332,-217,-323
0.7275636196136475,-219,-325
0.7342219352722168,-221,-327
0.7395961284637451,-223,-326
0.7460668087005615,-225,-328
0.7523801326751709,-227,-328
0.7580373287200928,-229,-326
0.7645318508148193,-232,-325
0.7712123394012451,-234,-327
0.7774159908294678,-236,-324
0.7840597629547119,-238,-323
0.7894525527954102,-240,-324
0.7956783771514893,-242,-323
0.8022110462188721,-243,-326
0.8076093196868896,-245,-328
0.8143301010131836,-248,-328
0.8206379413604736,-250,-328
0.826817512512207,-252,-328
0.833507776260376,-254,-328
0.839179277420044,-256,-327
0.845440149307251,-258,-326
0.8517391681671143,-260,-324
0.8574111461639404,-262,-324
0.8637306690216064,-264,-324
0.870488166809082,-266,-326
0.8766791820526123,-268,-327
0.8831725120544434,-270,-327
0.88875412940979,-272,-328
0.8952255249023438,-274,-330
0.9011368751525879,-276,-328
0.9073095321655273,-278,-329
0.9136407375335693,-280,-327
0.9203107357025146,-283,-326
0.9265320301055908,-284,-329
0.9330935478210449,-286,-327
0.9386711120605469,-288,-325
0.9449419975280762,-290,-327
0.9523000717163086,-292,-327
0.9581646919250488,-294,-328
0.9646472930908203,-296,-331
0.9716837406158447,-299,-331
0.9772241115570068,-301,-326
0.9836266040802002,-303,-331
0.9893460273742676,-305,-325
0.9955849647521973,-307,-327
1.0020990371704102,-309,-326
