0.015332937240600586,12,569
0.027939558029174805,18,545
0.04066061973571777,27,544
0.053749799728393555,33,543
0.06751227378845215,41,544
0.07707357406616211,44,546
0.08356046676635742,48,549
0.08924388885498047,51,548
0.0954434871673584,54,548
0.10139679908752441,57,545
0.10744047164916992,60,545
0.11381006240844727,64,545
0.1194603443145752,68,548
0.12683534622192383,70,552
0.13338398933410645,75,548
0.13896489143371582,78,550
0.14524292945861816,80,547
0.15078949928283691,85,546
0.15703201293945312,88,551
0.16353988647460938,92,550
0.1692643165588379,95,549
0.17652368545532227,98,554
0.1831507682800293,102,551
0.18871498107910156,106,548
0.19521594047546387,108,549
0.20077300071716309,112,550
0.20702600479125977,116,554
0.21354389190673828,119,554
0.21926093101501465,122,553
0.22646450996398926,126,548
0.23297619819641113,129,549
0.23842406272888184,132,548
0.2450864315032959,136,548
0.2506422996520996,140,550
0.25688838958740234,142,553
0.2633976936340332,146,554
0.26901769638061523,150,551
0.2763173580169678,153,551
0.2826852798461914,156,548
0.2883028984069824,160,550
0.29477500915527344,163,551
0.30033111572265625,168,554
0.30673956871032715,170,553
0.31328320503234863,173,551
0.3188798427581787,178,550
0.3253331184387207,181,550
0.3330655097961426,184,553
0.33863329887390137,188,553
0.34503984451293945,191,554
0.35057950019836426,195,552
0.3568263053894043,202,551
0.36961936950683594,205,550
0.37599945068359375,210,552
0.3837730884552002,213,552
0.3894493579864502,216,552
0.39581942558288574,220,555
0.40233302116394043,223,550
0.4077720642089844,226,546
0.4144167900085449,229,549
0.41982531547546387,232,548
0.42645955085754395,237,550
0.4336538314819336,240,554
0.4393582344055176,244,553
0.44558215141296387,247,549
0.4518859386444092,250,548
0.45770955085754395,254,548
0.46402430534362793,257,551
0.4697084426879883,260,551
0.47591567039489746,264,556
0.48352551460266113,268,552
0.4891939163208008,271,550
0.49536895751953125,274,549
0.5009145736694336,278,551
0.5071125030517578,281,549
0.5135846138000488,284,551
0.5192615985870361,288,554
0.5254571437835693,291,554
0.5329864025115967,294,549
0.5384523868560791,299,549
0.5450899600982666,301,547
0.5506124496459961,306,548
0.5568702220916748,308,549
0.563370943069458,312,554
0.5689282417297363,316,551
0.5752208232879639,318,551
0.5825464725494385,322,546
0.5883715152740479,325,549
0.5948364734649658,328,550
0.600365400314331,333,555
0.6067624092102051,335,553
0.6132946014404297,338,551
0.6189193725585938,343,551
0.6252164840698242,345,550
0.6324062347412109,350,552
0.6378345489501953,353,549
0.644498348236084,356,550
0.6498470306396484,360,557
0.6563286781311035,363,555
0.662651777267456,366,548
0.6684396266937256,370,548
0.674929141998291,372,549
0.6804773807525635,377,550
0.6875014305114746,380,554
0.6939201354980469,384,554
0.6996135711669922,387,552
0.7058701515197754,390,546
0.712393045425415,394,550
0.7180230617523193,397,548
0.7248868942260742,400,549
0.7304301261901855,404,553
0.7376108169555664,408,553
0.7439298629760742,411,552
0.7495841979980469,414,550
0.7558207511901855,420,548
0.7678735256195068,426,550
0.7754666805267334,429,552
0.7810094356536865,432,551
0.7888495922088623,436,551
0.7953090667724609,440,547
0.8008279800415039,443,546
0.8070509433746338,446,548
0.8135638236999512,450,549
0.8192715644836426,453,548
0.8254985809326172,456,550
0.8310244083404541,460,550
0.8384456634521484,464,547
0.84511399269104,466,546
0.8506920337677002,470,552
0.856907844543457,473,548
0.8634085655212402,477,552
0.8689870834350586,480,549
0.8753218650817871,484,555
0.8808503150939941,487,548
0.8882429599761963,490,550
0.8947288990020752,494,547
0.9002768993377686,497,549
0.9067032337188721,500,552
0.9132137298583984,504,552
0.9188179969787598,508,555
0.9251441955566406,510,550
0.9306826591491699,514,549
0.9378745555877686,518,547
0.9444894790649414,521,549
0.9498391151428223,524,550
0.956308126449585,528,551
0.9626410007476807,531,554
0.9684302806854248,534,552
0.9750766754150391,538,552
0.9806151390075684,542,545
0.9877464771270752,546,552
0.9943947792053223,549,553
0.9997637271881104,552,554
1.005997896194458,555,549
