0.013835906982421875,9,430
0.02662968635559082,15,386
0.04211091995239258,20,379
0.05366706848144531,24,374
0.06746435165405273,29,374
0.0759274959564209,31,374
0.0823976993560791,33,373
0.0889289379119873,36,373
0.09431838989257812,38,371
0.10066056251525879,40,368
0.10631918907165527,43,367
0.11300373077392578,45,368
0.11931705474853516,47,363
0.12612175941467285,49,361
0.13233566284179688,52,361
0.14431023597717285,56,365
0.15108871459960938,58,361
0.15646672248840332,61,363
0.16311049461364746,63,362
0.1697406768798828,65,361
0.17625904083251953,68,358
0.1826326847076416,70,354
0.18923711776733398,72,355
0.1946396827697754,74,355
0.2013263702392578,76,357
0.20661067962646484,79,357
0.21329879760742188,81,358
0.2198045253753662,83,358
0.2261977195739746,85,360
0.2324509620666504,88,356
0.23895978927612305,90,354
0.2445223331451416,92,354
0.25113868713378906,94,350
0.2564523220062256,96,352
0.26264286041259766,98,355
0.2691609859466553,101,355
0.2745785713195801,103,355
0.2819838523864746,105,356
0.2874879837036133,107,353
0.293687105178833,109,358
0.30033063888549805,112,352
0.3060150146484375,114,352
0.3122239112854004,116,354
0.3180875778198242,118,349
0.32402801513671875,121,350
0.3315889835357666,122,349
0.3371450901031494,125,349
0.34354639053344727,127,352
0.35002684593200684,129,354
0.35556697845458984,131,353
0.3620033264160156,133,353
0.3675234317779541,136,353
0.37369537353515625,138,350
0.3813655376434326,140,353
0.3866281509399414,142,350
0.3931264877319336,144,349
0.3996105194091797,146,350
0.405045747756958,148,348
0.41149163246154785,151,349
0.41704821586608887,153,352
0.42345190048217773,155,353
0.4306640625,157,350
0.43628454208374023,159,349
0.44249820709228516,162,349
0.44898033142089844,164,349
0.4543726444244385,166,350
0.4606668949127197,168,351
0.4662773609161377,170,349
0.47261977195739746,172,347
0.48020076751708984,175,350
0.48586535453796387,177,351
0.49203920364379883,179,352
0.49753403663635254,181,349
0.5037083625793457,183,351
0.5102090835571289,185,350
0.515883207321167,187,347
0.5220377445220947,190,351
0.527550220489502,192,348
0.5349078178405762,196,351
0.547067403793335,199,348
0.5534119606018066,200,349
0.5600712299346924,203,349
0.5656752586364746,205,351
0.572098970413208,207,352
0.5776183605194092,209,351
0.5850095748901367,211,347
0.5914795398712158,216,346
0.6063122749328613,221,349
0.6214721202850342,225,352
0.633394718170166,228,352
0.6398978233337402,230,351
0.6454527378082275,233,349
0.6517200469970703,235,347
0.6572208404541016,237,350
0.6636011600494385,239,347
0.6700701713562012,241,345
0.6756472587585449,243,350
0.6829149723052979,245,351
0.6892387866973877,248,351
0.6946094036102295,250,351
0.7013566493988037,252,351
0.7066202163696289,254,351
0.7130534648895264,256,351
0.719308614730835,258,348
0.7250778675079346,260,348
0.7317197322845459,263,350
0.7389731407165527,265,347
0.7444086074829102,267,349
0.7510278224945068,269,351
0.7563967704772949,271,349
0.7626457214355469,274,353
0.769244909286499,276,355
0.7746443748474121,278,352
0.7815122604370117,281,349
0.7876725196838379,283,350
0.7938830852508545,285,347
0.8004045486450195,287,348
0.8060832023620605,289,348
0.812298059463501,291,349
0.8185551166534424,293,350
0.8240997791290283,295,354
0.8304405212402344,297,352
0.8371498584747314,301,356
0.8435404300689697,302,350
0.850045919418335,305,352
0.8555901050567627,307,351
0.8620090484619141,309,349
0.8675329685211182,311,350
0.8736863136291504,313,350
0.8801889419555664,315,352
0.886561393737793,317,350
0.8929896354675293,319,356
0.8992671966552734,321,351
0.9050965309143066,323,351
0.9115409851074219,326,355
0.9170339107513428,328,351
0.9232070446014404,330,351
0.9296672344207764,332,350
0.9360525608062744,336,349
0.9486575126647949,339,350
0.95444655418396,341,352
0.9614639282226562,343,353
0.9669897556304932,346,353
0.9733624458312988,347,351
0.9798784255981445,349,351
0.9853513240814209,353,350
0.9926352500915527,355,350
0.9991915225982666,357,350
1.0045907497406006,359,346
