0.01923823356628418,0,7
0.051476478576660156,2,45
0.06296658515930176,4,97
0.07546639442443848,8,270
0.08744001388549805,12,357
0.09509825706481934,14,395
0.1005239486694336,17,430
0.10697603225708008,20,488
0.11251950263977051,24,518
0.11880111694335938,27,565
0.1255021095275879,32,592
0.13107943534851074,36,621
0.13834571838378906,40,647
0.14476537704467773,44,668
0.15040111541748047,48,686
0.15704727172851562,54,716
0.16575860977172852,60,741
0.17643427848815918,68,763
0.18473100662231445,78,786
0.19551491737365723,84,799
0.2019343376159668,89,808
0.20842361450195312,94,815
0.21471905708312988,99,828
0.22011065483093262,104,836
0.2268052101135254,109,843
0.23207521438598633,114,851
0.23949050903320312,121,857
0.24604010581970215,126,866
0.2517247200012207,132,875
0.25792431831359863,137,880
0.26444268226623535,142,882
0.2698688507080078,148,886
0.2764317989349365,153,891
0.2817881107330322,158,897
0.28915977478027344,166,900
0.2957286834716797,171,904
0.30142807960510254,176,908
0.3078124523162842,182,910
0.314117431640625,188,910
0.3197898864746094,193,909
0.3260974884033203,198,916
0.3317298889160156,204,917
0.33797335624694824,210,921
0.34540295600891113,217,918
0.35100674629211426,222,929
0.35729312896728516,226,927
0.36289000511169434,234,931
0.3693268299102783,239,932
0.376101016998291,245,931
0.38181567192077637,250,934
0.3880455493927002,256,931
0.40148472785949707,271,934
0.40908145904541016,276,941
0.4159095287322998,282,939
0.4215881824493408,288,939
0.42809128761291504,294,942
0.4346952438354492,299,939
0.44130754470825195,307,942
0.44752001762390137,312,941
0.4530789852142334,318,942
0.45929813385009766,324,944
0.4658470153808594,330,942
0.4715268611907959,335,941
0.4777700901031494,341,943
0.48405957221984863,346,947
0.48990297317504883,354,947
0.49733543395996094,358,945
0.5028674602508545,365,947
0.5090913772583008,371,946
0.5156307220458984,377,949
0.5213463306427002,382,946
0.5275461673736572,388,948
0.5330996513366699,394,948
0.5393235683441162,401,945
0.5477361679077148,407,945
0.5540423393249512,412,950
0.5595967769622803,418,948
0.5659956932067871,424,950
0.5716848373413086,430,946
0.57794189453125,436,949
0.5844449996948242,441,950
0.5898880958557129,449,947
0.5973320007324219,452,949
0.6028707027435303,460,951
0.6092677116394043,466,951
0.6157710552215576,472,950
0.6214241981506348,477,948
0.6276307106018066,483,948
0.6335291862487793,488,948
0.6395320892333984,494,950
0.6470413208007812,500,947
0.6526038646697998,508,948
0.6588237285614014,512,949
0.6655459403991699,519,953
0.6712334156036377,525,952
0.6775977611541748,530,947
0.6831140518188477,536,948
0.6893017292022705,542,952
0.6968796253204346,548,949
0.7024152278900146,553,949
0.708667516708374,559,949
0.7151949405670166,564,951
0.720731258392334,572,948
0.727297306060791,578,949
0.7329020500183105,584,949
0.7391357421875,589,950
0.7467498779296875,595,950
0.7521090507507324,601,950
0.7585735321044922,606,950
0.7650833129882812,612,952
0.7705514430999756,620,949
0.7770249843597412,624,949
0.7826128005981445,631,949
0.788992166519165,635,949
0.8017563819885254,648,948
0.8085660934448242,654,947
0.8152194023132324,660,950
0.8207519054412842,667,951
0.8272902965545654,671,950
0.8328540325164795,678,947
0.8391053676605225,682,950
0.8457849025726318,690,948
0.8524150848388672,696,945
0.8586511611938477,701,945
0.8651790618896484,707,947
0.8706998825073242,714,951
0.8771119117736816,718,949
0.8847575187683105,726,943
0.8903987407684326,732,951
0.8969020843505859,739,945
0.9036157131195068,745,944
0.9118001461029053,752,949
0.9180364608764648,758,949
0.9246001243591309,764,949
0.9299802780151367,770,949
0.9368455410003662,776,949
0.9423704147338867,781,950
0.949531078338623,788,947
0.9559359550476074,794,946
0.9616091251373291,800,946
0.9680423736572266,806,951
0.9745666980743408,812,950
0.9800119400024414,817,946
0.9866623878479004,823,947
0.9919624328613281,828,950
0.9992556571960449,836,947
1.0058369636535645,842,945
