0.007918357849121094,0,0
0.014142990112304688,0,0
0.02024054527282715,-1,-8
0.026862382888793945,-2,-66
0.03329610824584961,-2,-66
0.03905439376831055,-3,-38
0.044754743576049805,-4,-141
0.05111193656921387,-6,-181
0.05652785301208496,-7,-172
0.06270241737365723,-8,-223
0.06807374954223633,-10,-257
0.07509565353393555,-12,-291
0.0813450813293457,-14,-296
0.08689355850219727,-16,-312
0.09311485290527344,-18,-321
0.09851360321044922,-20,-342
0.1047511100769043,-23,-356
0.11114883422851562,-25,-367
0.11655211448669434,-28,-382
0.12272787094116211,-30,-397
0.12992358207702637,-32,-400
0.1351001262664795,-35,-411
0.14133405685424805,-38,-418
0.14687061309814453,-40,-426
0.1531085968017578,-43,-433
0.15852999687194824,-46,-436
0.16460061073303223,-47,-443
0.17096590995788574,-50,-444
0.17723512649536133,-54,-452
0.18333172798156738,-56,-458
0.1890888214111328,-59,-462
0.19476318359375,-62,-467
0.20113921165466309,-65,-471
0.2065443992614746,-68,-473
0.21285319328308105,-72,-475
0.22654366493225098,-77,-481
0.23298883438110352,-80,-478
0.23839688301086426,-83,-484
0.24463152885437012,-85,-490
0.25112032890319824,-89,-487
0.2565288543701172,-92,-488
0.2626771926879883,-94,-493
0.26808977127075195,-98,-488
0.27439260482788086,-101,-492
0.28154969215393066,-104,-492
0.287067174911499,-107,-497
0.29314112663269043,-110,-498
0.298572301864624,-113,-499
0.30464816093444824,-115,-498
0.3109886646270752,-118,-497
0.3163270950317383,-122,-497
0.32257723808288574,-124,-497
0.32915353775024414,-128,-500
0.3351104259490967,-131,-500
0.3413655757904053,-134,-504
0.346874475479126,-137,-504
0.3529999256134033,-140,-504
0.35837697982788086,-143,-503
0.36461901664733887,-145,-499
0.3710057735443115,-148,-502
0.3764662742614746,-152,-505
0.3834497928619385,-155,-508
0.3895907402038574,-158,-506
0.39513206481933594,-161,-507
0.40137434005737305,-164,-503
0.4069080352783203,-167,-503
0.4129626750946045,-169,-502
0.4183511734008789,-173,-505
0.42442822456359863,-175,-506
0.43148303031921387,-179,-506
0.4369821548461914,-182,-507
0.4430732727050781,-186,-507
0.44843173027038574,-188,-508
0.4546794891357422,-190,-505
0.46105146408081055,-194,-505
0.46647000312805176,-198,-504
0.4726595878601074,-200,-506
0.47806215286254883,-204,-510
0.48478102684020996,-206,-509
0.4912869930267334,-210,-509
0.4968221187591553,-213,-509
0.5028469562530518,-215,-509
0.5082383155822754,-219,-509
0.5144534111022949,-221,-511
0.5208075046539307,-224,-506
0.5260658264160156,-227,-512
0.5331892967224121,-231,-510
0.5385305881500244,-234,-510
0.5445976257324219,-236,-510
0.5509881973266602,-239,-507
0.5564525127410889,-243,-506
0.5626182556152344,-245,-504
0.5679910182952881,-248,-511
0.5742521286010742,-252,-506
0.5806035995483398,-256,-510
0.5869171619415283,-258,-509
0.5929489135742188,-260,-505
0.5983622074127197,-264,-509
0.6044292449951172,-267,-505
0.6108131408691406,-270,-507
0.6214644908905029,-277,-510
0.6296539306640625,-281,-511
0.6366353034973145,-284,-507
0.6429641246795654,-286,-507
0.6483557224273682,-290,-504
0.6545841693878174,-292,-505
0.6609628200531006,-295,-508
0.6664297580718994,-299,-508
0.6726710796356201,-301,-511
0.6780581474304199,-304,-509
0.6850605010986328,-308,-512
0.6914544105529785,-312,-505
0.6970336437225342,-314,-503
0.703096866607666,-318,-506
0.7084617614746094,-320,-507
0.7145235538482666,-322,-505
0.7208893299102783,-326,-509
0.7262771129608154,-330,-508
0.7325279712677002,-333,-510
0.7386565208435059,-336,-506
0.7447090148925781,-338,-504
0.7512779235839844,-342,-503
0.7568356990814209,-345,-507
0.7628424167633057,-347,-506
0.7681777477264404,-350,-511
0.7742371559143066,-353,-510
0.7806029319763184,-356,-507
0.7868542671203613,-360,-508
0.7929115295410156,-362,-504
0.7982702255249023,-366,-502
0.8043363094329834,-368,-508
0.8108437061309814,-371,-506
0.816227912902832,-374,-508
0.8224492073059082,-377,-512
0.8275630474090576,-380,-509
0.8336131572723389,-384,-507
0.8410594463348389,-388,-505
0.8464927673339844,-390,-506
0.8526566028594971,-392,-505
0.8580341339111328,-396,-510
0.8640666007995605,-399,-512
0.8702692985534668,-402,-510
0.8758962154388428,-405,-510
0.8824288845062256,-408,-506
0.8884892463684082,-412,-505
0.8945536613464355,-414,-509
0.900965690612793,-417,-510
0.9062952995300293,-421,-512
0.9125540256500244,-423,-512
0.9179339408874512,-426,-510
0.9239890575408936,-429,-508
0.9301846027374268,-432,-509
0.93556809425354,-436,-507
0.9428341388702393,-438,-506
0.9482340812683105,-442,-508
0.9543280601501465,-444,-511
0.9606924057006836,-448,-510
0.9659781455993652,-450,-513
0.9722824096679688,-454,-512
0.9774148464202881,-457,-505
0.9834854602813721,-460,-507
0.9909849166870117,-463,-506
0.9963457584381104,-467,-509
1.0025832653045654,-469,-509
