0.008511781692504883,0,0
0.013826370239257812,0,0
0.020053863525390625,0,0
0.026209115982055664,1,7
0.03223586082458496,1,17
0.03859257698059082,2,50
0.04395914077758789,2,20
0.05018186569213867,4,73
0.0552976131439209,4,135
0.061837196350097656,6,151
0.06800532341003418,7,188
0.07465386390686035,8,189
0.08070540428161621,10,198
0.08606863021850586,12,221
0.0921025276184082,12,231
0.09843254089355469,14,244
0.10369634628295898,16,249
0.1100311279296875,17,259
0.11513900756835938,19,271
0.1213538646697998,20,279
0.12874269485473633,22,288
0.13405823707580566,24,288
0.14029312133789062,26,296
0.1456594467163086,28,301
0.1517319679260254,30,306
0.15789437294006348,32,305
0.16315031051635742,34,313
0.1693277359008789,35,314
0.17586064338684082,38,316
0.1820824146270752,39,323
0.18838739395141602,41,321
0.1936359405517578,43,327
0.20015668869018555,45,327
0.20529532432556152,47,330
0.2113335132598877,49,334
0.21771001815795898,51,336
0.2229616641998291,54,337
0.23030614852905273,55,338
0.2356414794921875,57,340
0.2418990135192871,59,341
0.24804139137268066,61,340
0.2532684803009033,64,341
0.259735107421875,66,341
0.26496148109436035,70,345
0.279773473739624,72,347
0.2849743366241455,74,349
0.29120755195617676,76,348
0.2974059581756592,79,349
0.30315351486206055,81,351
0.3092813491821289,83,351
0.3147852420806885,85,349
0.3208277225494385,87,348
0.32785582542419434,89,348
0.3332710266113281,91,346
0.3396484851837158,94,352
0.34493470191955566,96,354
0.35100555419921875,98,354
0.35677075386047363,100,356
0.36258983612060547,102,354
0.368988037109375,104,353
0.37444281578063965,106,351
0.3813362121582031,108,350
0.38771677017211914,110,353
0.3928658962249756,112,350
0.39909982681274414,114,351
0.4046194553375244,117,353
0.4107401371002197,119,353
0.4161064624786377,121,354
0.4223289489746094,122,355
0.42940211296081543,125,355
0.4349329471588135,128,357
0.44103097915649414,130,354
0.44640541076660156,132,354
0.45244503021240234,133,354
0.4589676856994629,136,351
0.4644038677215576,138,351
0.470552921295166,140,352
0.47589802742004395,142,352
0.48305749893188477,144,355
0.4891941547393799,146,357
0.4946911334991455,149,357
0.5007374286651611,151,356
0.5060997009277344,153,355
0.5121805667877197,154,355
0.5185534954071045,156,354
0.5238003730773926,158,354
0.5308520793914795,162,353
0.5362346172332764,164,354
0.542421817779541,165,354
0.5488197803497314,168,358
0.5542471408843994,170,358
0.5604150295257568,172,355
0.5657932758331299,174,357
0.5718569755554199,176,357
0.5780277252197266,178,357
0.5845739841461182,181,353
0.5907785892486572,183,355
0.5961239337921143,185,353
0.6023564338684082,186,356
0.608710765838623,188,354
0.61405348777771,192,357
0.6202929019927979,193,356
0.6256608963012695,195,357
0.632495641708374,198,355
0.6388661861419678,200,355
0.6443014144897461,202,357
0.6504123210906982,204,353
0.6558074951171875,206,355
0.6620473861694336,208,352
0.6727933883666992,212,353
0.6803154945373535,215,356
0.6868162155151367,217,355
0.6927480697631836,219,357
0.6991708278656006,221,357
0.7053771018981934,223,354
0.7116765975952148,226,355
0.7178263664245605,228,352
0.7233014106750488,230,353
0.7297830581665039,232,354
0.736018180847168,234,350
0.742079496383667,236,353
0.7483758926391602,238,354
0.7536883354187012,240,354
0.7600481510162354,242,356
0.7651553153991699,244,355
0.7711789608001709,247,356
0.7772877216339111,249,354
0.7839608192443848,252,356
0.7902028560638428,253,353
0.7953088283538818,255,353
0.801347017288208,257,353
0.8077161312103271,260,353
0.8129754066467285,262,355
0.8191401958465576,264,356
0.8246364593505859,266,358
0.8306925296783447,267,358
0.8377077579498291,270,358
0.8431355953216553,272,355
0.8497850894927979,274,356
0.8549761772155762,276,353
0.8610432147979736,279,351
0.8663980960845947,281,354
0.8724575042724609,282,353
0.8788108825683594,285,353
0.8842389583587646,287,354
0.8911714553833008,290,356
0.8973379135131836,292,358
0.9028763771057129,294,356
0.9090945720672607,296,355
0.914656400680542,298,355
0.9206864833831787,299,351
0.9260854721069336,302,354
0.9321436882019043,304,353
0.9392621517181396,306,355
0.944779634475708,308,355
0.9508132934570312,310,354
0.9562039375305176,313,357
0.962425947189331,315,354
0.968822717666626,317,357
0.9742274284362793,319,354
0.9805543422698975,320,353
0.9876570701599121,324,354
0.992872953414917,326,351
0.9990928173065186,328,352
1.0046296119689941,330,354
