0.00850057601928711,0,0
0.01485133171081543,0,2
0.020924091339111328,1,7
0.026147127151489258,2,45
0.03335976600646973,2,19
0.03847956657409668,4,151
0.04451489448547363,6,95
0.05089521408081055,7,237
0.05613875389099121,9,293
0.06253290176391602,12,327
0.06805062294006348,14,366
0.0741119384765625,16,387
0.07945775985717773,19,408
0.08646655082702637,22,438
0.09291696548461914,25,460
0.09814262390136719,28,487
0.1042172908782959,31,497
0.11000871658325195,34,519
0.11603283882141113,38,542
0.12241363525390625,41,550
0.12798595428466797,44,569
0.13502836227416992,48,578
0.14118742942810059,52,589
0.14643025398254395,55,598
0.15289521217346191,59,604
0.1581413745880127,63,620
0.1642463207244873,66,631
0.17000079154968262,70,635
0.1756436824798584,74,642
0.18214082717895508,78,649
0.18841791152954102,82,656
0.19448590278625488,86,664
0.20085430145263672,90,670
0.20603370666503906,94,674
0.21227216720581055,98,675
0.21781253814697266,102,678
0.2238636016845703,106,684
0.22925877571105957,111,689
0.23631834983825684,115,693
0.2429945468902588,119,694
0.2481982707977295,123,694
0.2542896270751953,128,697
0.2600436210632324,132,700
0.2656819820404053,136,707
0.2720615863800049,140,709
0.27745914459228516,146,709
0.28621673583984375,150,711
0.29242372512817383,154,711
0.2979741096496582,159,720
0.3042898178100586,163,722
0.3155500888824463,172,721
0.3235037326812744,176,723
0.32888102531433105,180,724
0.33574748039245605,186,731
0.34230804443359375,191,730
0.3478269577026367,195,728
0.35387444496154785,200,728
0.35927748680114746,204,730
0.36550283432006836,207,732
0.372056245803833,213,735
0.3774571418762207,217,735
0.38358449935913086,222,735
0.39053964614868164,226,737
0.3959228992462158,230,738
0.40216565132141113,235,736
0.40767502784729004,240,738
0.4137542247772217,242,735
0.4191317558288574,248,734
0.425384521484375,251,737
0.43175315856933594,256,741
0.43795347213745117,262,742
0.4441227912902832,266,740
0.44949984550476074,270,738
0.45556020736694336,275,739
0.46201539039611816,279,738
0.4674220085144043,284,743
0.4735715389251709,287,740
0.4789454936981201,292,738
0.48517608642578125,297,740
0.4923124313354492,302,744
0.49785351753234863,306,743
0.5040218830108643,310,745
0.5094013214111328,315,743
0.515437126159668,318,741
0.5217781066894531,322,743
0.527334451675415,328,744
0.5334925651550293,331,746
0.5395598411560059,337,744
0.5457334518432617,342,741
0.5520951747894287,346,742
0.5575575828552246,350,744
0.563690185546875,354,746
0.5690398216247559,358,747
0.5751235485076904,362,744
0.5814552307128906,367,743
0.5865068435668945,373,743
0.5938606262207031,376,745
0.599280834197998,382,748
0.6055052280426025,385,742
0.6118268966674805,389,743
0.6171865463256836,395,742
0.6234254837036133,398,744
0.6287987232208252,403,746
0.6350357532501221,407,745
0.6421747207641602,413,741
0.6476788520812988,418,740
0.6537199020385742,420,743
0.65909743309021,426,747
0.6653246879577637,430,747
0.6717207431793213,434,746
0.676969051361084,438,742
0.6832294464111328,443,743
0.6883249282836914,449,747
0.6952395439147949,452,747
0.7015790939331055,456,748
0.7068417072296143,461,744
0.7183980941772461,470,746
0.7250001430511475,474,748
0.731114387512207,479,747
0.736508846282959,483,744
0.7438688278198242,489,741
0.7492752075195312,494,744
0.7553598880767822,497,747
0.761951208114624,502,746
0.7681424617767334,507,745
0.7742321491241455,512,742
0.7799761295318604,516,741
0.7859899997711182,520,746
0.7933661937713623,525,745
0.7984592914581299,530,746
0.8044924736022949,534,742
0.8108847141265869,538,742
0.8161220550537109,543,746
0.8223514556884766,547,747
0.827873945236206,552,746
0.833892822265625,556,743
0.8393051624298096,561,744
0.8464558124542236,565,745
0.8529231548309326,570,746
0.858123779296875,574,745
0.8642532825469971,578,744
0.8700466156005859,583,741
0.8756933212280273,588,742
0.8820328712463379,592,746
0.8874375820159912,596,748
0.894507646560669,601,746
0.9009397029876709,606,741
0.9063591957092285,610,742
0.9125075340270996,614,747
0.9180302619934082,619,746
0.9240984916687012,623,745
0.9294848442077637,628,743
0.9355230331420898,631,742
0.9418685436248779,637,743
0.9481849670410156,641,748
0.9542546272277832,646,748
0.9600555896759033,650,743
0.9659895896911621,654,744
0.9721887111663818,659,743
0.9777305126190186,664,750
0.9837815761566162,666,749
0.9892027378082275,672,750
0.9961893558502197,677,744
1.0023746490478516,682,744
