0.020591020584106445,0,0
0.025975704193115234,0,-2
0.03221607208251953,0,-2
0.0396878719329834,-1,-13
0.04487967491149902,-2,-98
0.051126718521118164,-3,-53
0.05726432800292969,-4,-41
0.06297802925109863,-6,-217
0.06920790672302246,-8,-271
0.07476186752319336,-10,-287
0.08083128929138184,-12,-326
0.08818316459655762,-14,-362
0.09325170516967773,-17,-393
0.09977078437805176,-20,-398
0.1050105094909668,-22,-427
0.11107802391052246,-25,-447
0.11723089218139648,-28,-461
0.12291431427001953,-31,-483
0.12909483909606934,-34,-495
0.1346135139465332,-37,-510
0.1417088508605957,-40,-531
0.14791655540466309,-44,-540
0.15319585800170898,-47,-549
0.15969181060791016,-50,-561
0.16492176055908203,-54,-567
0.17103099822998047,-58,-576
0.17721343040466309,-61,-590
0.18294954299926758,-65,-597
0.1901867389678955,-68,-601
0.19553065299987793,-72,-606
0.20162320137023926,-76,-610
0.20778703689575195,-80,-617
0.2130908966064453,-84,-623
0.2192373275756836,-87,-631
0.22476792335510254,-91,-635
0.23085856437683105,-95,-636
0.2362837791442871,-99,-639
0.24360966682434082,-102,-639
0.24989771842956543,-106,-644
0.255033016204834,-110,-653
0.26110267639160156,-114,-655
0.2672288417816162,-118,-655
0.2726871967315674,-122,-659
0.27890777587890625,-126,-653
0.28443098068237305,-130,-660
0.29128384590148926,-134,-662
0.29779982566833496,-138,-669
0.30324292182922363,-142,-669
0.3100244998931885,-146,-661
0.31517529487609863,-150,-666
0.3212566375732422,-154,-667
0.3276491165161133,-158,-671
0.3329029083251953,-162,-670
0.33907032012939453,-166,-675
0.3455331325531006,-170,-674
0.35164523124694824,-174,-672
0.3578464984893799,-178,-675
0.363292932510376,-182,-677
0.36977124214172363,-187,-678
0.37503862380981445,-191,-679
0.38112425804138184,-195,-678
0.3875131607055664,-203,-678
0.40120768547058105,-208,-678
0.40761518478393555,-212,-682
0.4131021499633789,-216,-676
0.4199345111846924,-221,-681
0.4250500202178955,-225,-677
0.43129444122314453,-229,-682
0.4377748966217041,-233,-685
0.44447898864746094,-238,-684
0.4505798816680908,-241,-684
0.455963134765625,-246,-681
0.4620399475097656,-249,-680
0.4685707092285156,-254,-683
0.4739382266998291,-259,-683
0.4803764820098877,-262,-686
0.4857337474822998,-266,-682
0.49181175231933594,-271,-681
0.4989485740661621,-275,-683
0.5045125484466553,-280,-688
0.5105705261230469,-282,-686
0.5159399509429932,-288,-687
0.5220050811767578,-290,-682
0.528393030166626,-294,-682
0.5336873531341553,-298,-685
0.5401697158813477,-304,-690
0.5462844371795654,-308,-688
0.5523397922515869,-312,-684
0.558734655380249,-316,-683
0.5641961097717285,-320,-683
0.5705366134643555,-323,-683
0.575908899307251,-329,-688
0.5820074081420898,-333,-689
0.5891342163085938,-337,-683
0.5955955982208252,-341,-684
0.601872444152832,-345,-680
0.6082549095153809,-349,-685
0.6135571002960205,-354,-689
0.6198849678039551,-358,-686
0.625016450881958,-362,-684
0.6310765743255615,-366,-684
0.6372249126434326,-370,-684
0.6427628993988037,-376,-687
0.6502103805541992,-378,-688
0.6555764675140381,-382,-687
0.6617817878723145,-386,-686
0.6681489944458008,-390,-683
0.6732501983642578,-394,-686
0.6798601150512695,-399,-685
0.6850287914276123,-403,-686
0.6911497116088867,-407,-684
0.6987545490264893,-412,-683
0.704188346862793,-416,-680
0.710322380065918,-419,-681
0.7157275676727295,-425,-686
0.721977949142456,-428,-690
0.7283308506011963,-432,-687
0.7336158752441406,-436,-685
0.7399096488952637,-440,-683
0.745046854019165,-446,-688
0.7520766258239746,-448,-687
0.7584905624389648,-452,-688
0.7637219429016113,-456,-685
0.7700119018554688,-460,-684
0.7751772403717041,-464,-681
0.7816481590270996,-468,-687
0.7878484725952148,-473,-686
0.8007569313049316,-482,-684
0.8061621189117432,-486,-681
0.8123950958251953,-490,-684
0.818946361541748,-495,-686
0.8245546817779541,-499,-690
0.8308837413787842,-503,-685
0.8362867832183838,-507,-685
0.8426551818847656,-511,-682
0.8499453067779541,-515,-686
0.8551332950592041,-520,-684
0.8612096309661865,-524,-686
0.86763596534729,-528,-685
0.8729209899902344,-532,-680
0.8790626525878906,-536,-683
0.8845882415771484,-540,-687
0.8906183242797852,-544,-687
0.8960366249084473,-548,-685
0.903123140335083,-552,-687
0.909611701965332,-556,-687
0.9148492813110352,-560,-684
0.9209542274475098,-565,-691
0.9267425537109375,-569,-687
0.9324297904968262,-573,-689
0.9387822151184082,-577,-685
0.9442331790924072,-581,-681
0.9511713981628418,-585,-686
0.9576101303100586,-590,-690
0.9631030559539795,-594,-691
0.9692502021789551,-598,-691
0.9748122692108154,-602,-684
0.9809169769287109,-606,-686
0.9867076873779297,-610,-685
0.9923937320709229,-614,-692
0.9987854957580566,-618,-687
1.005018949508667,-622,-687
