0.021366357803344727,0,0
0.028510570526123047,0,2
0.033762216567993164,1,2
0.04030418395996094,2,15
0.04570364952087402,2,12
0.05182337760925293,4,32
0.05802607536315918,4,138
0.06330442428588867,6,83
0.0705111026763916,8,198
0.07595419883728027,10,240
0.08205461502075195,11,271
0.08837437629699707,13,298
0.09367561340332031,17,330
0.10638785362243652,20,358
0.11260271072387695,22,376
0.12035059928894043,25,391
0.12574052810668945,28,395
0.1320486068725586,30,411
0.13853001594543457,32,421
0.1438441276550293,35,429
0.15016746520996094,38,440
0.15530133247375488,40,450
0.16179656982421875,43,461
0.16895651817321777,47,467
0.17441534996032715,50,476
0.18057537078857422,52,479
0.18603062629699707,56,484
0.19211602210998535,58,484
0.19848322868347168,61,491
0.2037827968597412,64,498
0.2101001739501953,67,500
0.21528291702270508,71,507
0.2224714756011963,74,513
0.22887897491455078,77,508
0.2343158721923828,80,511
0.24047636985778809,82,514
0.2459094524383545,86,516
0.2519981861114502,88,521
0.2583644390106201,92,524
0.26368069648742676,96,528
0.2708122730255127,99,528
0.2762179374694824,102,529
0.282454252243042,104,527
0.28879785537719727,108,528
0.29426097869873047,112,531
0.3004169464111328,114,532
0.3058505058288574,117,538
0.31196045875549316,120,539
0.3190798759460449,125,542
0.3246457576751709,128,538
0.3307499885559082,131,537
0.33614087104797363,134,537
0.3423798084259033,137,539
0.34875988960266113,140,541
0.3542168140411377,144,544
0.3604254722595215,146,546
0.36585259437561035,151,544
0.37282490730285645,154,544
0.37905311584472656,158,542
0.3846457004547119,160,545
0.39072728157043457,164,546
0.39612603187561035,167,549
0.40238308906555176,170,550
0.4087557792663574,174,548
0.4142293930053711,177,548
0.4211704730987549,180,547
0.4273488521575928,184,549
0.4327549934387207,187,550
0.43901491165161133,190,551
0.44452548027038574,194,550
0.45061635971069336,196,549
0.45609545707702637,200,549
0.46236586570739746,202,550
0.4688088893890381,207,549
0.47518301010131836,210,548
0.48129773139953613,214,553
0.48766660690307617,217,553
0.49284958839416504,222,555
0.5057570934295654,227,551
0.5120148658752441,230,550
0.5186431407928467,234,550
0.524979829788208,238,553
0.5313560962677002,241,554
0.5377283096313477,244,553
0.5429835319519043,248,553
0.5491588115692139,251,550
0.554685115814209,254,551
0.5607509613037109,258,552
0.5661258697509766,261,555
0.5730364322662354,264,556
0.5793731212615967,268,555
0.5849082469940186,271,554
0.591027021408081,274,551
0.5967719554901123,278,552
0.6024622917175293,280,551
0.608830451965332,284,552
0.614269495010376,288,555
0.6204233169555664,291,556
0.6273849010467529,294,555
0.6328146457672119,298,553
0.639188289642334,301,553
0.644737720489502,304,553
0.6508057117462158,308,553
0.656191349029541,311,553
0.6624491214752197,313,558
0.6688094139099121,318,555
0.6750524044036865,321,554
0.681194543838501,324,552
0.6873703002929688,328,554
0.6928012371063232,331,553
0.6991970539093018,334,560
0.7047476768493652,338,561
0.7108402252197266,341,555
0.7162477970123291,344,556
0.7223427295684814,348,550
0.729773998260498,351,554
0.7351231575012207,354,554
0.7412023544311523,358,556
0.7485580444335938,361,555
0.7538483142852783,364,560
0.7603657245635986,368,555
0.7657661437988281,371,553
0.7718625068664551,375,552
0.7790253162384033,378,552
0.7845704555511475,382,556
0.7908337116241455,385,555
0.7962284088134766,388,558
0.802412748336792,391,555
0.8088138103485107,395,555
0.8142750263214111,398,553
0.8206346035003662,401,552
0.8278005123138428,405,556
0.8331024646759033,408,554
0.8392925262451172,412,559
0.8448433876037598,415,557
0.8509900569915771,418,555
0.856393575668335,422,549
0.8624529838562012,425,554
0.8688535690307617,428,555
0.8742892742156982,432,556
0.8813996315002441,435,559
0.8878867626190186,438,553
0.8932075500488281,442,555
0.905144214630127,448,554
0.9116747379302979,452,554
0.9178633689880371,455,559
0.9236660003662109,460,557
0.9308323860168457,463,555
0.9362397193908691,466,552
0.9424941539764404,470,554
0.9488904476165771,473,554
0.9543008804321289,476,554
0.9604983329772949,478,556
0.9659075736999512,482,559
0.972015380859375,485,559
0.9790823459625244,490,552
0.9846498966217041,493,550
0.9907441139221191,496,553
0.9961349964141846,500,550
1.0023555755615234,508,557
