0.006300210952758789,-4,-445
0.011955738067626953,-7,-421
0.018422603607177734,-10,-413
0.02629399299621582,-12,-417
0.031882286071777344,-16,-436
0.038223981857299805,-18,-457
0.04495096206665039,-22,-472
0.05071663856506348,-24,-488
0.05706143379211426,-28,-497
0.06398344039916992,-30,-509
0.06949687004089355,-35,-524
0.07669830322265625,-38,-530
0.08310651779174805,-41,-536
0.08883523941040039,-48,-552
0.1025400161743164,-52,-560
0.10896921157836914,-56,-567
0.11595630645751953,-60,-570
0.12159490585327148,-64,-577
0.12895989418029785,-68,-578
0.13576626777648926,-71,-582
0.14110255241394043,-74,-585
0.1476736068725586,-78,-592
0.15422797203063965,-82,-594
0.15989947319030762,-86,-596
0.16645431518554688,-90,-592
0.17206025123596191,-94,-596
0.17947077751159668,-97,-597
0.18604302406311035,-101,-603
0.19170403480529785,-106,-603
0.1980304718017578,-108,-605
0.20465636253356934,-113,-603
0.21042394638061523,-116,-608
0.21673846244812012,-120,-605
0.2233445644378662,-125,-606
0.23016691207885742,-129,-608
0.23649072647094727,-132,-608
0.24251198768615723,-136,-605
0.24842095375061035,-140,-607
0.255023717880249,-144,-611
0.26506996154785156,-150,-612
0.270845890045166,-154,-612
0.27820372581481934,-158,-612
0.2849569320678711,-162,-612
0.29069042205810547,-166,-609
0.2970595359802246,-169,-609
0.303952693939209,-173,-612
0.3096466064453125,-178,-614
0.3161330223083496,-180,-611
0.3217625617980957,-185,-612
0.3289821147918701,-188,-609
0.33580565452575684,-192,-612
0.3414335250854492,-197,-614
0.3479304313659668,-200,-618
0.35466527938842773,-205,-613
0.3604471683502197,-210,-611
0.36869168281555176,-213,-612
0.37510156631469727,-217,-614
0.3818662166595459,-222,-615
0.3881986141204834,-226,-614
0.39481329917907715,-229,-615
0.4005613327026367,-234,-611
0.407940149307251,-236,-612
0.4145228862762451,-242,-611
0.42026281356811523,-245,-615
0.42656826972961426,-249,-613
0.4341449737548828,-252,-614
0.4397456645965576,-258,-612
0.44623470306396484,-260,-613
0.4518587589263916,-265,-613
0.45818233489990234,-268,-616
0.46489906311035156,-272,-616
0.47065162658691406,-284,-611
0.5059401988983154,-300,-614
0.5262455940246582,-314,-614
0.5409801006317139,-321,-615
0.5576980113983154,-332,-614
0.5719451904296875,-341,-617
0.5858352184295654,-350,-613
0.6003890037536621,-357,-611
0.6118042469024658,-367,-612
0.6256117820739746,-375,-610
0.645667314529419,-384,-612
0.6580691337585449,-394,-614
0.66935133934021,-401,-613
0.6802124977111816,-405,-612
0.6875529289245605,-408,-614
0.6941020488739014,-412,-613
0.6996917724609375,-417,-617
0.7063250541687012,-420,-615
0.711944580078125,-424,-616
0.718250036239624,-428,-612
0.7248542308807373,-432,-614
0.7306241989135742,-437,-615
0.7379336357116699,-439,-615
0.7446765899658203,-444,-614
0.7504339218139648,-448,-617
0.7567455768585205,-452,-614
0.7633929252624512,-455,-615
0.7690520286560059,-459,-616
0.7758057117462158,-462,-616
0.7814085483551025,-468,-617
0.7885971069335938,-471,-615
0.7950778007507324,-475,-612
0.8008127212524414,-478,-612
0.8071238994598389,-482,-615
0.8139407634735107,-486,-616
0.819474458694458,-490,-616
0.8261730670928955,-493,-616
0.8317997455596924,-498,-610
0.8390731811523438,-502,-612
0.8458669185638428,-506,-613
0.8514859676361084,-509,-615
0.8578078746795654,-513,-616
0.8644042015075684,-518,-617
0.8701269626617432,-522,-614
0.8766262531280518,-525,-617
0.8825743198394775,-529,-616
0.8899977207183838,-535,-620
0.9019529819488525,-542,-618
0.9084062576293945,-545,-617
0.9154877662658691,-549,-615
0.9209165573120117,-552,-620
0.9276349544525146,-556,-619
0.9342155456542969,-561,-620
0.9406595230102539,-565,-621
0.9473800659179688,-568,-619
0.9539642333984375,-572,-617
0.9596338272094727,-577,-619
0.9660935401916504,-580,-618
0.9717156887054443,-585,-620
0.9780311584472656,-587,-618
0.9846458435058594,-592,-618
0.9914624691009521,-596,-617
0.9977796077728271,-600,-619
1.0045673847198486,-604,-621
