0.005559206008911133,1,120
0.012133359909057617,1,88
0.018080711364746094,2,88
0.024479150772094727,2,88
0.03143930435180664,2,88
0.037045955657958984,1,27
0.043404579162597656,1,0
0.0510401725769043,0,-24
0.056441307067871094,0,-49
0.06303286552429199,0,-67
0.0696110725402832,-1,-79
0.07525372505187988,-2,-88
0.0818631649017334,-2,-88
0.08742713928222656,-3,-89
0.09370112419128418,-4,-97
0.10135960578918457,-4,-97
0.10700201988220215,-5,-107
0.11335277557373047,-6,-112
0.11996293067932129,-7,-117
0.12567567825317383,-8,-123
0.13204622268676758,-8,-123
0.13805222511291504,-9,-127
0.14433002471923828,-10,-127
0.1519620418548584,-11,-130
0.15757465362548828,-12,-130
0.16388845443725586,-12,-132
0.17049050331115723,-14,-134
0.17623448371887207,-14,-135
0.18259263038635254,-15,-139
0.18952083587646484,-16,-139
0.19504547119140625,-17,-138
0.20254087448120117,-18,-137
0.20917987823486328,-19,-137
0.21490907669067383,-20,-136
0.22150039672851562,-20,-136
0.22707891464233398,-21,-141
0.23343229293823242,-22,-141
0.2400352954864502,-23,-141
0.24578332901000977,-24,-141
0.2521228790283203,-25,-140
0.25985097885131836,-26,-138
0.265500545501709,-27,-137
0.27191901206970215,-28,-137
0.27756166458129883,-28,-139
0.28423118591308594,-29,-140
0.2906348705291748,-30,-141
0.29639482498168945,-32,-143
0.30760669708251953,-33,-142
0.3138866424560547,-34,-141
0.3206191062927246,-34,-138
0.32636165618896484,-36,-139
0.3397338390350342,-37,-141
0.34539294242858887,-38,-142
0.351959228515625,-39,-143
0.3597733974456787,-40,-143
0.3654465675354004,-41,-142
0.37182068824768066,-42,-142
0.37740111351013184,-43,-143
0.3838784694671631,-44,-143
0.39049482345581055,-44,-143
0.3962111473083496,-45,-141
0.4042627811431885,-46,-139
0.4119579792022705,-48,-139
0.4175717830657959,-48,-138
0.42387962341308594,-49,-139
0.4304368495941162,-50,-139
0.4361710548400879,-51,-140
0.44264864921569824,-52,-139
0.4502389430999756,-53,-140
0.4566531181335449,-54,-142
0.4632396697998047,-54,-140
0.46979379653930664,-55,-142
0.47547078132629395,-56,-141
0.4818394184112549,-57,-140
0.4874293804168701,-58,-142
0.4937436580657959,-59,-143
0.5004496574401855,-60,-143
0.5071821212768555,-61,-143
0.5134844779968262,-62,-142
0.5200326442718506,-63,-141
0.5257477760314941,-64,-141
0.5320892333984375,-64,-141
0.538060188293457,-65,-142
0.5443365573883057,-66,-142
0.5511205196380615,-67,-143
0.5564601421356201,-68,-141
0.5638573169708252,-69,-140
0.5704464912414551,-70,-141
0.5761992931365967,-70,-139
0.5825748443603516,-72,-140
0.58921217918396,-72,-140
0.5949180126190186,-73,-140
0.6014304161071777,-74,-139
0.60703444480896,-75,-142
0.6142027378082275,-76,-141
0.6211726665496826,-77,-141
0.6265170574188232,-78,-139
0.6330790519714355,-78,-139
0.6396112442016602,-79,-137
0.6452131271362305,-80,-140
0.65169358253479,-81,-140
0.6573140621185303,-82,-141
0.6644911766052246,-83,-142
0.6714355945587158,-84,-140
0.6770734786987305,-85,-142
0.6835241317749023,-86,-141
0.6901037693023682,-87,-142
0.695864200592041,-88,-143
0.7021691799163818,-88,-141
0.7085459232330322,-89,-140
0.7153942584991455,-90,-143
0.7217850685119629,-91,-142
0.7273759841918945,-93,-141
0.7405622005462646,-94,-139
0.7462751865386963,-94,-137
0.7529983520507812,-96,-139
0.759768009185791,-97,-141
0.7702126502990723,-98,-141
0.7759890556335449,-99,-141
0.7823066711425781,-100,-140
0.7889823913574219,-100,-142
0.7944846153259277,-102,-141
0.8014800548553467,-102,-141
0.8070797920227051,-103,-140
0.8215289115905762,-106,-142
0.8352513313293457,-107,-142
0.8469891548156738,-110,-141
0.8616037368774414,-111,-142
0.8734700679779053,-113,-141
0.8865587711334229,-115,-142
0.9016656875610352,-117,-142
0.9132797718048096,-119,-139
0.927037239074707,-120,-140
0.9368984699249268,-122,-141
0.9431931972503662,-122,-139
0.9497518539428711,-123,-140
0.9554214477539062,-124,-140
0.9618220329284668,-125,-138
0.967496395111084,-126,-141
0.9823529720306396,-129,-139
0.9958834648132324,-130,-142
1.0032250881195068,-131,-141
