0.012824773788452148,10,626
0.01891183853149414,13,585
0.025598526000976562,17,560
0.03118443489074707,21,559
0.037470340728759766,23,567
0.04750466346740723,33,587
0.06009197235107422,40,592
0.07350802421569824,45,598
0.0796670913696289,50,601
0.0859842300415039,53,609
0.09197711944580078,57,611
0.09800910949707031,61,616
0.10445976257324219,65,615
0.11016273498535156,69,618
0.11743330955505371,72,620
0.12404441833496094,77,623
0.12977266311645508,81,627
0.13625097274780273,85,628
0.14287495613098145,89,629
0.14833855628967285,92,629
0.15514516830444336,96,630
0.1604750156402588,101,632
0.16766953468322754,105,636
0.17420744895935059,109,638
0.17998695373535156,113,636
0.1862952709197998,116,635
0.19297099113464355,120,636
0.1988353729248047,124,639
0.205352783203125,128,643
0.21097707748413086,133,641
0.21823692321777344,137,643
0.22501850128173828,141,641
0.23035049438476562,145,639
0.2369077205657959,149,643
0.24352502822875977,152,645
0.24910926818847656,157,644
0.25573039054870605,160,644
0.26131200790405273,165,644
0.26886606216430664,169,643
0.2753946781158447,173,646
0.2809596061706543,177,644
0.2872765064239502,181,646
0.29386258125305176,186,647
0.2995741367340088,190,645
0.3058438301086426,193,643
0.3114190101623535,197,648
0.3190925121307373,203,648
0.3257722854614258,205,647
0.33135509490966797,211,645
0.33765459060668945,214,643
0.34421634674072266,218,643
0.34997034072875977,222,646
0.35628700256347656,226,650
0.362851619720459,230,647
0.3695652484893799,235,646
0.3760182857513428,239,645
0.3819866180419922,243,646
0.38800787925720215,249,647
0.4002060890197754,255,649
0.4069972038269043,258,645
0.4136984348297119,263,645
0.42024827003479004,267,646
0.42695164680480957,271,649
0.4336709976196289,275,650
0.4393022060394287,280,651
0.44569921493530273,283,649
0.45127177238464355,288,645
0.45774388313293457,292,648
0.46436262130737305,296,650
0.471116304397583,301,650
0.4773838520050049,304,648
0.48395752906799316,309,647
0.4896721839904785,313,646
0.4961581230163574,317,649
0.5025210380554199,321,649
0.5082082748413086,325,651
0.5150158405303955,328,648
0.5230832099914551,333,648
0.5287785530090332,337,645
0.5353381633758545,341,648
0.54091477394104,345,651
0.5472009181976318,349,647
0.5539517402648926,354,645
0.559680700302124,358,644
0.565969705581665,362,646
0.5735218524932861,366,646
0.5791430473327637,371,650
0.5857326984405518,374,647
0.5913453102111816,379,644
0.5976676940917969,383,645
0.6041877269744873,387,647
0.6099658012390137,391,646
0.6164207458496094,395,647
0.6239755153656006,399,650
0.629688024520874,403,647
0.6361608505249023,407,646
0.6424977779388428,411,647
0.6482131481170654,415,647
0.6550192832946777,419,651
0.6603572368621826,423,649
0.6669440269470215,428,648
0.6743717193603516,432,646
0.6800978183746338,436,648
0.6864619255065918,440,650
0.6930809020996094,444,654
0.6987769603729248,447,649
0.7053408622741699,451,650
0.710930585861206,457,648
0.7173745632171631,459,651
0.7249352931976318,465,654
0.7303287982940674,469,651
0.7370200157165527,472,651
0.7435629367828369,476,646
0.7491610050201416,481,649
0.7556643486022949,484,649
0.7612559795379639,489,653
0.7675609588623047,493,652
0.7752625942230225,497,650
0.7808976173400879,501,648
0.7872054576873779,509,652
0.7996869087219238,514,650
0.8061585426330566,518,651
0.8125231266021729,522,649
0.8184397220611572,525,648
0.8259842395782471,531,647
0.8319365978240967,535,650
0.8380162715911865,539,651
0.8451178073883057,543,649
0.8504691123962402,546,649
0.8571634292602539,550,648
0.8637340068817139,554,646
0.8693616390228271,559,650
0.8764803409576416,563,650
0.8831002712249756,567,650
0.8885369300842285,571,646
0.8953135013580322,575,646
0.9008846282958984,579,651
0.9072401523590088,583,649
0.9139821529388428,588,653
0.9197001457214355,592,650
0.9269833564758301,595,647
0.9335229396820068,599,647
0.939103364944458,605,649
0.9455173015594482,607,650
0.9511418342590332,613,650
0.9574408531188965,615,651
0.9640460014343262,621,649
0.9697935581207275,624,647
0.9772636890411377,628,651
0.9838745594024658,633,651
0.9895720481872559,637,650
0.9958720207214355,641,647
1.0014421939849854,645,646
