0.005460500717163086,5,615
0.012998819351196289,8,577
0.019811630249023438,12,556
0.02556777000427246,16,540
0.03199172019958496,19,535
0.038400888442993164,22,532
0.04411506652832031,25,530
0.05093240737915039,28,525
0.056265830993652344,32,525
0.06358742713928223,36,520
0.07020902633666992,39,513
0.07590627670288086,42,511
0.08239030838012695,45,508
0.08938097953796387,48,507
0.09498906135559082,52,508
0.10145044326782227,54,505
0.10703349113464355,58,502
0.1143348217010498,61,498
0.12112116813659668,64,492
0.12670445442199707,67,495
0.13301706314086914,70,496
0.13972043991088867,74,492
0.14545106887817383,77,498
0.15170741081237793,80,492
0.15727853775024414,83,493
0.1635293960571289,86,488
0.17130589485168457,88,491
0.1820671558380127,94,488
0.19018268585205078,98,488
0.1958913803100586,101,488
0.20270514488220215,104,488
0.20941543579101562,107,487
0.21586918830871582,111,483
0.22238636016845703,114,483
0.22925758361816406,117,483
0.23476052284240723,120,483
0.24132180213928223,122,481
0.24692749977111816,126,485
0.25324273109436035,128,484
0.2599523067474365,132,479
0.26638197898864746,135,483
0.27294015884399414,138,479
0.27952146530151367,141,480
0.2851674556732178,145,483
0.29155945777893066,147,480
0.2971320152282715,150,486
0.30340123176574707,152,482
0.31001973152160645,156,479
0.31575441360473633,160,479
0.32319021224975586,162,479
0.3297610282897949,166,478
0.33550143241882324,169,479
0.34177517890930176,172,482
0.34734082221984863,174,483
0.3539125919342041,178,477
0.36036038398742676,180,481
0.3660752773284912,184,479
0.37325525283813477,186,478
0.37996387481689453,190,478
0.3857250213623047,193,481
0.39205336570739746,196,482
0.39840006828308105,198,482
0.40409135818481445,202,479
0.41083765029907227,204,480
0.41628456115722656,208,476
0.4235951900482178,211,479
0.4301760196685791,214,478
0.4358987808227539,217,479
0.44236111640930176,220,479
0.4490072727203369,222,482
0.45470166206359863,226,481
0.46123409271240234,228,480
0.466813325881958,232,476
0.4741017818450928,235,480
0.4811267852783203,238,476
0.48643946647644043,241,479
0.49298977851867676,244,482
0.499725341796875,248,481
0.5054495334625244,250,480
0.5124454498291016,253,477
0.5192618370056152,257,478
0.5257771015167236,260,477
0.5320508480072021,263,482
0.5384302139282227,266,480
0.5441176891326904,268,480
0.5509276390075684,272,482
0.5562658309936523,274,480
0.5629808902740479,277,479
0.5695717334747314,281,479
0.5760879516601562,286,478
0.5889582633972168,290,478
0.594780683517456,292,479
0.6014609336853027,296,480
0.607053279876709,299,480
0.6136157512664795,302,480
0.6203708648681641,305,478
0.6271190643310547,309,479
0.633397102355957,311,477
0.6399636268615723,314,480
0.6456739902496338,318,480
0.6520252227783203,320,482
0.6583828926086426,323,482
0.6641576290130615,326,478
0.6709461212158203,330,476
0.6773316860198975,333,477
0.6838958263397217,336,480
0.6903553009033203,338,483
0.6960783004760742,342,480
0.7023963928222656,344,482
0.7092475891113281,347,481
0.7147371768951416,350,479
0.7212729454040527,354,477
0.7283852100372314,357,477
0.7342038154602051,360,481
0.7411894798278809,362,480
0.7467830181121826,366,479
0.7530720233917236,368,483
0.7596511840820312,371,479
0.765317440032959,375,478
0.771723747253418,378,476
0.7792940139770508,381,476
0.7848174571990967,384,481
0.7913727760314941,386,480
0.7969791889190674,390,481
0.8034381866455078,392,483
0.8100235462188721,396,480
0.8157739639282227,399,480
0.822160005569458,402,476
0.8297951221466064,406,480
0.835507869720459,409,477
0.8417606353759766,412,480
0.8473241329193115,414,480
0.8536391258239746,417,480
0.8603668212890625,420,480
0.8660697937011719,423,479
0.8727738857269287,427,479
0.8800783157348633,430,481
0.8858246803283691,433,479
0.8921520709991455,436,480
0.8987798690795898,438,482
0.9042696952819824,441,478
0.9110798835754395,444,480
0.9164140224456787,447,478
0.9231269359588623,451,479
0.9304296970367432,454,480
0.9361913204193115,457,480
0.9427428245544434,460,479
0.949296236038208,462,481
0.9547824859619141,465,481
0.9615116119384766,468,480
0.967139482498169,472,479
0.9734115600585938,475,479
0.9867339134216309,482,483
0.9932680130004883,484,481
1.0001270771026611,488,480
