0.015902996063232422,0,0
0.03022480010986328,0,7
0.036986589431762695,1,18
0.04354262351989746,2,21
0.04916787147521973,4,56
0.05625581741333008,6,260
0.0628349781036377,8,281
0.06870198249816895,11,341
0.07525086402893066,13,382
0.08081793785095215,17,425
0.08719682693481445,19,473
0.09388494491577148,23,490
0.09961652755737305,27,523
0.10688257217407227,30,548
0.11346149444580078,34,578
0.11903166770935059,39,598
0.12548065185546875,41,611
0.13112592697143555,46,625
0.137420654296875,49,643
0.1440141201019287,54,657
0.14976048469543457,59,676
0.1571815013885498,63,687
0.16373801231384277,68,693
0.16945648193359375,73,701
0.17575931549072266,77,708
0.18132424354553223,81,717
0.18767547607421875,85,728
0.19436192512512207,90,731
0.20008206367492676,95,740
0.2073211669921875,99,744
0.21404695510864258,105,752
0.21979546546936035,109,757
0.23126721382141113,120,764
0.23974275588989258,125,768
0.24623894691467285,129,775
0.2528562545776367,136,779
0.25980091094970703,141,776
0.26625728607177734,145,780
0.272871732711792,150,781
0.2787647247314453,155,786
0.28533029556274414,159,791
0.29093313217163086,166,786
0.2972278594970703,169,791
0.30374765396118164,175,794
0.3102593421936035,180,796
0.31685876846313477,185,796
0.32356953620910645,189,793
0.3294227123260498,196,795
0.3358769416809082,201,799
0.34185147285461426,205,802
0.3478851318359375,211,799
0.3543531894683838,215,798
0.3610842227935791,221,802
0.36736392974853516,225,801
0.3739650249481201,231,806
0.37970709800720215,236,807
0.3860132694244385,241,803
0.3923637866973877,246,805
0.39826512336730957,251,808
0.40512561798095703,257,809
0.4118611812591553,261,808
0.4178493022918701,267,810
0.4243018627166748,271,809
0.4300270080566406,276,810
0.4363248348236084,281,813
0.4429471492767334,286,810
0.44864797592163086,291,811
0.4554169178009033,297,811
0.46280646324157715,302,815
0.46831560134887695,307,813
0.47508811950683594,312,810
0.4803957939147949,317,811
0.4869570732116699,321,812
0.4935719966888428,327,816
0.4991936683654785,333,815
0.50553297996521,336,812
0.5128922462463379,343,814
0.5187504291534424,347,816
0.5252659320831299,353,811
0.5307834148406982,357,815
0.5370781421661377,362,813
0.5436830520629883,367,813
0.5493011474609375,374,815
0.5556807518005371,379,812
0.5638365745544434,385,812
0.569551944732666,390,810
0.5759687423706055,395,817
0.5823042392730713,400,815
0.5882048606872559,405,812
0.5950117111206055,409,812
0.6003849506378174,415,814
0.6069176197052002,419,815
0.6141319274902344,426,816
0.6198558807373047,431,814
0.6262180805206299,441,814
0.6397931575775146,447,816
0.6462795734405518,452,817
0.6529171466827393,457,816
0.6587872505187988,463,815
0.6661992073059082,468,818
0.6727945804595947,473,819
0.67826247215271,478,815
0.6850879192352295,483,816
0.6904201507568359,488,816
0.6971180438995361,493,819
0.7036910057067871,497,820
0.7094376087188721,504,817
0.7167608737945557,509,815
0.7233233451843262,514,818
0.7288098335266113,519,818
0.7353823184967041,524,818
0.7409918308258057,531,816
0.7472879886627197,533,817
0.7540085315704346,540,819
0.7597405910491943,545,819
0.7670419216156006,550,818
0.7736077308654785,555,816
0.7792501449584961,561,818
0.7855799198150635,565,818
0.7911360263824463,571,819
0.797433614730835,576,817
0.8039994239807129,581,818
0.8097405433654785,586,817
0.8172132968902588,591,819
0.8237323760986328,597,820
0.8294408321380615,603,818
0.8357260227203369,607,819
0.841331958770752,612,821
0.8479902744293213,617,819
0.8543908596038818,622,818
0.8601624965667725,627,816
0.8674337863922119,632,821
0.8781349658966064,642,821
0.8849902153015137,647,819
0.8903429508209229,651,817
0.8968846797943115,657,819
0.9034533500671387,661,819
0.9090521335601807,668,819
0.9154987335205078,678,821
0.9318797588348389,689,819
0.9440426826477051,699,819
0.9593079090118408,709,820
0.9709782600402832,721,818
0.9838132858276367,732,821
0.9974255561828613,742,819
1.0107851028442383,755,823
