0.00959467887878418,0.0,0.0
0.03392601013183594,0.0,0.0
0.049370527267456055,0.0003787364476822063,0.0
0.06129765510559082,0.0009468411192042822,1.774071787499775e-17
0.0735170841217041,0.001893679518172829,-2.2696385986380977e-06
0.08571791648864746,0.0028405097564423985,-6.80890275481014e-06
0.09941482543945312,0.004166083515000338,-9.986396792933047e-06
0.11137175559997559,0.005491661081889293,-9.986396792891652e-06
0.12313222885131836,0.0070066025202394615,-6.35497503499382e-06
0.13527774810791016,0.008710872467123017,5.900979501581414e-06
0.15448427200317383,0.010983186696821998,2.768919706183283e-05
0.16674089431762695,0.013254952556696493,8.215535926948542e-05
0.18014836311340332,0.015337141306495633,0.00014206561310091707
0.19301271438598633,0.017418845395256448,0.00021694762115671932
0.20524978637695312,0.019499957171588853,0.0003067975110555254
0.21699023246765137,0.02158084759304833,0.0004016357005823653
0.2294316291809082,0.023661002215490244,0.0005114354047613138
0.24137258529663086,0.02592934176329907,0.000647532358303176
0.2540450096130371,0.02857494628213067,0.0008189974372399564
0.2660341262817383,0.030841093894281822,0.0009877033495802167
0.2789797782897949,0.03291763060434358,0.0011523074809686724
0.2911794185638428,0.035370257081960725,0.0013644822938791176
0.3038918972015381,0.03801099182707268,0.0015993089306316896
0.31577253341674805,0.04008399039435543,0.0018037011231144498
0.3287782669067383,0.04272172106590859,0.0020701602151300433
0.3401308059692383,0.04479319622045467,0.0022894543381760894
0.35303735733032227,0.047240674951040035,0.0025544876441253653
0.365123987197876,0.04949806838786923,0.0028153737424084953
0.37698817253112793,0.051755461824700866,0.003076259840691979
0.38968968391418457,0.05419958833375094,0.0033706072505891105
0.40293049812316895,0.056829377001423355,0.0037065166233947898
0.4151425361633301,0.05908348157371435,0.003994438942942559
0.4269411563873291,0.06114974409831586,0.004258367735861466
0.4394054412841797,0.06359093602048485,0.0045761361878308695
0.4521050453186035,0.06621908407928724,0.004924649206788919
0.4640824794769287,0.06847032440397523,0.005234170911079335
0.47614026069641113,0.07090916808904982,0.005569486090726726
0.4890768527984619,0.0731596600027291,0.005884403272525918
0.5018279552459717,0.07578523390201833,0.006251806651291187
0.5137996673583984,0.07784677717937794,0.006550367438866602
0.5256130695343018,0.08009650775089222,0.006870678288684266
0.5385186672210693,0.08215732943625487,0.00717417986932855
0.555182695388794,0.08534110218939941,0.007650860842679138
0.567518949508667,0.08758765816933407,0.007992727650000347
0.5797851085662842,0.09002142714759255,0.008363083357931038
0.5918905735015869,0.09208001302594258,0.008681396740892465
0.6049470901489258,0.0943249042404277,0.009034029864754167
0.6167201995849609,0.09638114785588227,0.00936713858905691
0.6293227672576904,0.09862344519232225,0.009735905913953128
0.6411702632904053,0.10086394884811235,0.010115418829832551
0.6539373397827148,0.10310445250390003,0.010494931745711563
0.6657676696777344,0.10515655611071581,0.010852660714622292
0.6787633895874023,0.10720779632274227,0.011215307679120304
0.6901929378509521,0.10925816135371788,0.011582870555465202
0.7030184268951416,0.11149395561045525,0.011989208747685868
0.7152519226074219,0.11335711749107014,0.01232782390786977
0.727104902267456,0.11559093802287321,0.012744876082810967
0.7395596504211426,0.11763860684368946,0.013127173909839793
0.7524962425231934,0.11986937053751202,0.01356027900937112
0.7645423412322998,0.121728340282367,0.013921199925647717
0.7765750885009766,0.12358555836827927,0.014291028806947022
0.789109468460083,0.12562849826278374,0.01469784057637645
0.8018150329589844,0.12785608975889728,0.015146976203286122
0.8138077259063721,0.12989804863033372,0.015558683861286388
0.825615406036377,0.1319369940578264,0.01598506487870026
0.838592529296875,0.1336060535750775,0.016329922223330913
0.8499248027801514,0.13583035767779528,0.016795065151418383
0.8630249500274658,0.137867235554918,0.017231216205518065
0.875053882598877,0.13953291181764488,0.017592060836975912
0.88681960105896,0.14156767532948902,0.018037971903413993
0.8994073867797852,0.14360136411824495,0.018488759146781022
0.912013053894043,0.1456339664985002,0.01894441997688964
0.9240715503692627,0.14766547079106782,0.019404951775545524
0.9360320568084717,0.14951128400199376,0.019828042794658426
0.9527308940887451,0.1515394240198847,0.02030317151000172
0.9656422138214111,0.15430350848887764,0.02095770187099211
0.9786398410797119,0.155776845863188,0.021310317426965972
0.9905719757080078,0.1578026847528626,0.021795163816429593
1.0020098686218262,0.15982735561463943,0.022284864878074535
1.0153369903564453,0.16185084681491263,0.022779417798115566
1.027024745941162,0.16350545583377696,0.023188019382749
1.039552927017212,0.16534281674616974,0.02364642673182246
1.051675796508789,0.16717795888689102,0.02411363733041907
1.064814805984497,0.16901310102760989,0.02458084792901513
1.0767216682434082,0.17084598221836947,0.02505685103892354
1.089226245880127,0.17267886340912905,0.025532854148831947
1.1012511253356934,0.17469503271896555,0.026056457569731444
1.1139819622039795,0.17652676763409295,0.02653685284530708
1.12577486038208,0.1785391195091173,0.0270749412761249
1.1387989521026611,0.18018452917745648,0.02751914087496308
1.1501736640930176,0.18182886934380083,0.027967283349631413
1.1631736755371094,0.1840198842986097,0.02857006038364317
1.1759510040283203,0.18584573009428454,0.029072374578653186
1.188939094543457,0.18748680508999918,0.029532330140315224
1.2009737491607666,0.1893089914656995,0.030047761253360308
1.2133698463439941,0.1911311778413998,0.03056319236640539
1.225473165512085,0.1927711455795315,0.03102708036814637
1.237990140914917,0.19459209119888288,0.03154687789742852
1.2497475147247314,0.1965923671961631,0.032128251411615884
1.2627174854278564,0.19822781173709772,0.032607842293296115
1.274820327758789,0.20004368977311462,0.03314507536972837
1.2867140769958496,0.20185956780912442,0.03368230844615852
1.299234390258789,0.20331019309848444,0.034119054389154656
1.3119816780090332,0.20530480287135477,0.034719580060774496
1.3240704536437988,0.20729796741542192,0.0353248852140467
1.3358371257781982,0.20892754657580578,0.035824042524226836
1.3489227294921875,0.21055592454254038,0.0363271046056098
1.365616798400879,0.21290627747755514,0.03705938588409637
1.3787994384765625,0.2147128858295319,0.03762701136153832
1.3906171321868896,0.2163388333463145,0.03813787429123724
1.4021403789520264,0.21796355162075723,0.03865263325322539
1.415294885635376,0.21958703131736296,0.03917128528974028
1.4270503520965576,0.2213922738445252,0.039743239691950503
1.4397387504577637,0.22301450563489947,0.04026578182285594
1.508674144744873,0.2312994867342798,0.042956420072766024
1.5635435581207275,0.23758335790286217,0.04506399220266002
1.595710277557373,0.2433051046427159,0.04705963401086224
1.6254498958587646,0.24759641469760618,0.0485563653670139
1.655764102935791,0.25172248401182984,0.04995123579700514
1.6695325374603271,0.2533330660693472,0.05050865098900021
1.681558609008789,0.2549423073399296,0.051069925247556575
1.6932411193847656,0.2565528893974493,0.05162734043955245
1.705383539199829,0.25816213066803406,0.05218861469810958
1.718968152999878,0.2599486764870025,0.052816537031530775
1.7326364517211914,0.2617321914441129,0.05345301705309165
1.7447710037231445,0.26333735490551136,0.0540258490724961
1.7610018253326416,0.2652975374704077,0.05473067780388472
1.773803472518921,0.26725602488431244,0.0554402031930503
1.785731554031372,0.2688570275285304,0.05602456335037692
1.7987713813781738,0.2702788917916474,0.056547404402832416
1.8106451034545898,0.27187565082585935,0.057143262479000374
1.823194980621338,0.27364823542245875,0.057809577920793484
1.8351681232452393,0.27506630309974056,0.05834263027422888
1.847062110900879,0.27648437077702237,0.05887568262766424
1.8597180843353271,0.27825374061127217,0.05955048838470076
1.8721423149108887,0.27984324357604407,0.060165440891196145
1.884568452835083,0.2812548207474062,0.06071545056215079
1.896094560623169,0.28284284506518953,0.06133421144197505
1.9090235233306885,0.28442938161131603,0.06195677713977487
1.9246044158935547,0.28619053678726175,0.06265274040484155
1.9361646175384521,0.287775576445612,0.0632791073434012
1.949186086654663,0.2891831619238866,0.06383925363696877
1.9611163139343262,0.2909426437717344,0.06453943650393017
1.9739799499511719,0.2925261774347944,0.0651696010841942
1.9857831001281738,0.2939324161627152,0.06573311984072108
1.9986681938171387,0.29533865489063144,0.06629663859724613
2.010124683380127,0.29674489361854994,0.0668601573537721
2.023036241531372,0.2983238547374389,0.06750169304670671
2.035283327102661,0.2999043491220377,0.0681394420259484
2.0518112182617188,0.30183419048956556,0.06892354120620058
2.0639612674713135,0.3032363405167556,0.06949715784656715
2.0769917964935303,0.30498902805074257,0.07021417864702509
2.089404821395874,0.306215909324533,0.07071609320734545
2.101382255554199,0.3077917767030962,0.07136519124728437
2.1130919456481934,0.3091911606335164,0.07194552336265979
2.1259939670562744,0.31076546755524004,0.07259839699245745
2.1389219760894775,0.3121634563721591,0.07318208185316245
2.1507680416107178,0.31373619379119416,0.07383872732145606
2.1661317348480225,0.31565649908838767,0.07464589941826993
2.1811814308166504,0.3172260704006394,0.07531007722280497
2.192894458770752,0.3187972292801597,0.07597049075656108
2.204979181289673,0.3201924037799362,0.07656087102725771
2.2168920040130615,0.3217619750921833,0.07722504883179088
2.2301182746887207,0.32315573040448703,0.07781877172867717
2.2424919605255127,0.32472370513082477,0.07848670998767256
2.254603862762451,0.3261160332472401,0.07908377209926042
2.2660703659057617,0.32768240237820817,0.07975546697479717
2.279911756515503,0.32907329529852464,0.0803558648704135
2.291773557662964,0.3306380498338818,0.08103131250298237
2.303835153579712,0.3320274995661399,0.08163504273278892
2.31559157371521,0.3334169492984003,0.08223877296259641
2.3290188312530518,0.33480639903065623,0.08284250319240193
2.3410449028015137,0.33619584876291436,0.08344623342220843
2.3527450561523438,0.33758529849517477,0.08404996365201596
2.3650012016296387,0.3389718379086355,0.08466034812411077
2.3786096572875977,0.34035837732209395,0.08527073259620464
2.3899950981140137,0.3417449167355546,0.0858811170682995
2.4020094871520996,0.34313145614901536,0.08649150154039431
2.413989782333374,0.34451799556247603,0.08710188601248917
2.4270758628845215,0.34573121754925557,0.08763597242557275
2.4395413398742676,0.34728942388613127,0.0883263920602762
2.4513847827911377,0.3486730211130418,0.08894341674578919
2.4631121158599854,0.35005956052650256,0.089553801217884
2.4751803874969482,0.3514431577534154,0.09017082590339796
2.489337921142578,0.3529997046336931,0.09086497867460158
2.5012500286102295,0.35438181883802894,0.09148531815829386
2.5131101608276367,0.3557639330423625,0.09210565764198518
2.525136947631836,0.3569732829711555,0.09264845469021558
2.538708209991455,0.3583539062113944,0.09327210540766415
2.550154209136963,0.35990710735665926,0.093973712464792
2.5658068656921387,0.3618034033285353,0.0948357802204534
2.5797979831695557,0.36300881866009665,0.09538725983410747
2.5917704105377197,0.3647289471409782,0.0961792133866295
2.6038308143615723,0.3659330370775933,0.09673358087339397
2.6156208515167236,0.3673076172182346,0.09737044050141949
2.6286261081695557,0.3686821973588738,0.09800730012944393
2.6413075923919678,0.3700567774995152,0.09864415975746942
2.6529784202575684,0.3716031801577376,0.09936062683899852
2.6651713848114014,0.3728045985562925,0.09992076049935067
2.676983118057251,0.37417610972290505,0.10056420270243041
2.69075345993042,0.3757190597853475,0.10128807518089669
2.702162265777588,0.37708902463963223,0.10193480313520129
2.7144200801849365,0.37845898949391477,0.10258153108950487
2.726170539855957,0.3796577087414153,0.10314741804952207
2.7397611141204834,0.38136822207921706,0.1039599305363708
2.751688241958618,0.3823945300818968,0.1044474380284794
2.763500928878784,0.38376294075214085,0.1050974480179597
2.775343179702759,0.3853024027561615,0.10582870925612317
2.7892189025878906,0.3866692513795777,0.10648199754586954
2.801100730895996,0.3882034149791104,0.10722431035738006
2.812903881072998,0.38939803386154714,0.10779880283911618
2.8249828815460205,0.3907617348389085,0.10845863644934728
2.8386025428771973,0.39212543581627435,0.10911847005958053
2.850160598754883,0.39348913679363795,0.1097783036698127
2.862013339996338,0.39485283777099933,0.11043813728004376
2.8740782737731934,0.3960460761261939,0.11101549168899755
2.887099504470825,0.39757845594694535,0.11176147985594513
2.8995420932769775,0.39877169430213766,0.11233883426489788
2.9115357398986816,0.40013061506540054,0.11300845737383304
2.923152208328247,0.40132246603709687,0.11358867039257041
2.936141014099121,0.4028530532741258,0.11433832962856218
2.9490082263946533,0.4042119740373931,0.11500795273749952
2.964975357055664,0.4057407598960628,0.11576127873505103
2.976780652999878,0.4070980716258672,0.11643415733999388
2.9900546073913574,0.4084553833556738,0.11710703594493786
3.0020267963409424,0.40981269508547813,0.11777991454988075
3.0145015716552734,0.41100034284905396,0.11836868332920424
3.0261685848236084,0.41218657588422314,0.1189602972845155
3.039829730987549,0.4137099049437633,0.11972459751128021
3.056138277053833,0.4154004522844798,0.12057787478677699
3.069002628326416,0.41675289015705125,0.12126049660717353
3.0808651447296143,0.41793627329555455,0.12185779070002217
3.1049981117248535,0.4201313195564243,0.12297231602615168
3.1291584968566895,0.42299826280458586,0.12443664867479155
3.1537537574768066,0.42569325095772914,0.1258213081454991
3.182521343231201,0.4287251126300195,0.12737905005004713
3.208132028579712,0.4309093717911967,0.12851457050637705
3.21987247467041,0.4325874725380222,0.12939207281610982
3.231873035430908,0.433762143060804,0.1300063244329248
3.251544952392578,0.43527053630779494,0.13079969450589676
3.2720541954040527,0.4377876874280354,0.13211594797049708
3.2847752571105957,0.4391284814253638,0.13282116581314046
3.296663999557495,0.44030167617302535,0.13343823142545302
3.3098862171173096,0.4414733884044818,0.1340581074876526
3.3218135833740234,0.44281078609898455,0.1347697451451727
3.3338265419006348,0.4441481837934873,0.1354813828026928
3.345627784729004,0.44531840677617013,0.13610406575301914
3.362865924835205,0.44615321178324713,0.13655084165342624
3.375092029571533,0.44799213361318785,0.1375293434325161
3.3869917392730713,0.4493278216245058,0.13824418487316467
3.3995633125305176,0.4504965486344101,0.13886967113373275
3.4126389026641846,0.45183051928778895,0.1395877122500892
3.4246292114257812,0.45299774360949463,0.1402159982269007
3.436113119125366,0.4539995096179874,0.14075212930738948
3.4491469860076904,0.4551682366278895,0.1413776155679564
3.4618139266967773,0.45650220728126834,0.1420956566843129
3.4739718437194824,0.4576694316029762,0.14272394266112554
3.4857938289642334,0.45883514652970186,0.14335502474409742
3.498758316040039,0.45999934536333903,0.14398889930708053
3.510688066482544,0.4609985295862458,0.1445298268067702
3.5238449573516846,0.46249730592061145,0.1453412180563077
3.5358505249023438,0.4634951906351567,0.14588453911029273
3.5487678050994873,0.4646593894687961,0.146518413673277
3.560103416442871,0.4656559689412108,0.14706412515967623
3.573167562484741,0.46698474157109926,0.14779174047487637
3.5851848125457764,0.468147417622253,0.14842840387567724
3.598013401031494,0.4693116164558902,0.14906227843866032
3.6097142696380615,0.4704742925070418,0.14969894183945998
3.6227684020996094,0.4716354390950604,0.15033839041985725
3.6348557472229004,0.4727950495480868,0.15098062050562958
3.646697521209717,0.4739531172030884,0.1516256284065722
3.6593339443206787,0.4749470690199694,0.15217611133723488
3.671999454498291,0.4764340209950112,0.15300897392145357
3.684110641479492,0.47758898310036463,0.15365952631830052
3.6959052085876465,0.47874550130317134,0.15430730832824635
3.708869218826294,0.4797354688220451,0.15486492466840054
3.721433162689209,0.4810554255138739,0.15560841312193785
3.7330479621887207,0.4822103876192295,0.156258965518786
3.7452392578125,0.4833637869907997,0.1569122845645063
3.7569754123687744,0.48435106985689425,0.15747464051365465
3.7746098041534424,0.4859965413003873,0.15841190042890319
3.7895071506500244,0.48731291845518426,0.1591617083611035
3.801743268966675,0.488461589897453,0.159823304766441
3.813671588897705,0.48961184392844753,0.1604821458322729
3.8266212940216064,0.49076051537071413,0.16114374223760913
3.8392393589019775,0.49190759762408126,0.16180809018097123
3.851168632507324,0.4930530840975023,0.16247518584506682
3.8630542755126953,0.49420016635086944,0.16313953378842894
3.8757681846618652,0.4955092937490634,0.16390192883310878
3.8888111114501953,0.4964911392977094,0.16447372511661895
3.9007813930511475,0.49763662577113044,0.16514082078071454
3.912182569503784,0.49878050988272166,0.16581066033245948
3.9254560470581055,0.49992278505982124,0.1664832399230121
3.9380290508270264,0.5009032571554739,0.16705738811022383
3.9497437477111816,0.5020471412670673,0.16772722766197
3.961679458618164,0.5033525986123224,0.16849589005117205
3.974782705307007,0.5043316916212621,0.1690723868430727
3.98671293258667,0.5054707292483759,0.16975043490174163
3.9992544651031494,0.5062854861620734,0.17023280330514595
4.011292457580566,0.5075872434502019,0.17100771537219528
4.024108171463013,0.5087262810773137,0.17168576343086292
4.035889148712158,0.5098636901075403,0.17236653988742168
4.04899263381958,0.51083721059143,0.17295239783835656
4.061025381088257,0.5118107310753217,0.1735382557892927
4.07378625869751,0.5131087583871746,0.1743193997238725
4.0856194496154785,0.5140822788710664,0.17490525767480863
4.098546266555786,0.5150529794976914,0.17549577606123495
4.110109090805054,0.5161854635620812,0.17618471417872864
4.1229846477508545,0.5173162929442501,0.17687636495351983
4.135243892669678,0.518448777008642,0.17756530307101479
4.147014617919922,0.5192565122816186,0.17805933933872206
4.159478187561035,0.5202272129082394,0.1786498577251458
4.177994251251221,0.5220016200832568,0.17974099401615218
4.189951658248901,0.5229709024108317,0.18033383753740267
4.201988935470581,0.5239373314402179,0.18093132109565843
4.213936805725098,0.5250648319745029,0.18162838524695749
4.2271223068237305,0.5261906583622586,0.18232815008636588
4.2396416664123535,0.527157087391647,0.18292563364462297
4.2518768310546875,0.5282812331639614,0.18362809515134565
4.263892412185669,0.5292462272106123,0.18422789358512634
4.276932001113892,0.5302083346657102,0.18483231141747913
4.289423942565918,0.5311704421208121,0.18543672924983454
4.301243305206299,0.5322929008184318,0.18614188338758295
4.3130943775177,0.5332535566813104,0.18674860571644805
4.325799226760864,0.534214212544191,0.18735532804531446
4.3387229442596436,0.5353315713593118,0.18806853570379664
4.3502068519592285,0.5362907701101141,0.1886775590429928
4.362040042877197,0.5372470381107229,0.189291173891447
4.375403881072998,0.5382033061113298,0.18990478873989988
4.388023376464844,0.5393189521120408,0.1906206727297636
4.399731397628784,0.5404328788879238,0.19133922893759306
4.411699295043945,0.5413861941597986,0.19195742119218895
4.423496723175049,0.5423395094316713,0.1925756134467835
4.436744928359985,0.543292824703546,0.19319380570137942
4.4494030475616455,0.5442431653360126,0.1938165611537964
4.461308002471924,0.545193505968477,0.194439316606212
4.472974538803101,0.5461438466009436,0.19506207205862894
4.485878944396973,0.5472525773388199,0.19578862008644787
4.499015808105469,0.5480432816034901,0.19630947982846392
4.510828733444214,0.5491485164460352,0.1970413348883426
4.522676467895508,0.550094354186566,0.1976709082675558
4.535365104675293,0.551040191927099,0.19830048164677036
4.547100782394409,0.5519860296676319,0.19893005502598493
4.559746742248535,0.5529318674081627,0.19955962840519814
4.627092361450195,0.5574887757606257,0.2026244479627239
4.641039609909058,0.5587438236758077,0.2034729262944755
4.652740955352783,0.5596820480187793,0.20411379036233726
4.664845943450928,0.560463901637927,0.2046478437522253
4.676716566085815,0.5614005870933417,0.20529095496254662
4.6898932456970215,0.5624933867913307,0.20604125137459167
4.701926946640015,0.563116814248486,0.2064714878129329
4.713813066482544,0.5642078122985089,0.20722440158003072
4.7255871295928955,0.5648302066603769,0.20765613117772672
4.739312648773193,0.5657637982031788,0.2083037255742707
4.751171588897705,0.5665417911555167,0.20884338757139284
4.76295804977417,0.5674738276910422,0.2094932179859413
4.774980545043945,0.568250524803981,0.2100347433313991
4.788599729537964,0.5691810009768236,0.21068680603007917
4.8000876903533936,0.5699563977875233,0.21123019161231094
4.811917543411255,0.5708853082512302,0.21188448284841477
4.82404637336731,0.5716594003043203,0.21242972554516865
4.837101459503174,0.5725867397214494,0.21308624155919323
4.849560022354126,0.5733595225690563,0.21363333823754657
4.861414194107056,0.574130991770831,0.21418228575392526
4.8730292320251465,0.5750551731185929,0.21484323999415345
4.8859148025512695,0.5758253242417287,0.21539403519434433
4.89883279800415,0.5765941528609984,0.21594667491352185
4.910186767578125,0.5775151548983251,0.21661205218880752
4.92214560508728,0.5782826565961002,0.21716653325154778
4.935181617736816,0.5790488269623711,0.2177228524718422
4.947070360183716,0.5799666285212669,0.21839263748938179
4.959526300430298,0.5807314631536774,0.21895079167066284
4.977143287658691,0.5818003554591011,0.21973477197988728
4.991091251373291,0.5828673654427964,0.22052131223984883
5.002887964248657,0.5836281665363714,0.22108495201934558
5.014937400817871,0.5845395039291281,0.22176350623810445
5.026753664016724,0.5852989517564247,0.2223289680870697
5.0400707721710205,0.5860570419537119,0.2228962487564016
5.053025007247925,0.5869651158073306,0.22357916423257754
5.065160036087036,0.5877218440186824,0.22414826046272635
5.076866626739502,0.5884772058959946,0.22471916898370733
5.090083837509155,0.5895327935802191,0.2255209735276868
5.102030515670776,0.5901348865373024,0.22598059212853558
5.113998174667358,0.5910380259729244,0.22667002002980646
5.126064777374268,0.5916379085469419,0.22713251985100183
5.1397480964660645,0.592537732407965,0.22782626958279262
5.151756525039673,0.5932848054122835,0.22840798259729717
5.1635541915893555,0.5941829637257587,0.22910388727120137
5.17607855796814,0.5949314289869891,0.22968380783278894
5.189918279647827,0.5958279165921697,0.23038186345019318
5.2017621994018555,0.5965721922128105,0.23096715133281195
5.2137839794158936,0.5973150627227611,0.23155422161008865
5.2257397174835205,0.5980593383434039,0.23213950949270898
5.239272594451904,0.5988022088533564,0.2327265797699872
5.251159906387329,0.599691962210302,0.2334331989284001
5.262827157974243,0.6004334233410893,0.23402204822707698
5.2750256061553955,0.6011734708323326,0.23461267316366968
5.286713361740112,0.6019121004317778,0.23520507034449417
5.299951076507568,0.6026493078953101,0.23579923636567704
5.311891317367554,0.6033850889869997,0.23639516781319214
5.323829174041748,0.6042663095775178,0.23711239995279085
5.335766792297363,0.6048537899711965,0.2375905547125233
5.349332809448242,0.6057350105617166,0.23830778685212353
5.361363172531128,0.6063201918757979,0.2387887525648951
5.376996278762817,0.607344259175443,0.23963044256224766
5.389570474624634,0.6080742925846518,0.24023340137217114
5.402516603469849,0.6088028785657452,0.24083810838649317
5.414484024047852,0.6095300129323298,0.2414445601306183
5.426136493682861,0.6102556915063453,0.24205275311991983
5.439028024673462,0.610835066395747,0.24254069771179734
5.451842546463013,0.6117041287298515,0.2432726145996152
5.46379280090332,0.6122811576992344,0.2437633311733197
5.475598335266113,0.6130024439109598,0.24437672689044754
5.488584756851196,0.6137222577017769,0.24499184981440633
5.501154184341431,0.6144405949356776,0.24560869641073574
5.512950658798218,0.6151574514851627,0.2462272631350922
5.524973392486572,0.615729748882014,0.24672348977360786
5.536755084991455,0.616445120628077,0.2473437730717512
5.550126552581787,0.6171590034602484,0.24796576937958284
5.561949729919434,0.6178713932766088,0.24858947512315646
5.573977708816528,0.6185822859838227,0.2492148867187084
5.585790634155273,0.619149799194488,0.2497165778018783
5.599324464797974,0.6198591907078205,0.2503436916558415
5.611820697784424,0.6205670769511623,0.25097250416486794
5.62365198135376,0.6212734538570536,0.2516030117158491
5.6355626583099365,0.6219783173667085,0.2522352106859386
5.651289939880371,0.62268166343003,0.25286909744256486
5.6630895137786865,0.6233834880056529,0.25350466834346974
5.675137281417847,0.6240837870609416,0.2541419197367067
5.6868531703948975,0.6247825565720333,0.2547808479606798
5.700596570968628,0.6254797925238501,0.2554214493441548
5.712055444717407,0.6260363512328763,0.2559352660338629
5.724424362182617,0.6267289625046522,0.2565808647724224
5.7359232902526855,0.6272818118970883,0.2570986704661868
5.749722242355347,0.6279697626717395,0.2577492331739115
5.7617106437683105,0.6286561520295976,0.2584014430745109
5.778624534606934,0.6293409760267255,0.25905529642044034
5.790733814239502,0.6300242307281717,0.25971078945470355
5.803054332733154,0.6307059122080144,0.2603679184108947
5.815208673477173,0.6313860165493569,0.26102667951319436
5.8268938064575195,0.6317931305263712,0.26142291319113
5.8392791748046875,0.6324700688763231,0.2620849272207249
5.851990699768066,0.6331454183915741,0.2627485620128138
5.863969564437866,0.6336844238316088,0.2632807634059241
5.875915288925171,0.634354983596342,0.2639492375691807
5.888799667358398,0.634890147966744,0.2644853012630306
5.901409864425659,0.6355591034297491,0.26515538088034557
5.913062810897827,0.6360929812837538,0.2656927258572599
5.925068140029907,0.636491453003072,0.26609764956206317
5.936886787414551,0.6371539529140013,0.2667741124014263
5.950137376785278,0.6378148293969883,0.2674521613519091
5.962822437286377,0.6384740786546906,0.26813179251749786
5.975036859512329,0.6390001732502297,0.26867676009796826
5.98688006401062,0.6395236491633315,0.26922424357316543
5.999460458755493,0.6400471250764332,0.2697717270483626
6.012161493301392,0.6406981815755285,0.2704592105318053
6.024556636810303,0.6412177069250045,0.27101044423765736
6.036125183105469,0.6417372322744788,0.27156167794350755
6.0489747524261475,0.6423833281519976,0.2722538254870804
6.061848402023315,0.6428988760715739,0.27280878091757554
6.0738136768341064,0.6435399779158867,0.2735055567281738
6.085681676864624,0.6440515217449764,0.27406420518484015
6.0986034870147705,0.6444351796167932,0.27448319152733947
6.111273765563965,0.6449453828602268,0.2750430645822381
6.12296462059021,0.6455797744665775,0.2757459553239734
6.135087966918945,0.6459593974124523,0.27616860096368895
6.146996021270752,0.646464209074663,0.2767333401715609
6.160630941390991,0.6470952236524288,0.27743926418140363
6.190159320831299,0.6482218830113418,0.27871806242555547
6.221414804458618,0.6490909985117305,0.27971895908996036
6.255141973495483,0.6504529773250052,0.28129506598370374
6.284882068634033,0.6515517883735941,0.2825978708577208
6.296889305114746,0.6520359723689609,0.28318039214131674
6.310107707977295,0.6525173581267955,0.2837652279638939
6.322099924087524,0.6529959345830879,0.28435236488378085
6.334411859512329,0.6533548669253095,0.28479271757369895
6.345957517623901,0.65394779430066,0.28553092163259874
6.359779596328735,0.6541842567605197,0.2858267709217341
6.371647119522095,0.6546543395750938,0.2864207299562254
6.383677005767822,0.6548893809823808,0.2867177094734711
6.395617961883545,0.6553566108875903,0.2873139153128364
6.409249544143677,0.6558209771447776,0.2879123542540776
6.4212236404418945,0.6561670960970298,0.2883628479706848
6.4329893589019775,0.6565121341927008,0.2888141700622599
6.445180892944336,0.6569707412014065,0.2894170338933043
6.458635568618774,0.657426452742014,0.2900220894105661
6.469965219497681,0.6577660569409584,0.2904775143833853
6.481990098953247,0.6582174056616846,0.29108583133984023
6.4939539432525635,0.6585537260565375,0.29154368667705277
6.505871772766113,0.6588867452551249,0.29200394870153473
6.519419431686401,0.6592186602195101,0.29246500767197686
6.53144907951355,0.6596597386502095,0.2930808120282326
6.543092966079712,0.6600978597758974,0.2936987238880002
6.555263996124268,0.6603154366514207,0.2940087264686999
6.572516202926636,0.6608556571201473,0.2947863317350076
6.58476710319519,0.6611786700884896,0.29525367052014173
6.596905469894409,0.6617114099541438,0.2960364197395976
6.610632658004761,0.6620299271753081,0.296506834128865
6.622192859649658,0.6624500954038034,0.2971370910978694
6.634544134140015,0.6628672372801095,0.29776935515840386
6.646878004074097,0.6631778167326137,0.29824504762364823
6.659529685974121,0.6635904011259716,0.2988802950601399
6.672128915786743,0.6638975517785617,0.29935820864481966
6.684527397155762,0.6643024930705093,0.2999983552977761
6.696118354797363,0.6646061990394696,0.30047846528749284
6.709167718887329,0.6650065264791367,0.3011215073765236
6.72189736366272,0.6654037665013003,0.3017664612911588
6.733841896057129,0.6657979099759331,0.30241331220800116
6.745764970779419,0.6660911883771126,0.30289986199703295
6.758692741394043,0.6662859292222473,0.3032246962625271
6.771311521530151,0.6666722918517358,0.3038762245472164
6.783154726028442,0.6670555265404136,0.3045295976110979
6.795174598693848,0.667245575510281,0.3048571990241857
6.807032108306885,0.667622527965025,0.30551421655368577
6.820644855499268,0.6679963262710386,0.30617303368585574
6.832169771194458,0.6682743029455558,0.30666848488045473
6.844505071640015,0.6686401784520647,0.3073317346832807
6.856157302856445,0.668912197157196,0.3078304818555701
6.869970083236694,0.6691830195520215,0.3083298796411769
6.881773471832275,0.6695393184249555,0.3089983228327508
6.893817186355591,0.6698041360641718,0.3095009305682344
6.905651569366455,0.670067748159753,0.31000417164452737
6.919317245483398,0.6703277345640161,0.310509295379276
6.9312732219696045,0.6705840818322538,0.3110162756509583
6.942976236343384,0.6709242568558407,0.3116930667121725
6.95513916015625,0.6711769517315385,0.31220187730326127
6.968719244003296,0.6713429713418856,0.31254228703547376
6.984602689743042,0.6717539356905192,0.31339529137847144
6.996185541152954,0.6719968274816811,0.31390885393122836
7.009553909301758,0.672238487532805,0.3144229972356667
7.022207975387573,0.6724764440608043,0.31493886505651864
7.034781455993652,0.6727887649933398,0.3156289526033646
7.04950213432312,0.6730205217321712,0.3161476352923152
7.061261415481567,0.6732485425606073,0.3166679711642304
7.074427127838135,0.6734753154556538,0.3171888521217275
7.085950613021851,0.673698336761122,0.31771135036585124
7.0988616943359375,0.6739175949438885,0.31823543887659644
7.110845565795898,0.6741355962231232,0.3187600514575169
7.1230998039245605,0.6743498193049726,0.31928621815069597
7.135232925415039,0.6745602531112944,0.31981391174641693
7.14699912071228,0.6747694213978169,0.32034210824936
7.159420013427734,0.6749747859428726,0.3208717952526384
7.173219919204712,0.6751091527319052,0.3212258953272049
7.185282468795776,0.675308154205148,0.32175800558970247
7.197537422180176,0.675503324055424,0.32229153314039805
7.209560871124268,0.6756308761450698,0.3226481446394133
7.22215723991394,0.6758825581204697,0.32336258243969446
7.234429121017456,0.6760049682668133,0.32372099149772304
7.245931386947632,0.6761860039954908,0.324259479178873
7.258969783782959,0.6763631627048464,0.3247992547892033
7.271469831466675,0.6764786777239167,0.3251599452065589
7.283449649810791,0.676649354474897,0.3257018053033392
7.295315265655518,0.6768161302229015,0.326244878749277
7.3075690269470215,0.6769247076365935,0.3266077178900002
7.320916414260864,0.6770849626472566,0.32715275114528153
7.332665681838989,0.6772412941058006,0.3276989227235244
7.344884157180786,0.6773936939278367,0.3282462043804878
7.356703758239746,0.6775421542322979,0.3287945678145416
7.369227170944214,0.6776384963053254,0.3291608457169159
7.385681867599487,0.6778276662811326,0.329894316853
7.3986876010894775,0.6779642627856747,0.330445755256407
7.4106221199035645,0.6780968902895312,0.3309981616856162
7.423045635223389,0.6781826580525899,0.33136705894451474
7.4352076053619385,0.6783506545365083,0.3321056673445501
7.46100378036499,0.6785115614339362,0.3328458525629756
7.485272169113159,0.6787807158406175,0.3341438170429223
7.510948419570923,0.6789573861209613,0.3350740297697025
7.532849550247192,0.6791559968623466,0.3361927457500293
7.552164793014526,0.679308080977109,0.3371272929810763
7.5645341873168945,0.6793926045384331,0.3376890746872454
7.577091693878174,0.6794730860653971,0.3382514496881375
7.589598894119263,0.6795495213960496,0.3388143889015817
7.603800058364868,0.6796460349715606,0.33956568798780346
7.615779638290405,0.6797130141678757,0.34012983043884415
7.629368782043457,0.6797759348070288,0.3406944399596429
7.641300678253174,0.6798347936351976,0.3412594873524823
7.6529929637908936,0.6798895876086091,0.3418249433970037
7.665044546127319,0.6799403138936962,0.3423907788517158
7.678748607635498,0.6799869698672452,0.34295696445550683
7.73517107963562,0.6801856916972424,0.34560066133254336
7.754945278167725,0.6802249441846208,0.3465466884712929
7.766879081726074,0.6802416910795558,0.3471145462521835
7.783792972564697,0.6802585749717737,0.34787183095518437
7.795787572860718,0.6802681971531124,0.34862924273277834
7.8087568283081055,0.6802699668425022,0.3491973446479375
7.820069074630737,0.6802676511877764,0.34976544460001563
7.83297061920166,0.6802612503086849,0.3503335132107968
7.845099687576294,0.6802507645362369,0.35090152110368333
7.85699987411499,0.6802361944126843,0.3514694389052248
7.869558572769165,0.6802113227844301,0.35222650336042227
7.882146835327148,0.6801872258034353,0.35279409674772955
7.894208908081055,0.680159047804041,0.3533615021743498
7.905873775482178,0.6801267902434196,0.35392869029798074
7.918957710266113,0.680078342971806,0.35468461228409354
7.931547403335571,0.680036573286665,0.3552511793244413
7.943365573883057,0.6799907304206807,0.3558174313438164
7.955363512039185,0.6799408167445302,0.3563833390595651
7.967083692550659,0.6798868348394057,0.3569488732068315
7.98245906829834,0.6797900892685276,0.357890758762266
7.994491100311279,0.6797252729714335,0.3584551538060421
8.006178617477417,0.6796334419542235,0.3592070396028822
8.01909327507019,0.6795344059887855,0.35995801035115754
8.031681299209595,0.6794547321321239,0.36052050034606653
8.047593355178833,0.6793152042340515,0.3614570045215405
8.059756755828857,0.6791946106979079,0.36220481625336354
8.071706533432007,0.679066852598279,0.362951437345481
8.084884881973267,0.6789656694099397,0.3635104587048249
8.09682321548462,0.6788254019820289,0.36425483108198753
8.109296798706055,0.6786780038719209,0.3649978243419516
8.121246814727783,0.6785621174408785,0.3655539837192037
8.133923292160034,0.6784022736374683,0.366294399241547
8.145738363265991,0.6782353379905186,0.36703324812798654
8.158757209777832,0.6780613258471103,0.36777046245310385
8.170062780380249,0.6778802532048948,0.3685059744417572
8.206898212432861,0.677409961969218,0.3703403295256321
8.235904216766357,0.676895839346437,0.37216288551896337
8.27252459526062,0.6763381807334622,0.3739725952447062
8.296113967895508,0.6757373065414612,0.37576841890683993
8.309345722198486,0.6754798087295848,0.37648078121921374
8.321274280548096,0.6752154925405119,0.3771906418670917
8.333099603652954,0.6749443822739157,0.377897935590068
8.34610629081726,0.6747359727090382,0.3784264319203065
8.359048843383789,0.6744496678452586,0.3791277126858975
8.371026039123535,0.6741566521796315,0.3798262160909779
8.382722854614258,0.6738569526502908,0.38052187791925973
8.395738363265991,0.6736271857699575,0.381041445141583
8.408617973327637,0.6733125492185045,0.38173047999389564
8.420047521591187,0.6729913205827847,0.3824164664010535
8.432036399841309,0.6726635293946662,0.38309934129750767
8.445174932479858,0.6724963675920046,0.3834391916006322
8.457058668136597,0.6722407486269139,0.3839465394719166
8.469564199447632,0.6718950676090412,0.384620534888143
8.481576919555664,0.6716285636581837,0.3851222505067783
8.494465112686157,0.6712684237042781,0.3857886320797651
8.505950450897217,0.6709935391461227,0.38628580548763497
8.519023656845093,0.6707150864537454,0.386780989307967
8.530872106552124,0.6703390778844922,0.3874385474750214
8.543553352355957,0.6700523558617892,0.38792898952002275
8.555358171463013,0.6697621144170914,0.38841735702670976
8.567128419876099,0.6693704532738861,0.3890657139778677
8.58342695236206,0.6689725936115068,0.38971028583287165
8.596630096435547,0.6685685720068272,0.39035101333358274
8.609352827072144,0.6683634988050221,0.39066942545443295
8.62120771408081,0.667950304106804,0.39130427608929125
8.633036375045776,0.667635857061249,0.391777420859258
8.645851135253906,0.6673180156976353,0.3922482921637396
8.65874433517456,0.6669967964525286,0.3927168656525158
8.670573949813843,0.6665640224320625,0.3933385342414129
8.682025909423828,0.6662349863630769,0.39380165213473434
8.695374250411987,0.6659026284578948,0.39426239191016965
8.707118034362793,0.6655669659037748,0.3947207297414357
8.719547510147095,0.6651150327772389,0.39532861265479563
8.732003211975098,0.6647717271732263,0.3957812539919065
8.745048761367798,0.6644251754403214,0.3962314148678483
8.756932258605957,0.6639588021862842,0.3968282910485847
8.769416332244873,0.663604746134857,0.3972725738754594
8.781316995620728,0.6632475043396958,0.3977142991493517
8.793012142181396,0.6628870952748823,0.39815344402727726
8.805752515792847,0.6624023516794282,0.3987354997238233
8.81885838508606,0.6620346250806711,0.3991685355957491
8.830186128616333,0.6616637939700389,0.3995989158987316
8.842201471328735,0.6612898775243636,0.40002661837646436
8.855190515518188,0.6607872342652445,0.40059328842267966
8.867032527923584,0.6604061941754049,0.4010146568692205
8.87963342666626,0.6600221338199752,0.4014332743093708
8.891602993011475,0.6596350730599179,0.40184911909511306
8.904766321182251,0.659245031911344,0.40226216972182505
8.916094541549683,0.6588520305444965,0.40267240482937194
8.929036140441895,0.6584560892826988,0.40307980320322007
8.941017150878906,0.6580572286013054,0.403484343775532
8.953489542007446,0.6576554691266432,0.4038860056262561
8.965632677078247,0.6572508316349444,0.4042847679842085
8.982683420181274,0.6568433370512744,0.4046806102281452
8.99505066871643,0.6562962295808312,0.4052044791077332
9.00873851776123,0.6560201769618625,0.4054637786417927
9.02011489868164,0.6556042381246885,0.40585073833160334
9.032110452651978,0.6551855273623537,0.406234696943058
9.049704551696777,0.6547640663276888,0.40661563462046735
9.062012672424316,0.6543398768157624,0.4069935316643522
9.07440710067749,0.654055279447072,0.4072434229097756
9.0860755443573,0.6537694873418386,0.4074919468912929
9.098966598510742,0.653482507068609,0.40773909789691504
9.111713647842407,0.6531943452232403,0.40798487024620733
9.123746633529663,0.6529050084287463,0.4082292582904216
9.13552975654602,0.6526145033351456,0.40847225641262624
9.148488998413086,0.652177003261387,0.40883466033544164
9.161133289337158,0.6518836066896874,0.40907415928850377
9.173825979232788,0.6515890653043951,0.40931224891270657
9.18564772605896,0.6511455461605251,0.40966726114746604
9.19853687286377,0.6509968592880617,0.4097845323637014
9.211203813552856,0.6505499566324108,0.4101352757658918
9.22291374206543,0.6502503477364568,0.4103669561627064
9.235140562057495,0.6499496315813482,0.41059719753792273
9.24691367149353,0.649496906827295,0.4109403931306617
9.260857343673706,0.649043360712163,0.41128250252727905
9.27257251739502,0.6487404507987126,0.41150985001712287
9.284632205963135,0.6484364544364957,0.41173574270970464
9.296574115753174,0.6481313786124613,0.4119601754131835
9.309903144836426,0.6475212269643866,0.4124090408201457
9.321914196014404,0.6472150786902899,0.41263200837623965
9.33385181427002,0.6467542581586669,0.4129642543023846
9.345627069473267,0.6464465144103988,0.41318501453931267
9.359389305114746,0.6459848987880016,0.4135161548947012
9.371268510818481,0.6455209138259353,0.4138439671470372
9.387097358703613,0.6450561444099833,0.41417066625601423
9.399705171585083,0.6445905932106828,0.4144962503444386
9.412892580032349,0.6442786728897885,0.4147110688962864
9.425012111663818,0.6438092529883508,0.4150310499487559
9.436761379241943,0.6431823388979219,0.4154561898203713
9.449321746826172,0.6428678663704228,0.41566725456458803
9.461963891983032,0.6425523855883678,0.4158768092661742
9.47404932975769,0.6419194220169517,0.4162928889514173
9.485831499099731,0.6412844709860472,0.4167059293556985
9.49875783920288,0.6409660090376021,0.4169109251707667
9.51161003112793,0.6404868474445743,0.41721612524543095
9.523437261581421,0.640166919577592,0.41741882565670596
9.535473346710205,0.6395251276590284,0.4178211542792003
9.548014879226685,0.6392032709828107,0.4180207778669275
9.560996532440186,0.6385576509913905,0.41841693441918176
9.575239419937134,0.6379101391996999,0.4188099912431059
9.587005138397217,0.6374230976673675,0.419102452289391
9.599591970443726,0.6367727760928702,0.41949084260460895
9.612016439437866,0.6362836440264827,0.41977979370676904
9.624441146850586,0.6356305462993306,0.4201634974284092
9.636006355285645,0.6353030814287288,0.4203537815720594
9.64910078048706,0.6344821480505121,0.4208255617046957
9.661846160888672,0.633988910906433,0.42110744827320984
9.673824787139893,0.6334949994793058,0.4213881517109587
9.68584394454956,0.6328355556497155,0.42176084330306557
9.698752880096436,0.6323396384167317,0.42203798769835027
9.711323499679565,0.6316775315620159,0.42240592750341366
9.723060369491577,0.6311796341685963,0.4226794985242365
9.735105752944946,0.6306810824384183,0.42295187526726796
9.747014999389648,0.6301818792361237,0.42322305616745104
9.761049747467041,0.6295154101614114,0.4235830341663224
9.772992849349976,0.6288472229701325,0.42393981289973953
9.789511680603027,0.6280098605320453,0.42438177698459933
9.80155634880066,0.6275068088629492,0.42464575034693886
9.814680814743042,0.6268352315498167,0.4249961060229328
9.826183080673218,0.6261619823093278,0.42534323805457624
9.83927035331726,0.6256570453789623,0.42560358707830825
9.851123094558716,0.6249829659750513,0.42594910429125465
9.863978385925293,0.6243072378686827,0.4262913859201441
9.875840663909912,0.6237992169100851,0.4265456645536083
9.888747692108154,0.6231210448818394,0.42688307807929576
9.900808572769165,0.6224428728535937,0.4272204916049832
9.913347482681274,0.6219330364783352,0.4274711104156726
9.925434350967407,0.6210823103786625,0.42788677038290107
9.93752408027649,0.6205712783672369,0.4281349420998761
9.949622631072998,0.6198891111316455,0.42846420347005726
9.961599111557007,0.6192053732188908,0.42879019066901003
9.974818468093872,0.6185216353061406,0.4291161778679607
9.986763715744019,0.6178363424310335,0.4294388834033009
9.999268054962158,0.6171510495559241,0.42976158893864214
10.011382341384888,0.6164642174689986,0.43008100539341754
10.02461051940918,0.6157773853820708,0.430400421848194
10.036572694778442,0.6152611187474504,0.43063751187283206
10.049280881881714,0.6143997296285666,0.4310305982385193
10.061170101165771,0.6135374007313118,0.4314216186701849
10.073930263519287,0.613019442498859,0.4316549900207085
10.085761308670044,0.6123280876316612,0.4319644954888568
10.098706722259521,0.6116352569049316,0.43227068296625376
10.110682487487793,0.6109424261782042,0.43257687044364973
10.12305736541748,0.610248135515733,0.43287973289298454
10.13527798652649,0.6095538448532595,0.4331825953423203
10.147502183914185,0.6086841765521653,0.4335570084178033
10.1596360206604,0.6081618385753984,0.433780404827432
10.173499584197998,0.6072903852894608,0.4341506443113463
10.189615726470947,0.6060691117115161,0.4346660535988582
10.201851606369019,0.6055451807665563,0.4348856880285916
10.213958263397217,0.604671087570774,0.4352496511999472
10.227134466171265,0.6039711170687738,0.435539144694764
10.239806175231934,0.6032711465667691,0.43582863818958273
10.251849889755249,0.6023944586632186,0.4361863062267126
10.263878345489502,0.601692424472836,0.43647075865287427
10.27674412727356,0.6008148817348616,0.43682632418557465
10.289350509643555,0.6001121677107745,0.4371090929737509
10.301267862319946,0.5994081061363861,0.43738848962133553
10.313148975372314,0.5985280291683972,0.4377377354308177
10.32614779472351,0.5976471175643406,0.43808487063626245
10.339043855667114,0.5971180728572545,0.4382918842003402
10.35107159614563,0.596235507170776,0.438634792226014
10.362765789031982,0.5953521220474499,0.43897558370024237
10.375684022903442,0.5944679225631392,0.43931425666486373
10.388694524765015,0.5935829137983863,0.43965080917388916
10.400092601776123,0.5926971008383861,0.4399852392935129
10.412050008773804,0.5918104887729447,0.44031754510212784
10.425314903259277,0.5911005639117669,0.44058168877268816
10.43763279914856,0.5902131578352964,0.4409118683608879
10.449753046035767,0.5895026018444717,0.44117430953736586
10.461697816848755,0.5884348928472773,0.4415628570486795
10.474895477294922,0.5875451353496182,0.44188664664143984
10.486730575561523,0.586654604263877,0.4422083024984509
10.499330520629883,0.5857633047069797,0.44252782277150193
10.511149883270264,0.584871241800258,0.4428452056246565
10.523893117904663,0.5841569848956075,0.44309740051233465
10.535772800445557,0.583083798274289,0.4434705521531658
10.548723697662354,0.5821894760898577,0.4437815118538581
10.560616970062256,0.5812944110845265,0.44409032691381617
10.573118925094604,0.580398608401275,0.44439699555861073
10.58945345878601,0.5793227661445236,0.44476242011965506
10.601501941680908,0.5784247813275892,0.4450626389957784
10.61356258392334,0.5773480662156938,0.44542548364441265
10.626693964004517,0.5766291047110028,0.4456639360337576
10.639254093170166,0.5755506624539665,0.446021614617775
10.65123701095581,0.5746505419409403,0.4463153681999742
10.663000106811523,0.5737511281600124,0.44661127858455413
10.675953388214111,0.5728510076469909,0.44690503216675176
10.689062595367432,0.5715898567446509,0.4473132652954573
10.701109170913696,0.5708686419789566,0.4475448132364032
10.712990760803223,0.5697868198304128,0.4478921351478229
10.725852727890015,0.5688839241493923,0.44817724476571613
10.738998651504517,0.5678012725560911,0.4485219724825516
10.751020193099976,0.5668976960431029,0.4488049169827575
10.76288652420044,0.5658142212258798,0.44914704852422893
10.775683164596558,0.565090819503421,0.4493716707296216
10.788614749908447,0.5640057169197306,0.44970860403771135
10.800196647644043,0.5631014647666559,0.4499893817944525
10.86267375946045,0.5585768517796681,0.45138242879419765
10.8785982131958,0.5571258074318088,0.4518177804329913
10.890154123306274,0.555854331983522,0.4521926218264491
10.902005195617676,0.5549454960448572,0.4524581879041246
10.91411828994751,0.5538541321571127,0.45277425203647603
10.92594575881958,0.5529446622506596,0.4530376388134353
10.939425468444824,0.552216583331863,0.4532466035837093
10.951396226882935,0.5509424452239676,0.4536122919316891
10.963134527206421,0.5500317230627837,0.4538713155795461
10.975335121154785,0.5489396046845864,0.4541847627349578
10.992610216140747,0.547663728067283,0.45454433851731524
11.004992246627808,0.5465693838862584,0.4548499239958474
11.01690149307251,0.545657430402072,0.45510457856129066
11.030104875564575,0.5447448691146454,0.45535704638441044
11.04310917854309,0.5434664397286195,0.4557074378666007
11.055203437805176,0.5423699263367124,0.4560051458654768
11.067076683044434,0.5414561651767886,0.4562532358645406
11.080920934677124,0.5403589413100444,0.4565483145955239
11.092785835266113,0.5390788467988443,0.4568925731150041
11.104889631271362,0.538163906767997,0.45713627958799635
11.116738557815552,0.5372483851857707,0.4573777921911743
11.129452228546143,0.5361490677380549,0.4576649730059578
11.142075300216675,0.5348665307157214,0.4580000172898715
11.154430866241455,0.5339498618155845,0.45823713800289984
11.165966987609863,0.5330326271555201,0.4584720607208252
11.179578065872192,0.5317477139460353,0.4587978734429895
11.192198038101196,0.5306456935072839,0.4590745006719672
11.204656600952148,0.5295436730685372,0.4593511279009437
11.216710090637207,0.5286242281044073,0.4595772452663913
11.231024742126465,0.5273377676776292,0.45989689422411356
11.243948936462402,0.5260505447278455,0.46021345853574075
11.255767107009888,0.5249465635194179,0.4604821538328062
11.268628120422363,0.5240265791790579,0.4607060665803616
11.280131578445435,0.5227378533764622,0.4610164561606687
11.293027639389038,0.5216325966989421,0.46127985575829433
11.305221796035767,0.5207115494676762,0.46149935542298215
11.31703495979309,0.5194213504318993,0.46180356313808174
11.329451560974121,0.5184992614787638,0.4620186446749963
11.342460632324219,0.5173921392369418,0.46227408941049747
11.354537963867188,0.5161004966214845,0.46257210826858175
11.366177558898926,0.5149927652430465,0.4628248984275198
11.379059076309204,0.5138850338646109,0.4630776885864573
11.395490646362305,0.512408058693361,0.46341474213170786
11.408488035202026,0.5111157054185184,0.46370966398380187
11.42010235786438,0.5100073712684013,0.4639597981136645
11.432132005691528,0.5088978506835742,0.46420461588888867
11.448615550994873,0.5074184899037967,0.46453103958918934
11.460699796676636,0.5061240492214919,0.4648166603269523
11.472182512283325,0.5051989623539488,0.465018458227128
11.484651327133179,0.5039031672487917,0.4652978699865381
11.498456001281738,0.5027919148343296,0.4655347027177612
11.509926319122314,0.5016806624198651,0.46577153544898486
11.521952390670776,0.5003842012696557,0.4660478403020793
11.533883094787598,0.49945768716544847,0.46624298055861585
11.546953439712524,0.4981599162770176,0.46651306685406074
11.559449195861816,0.49704698949924264,0.4667419022939249
11.571381330490112,0.4957485749251706,0.4670088769737667
11.583146572113037,0.4946351028116334,0.4672350439996726
11.59603762626648,0.49352163069809624,0.46746121102557847
11.609137535095215,0.4922225798989687,0.46772507255580215
11.621073007583618,0.4911085688475995,0.4679485698682104
11.632922649383545,0.49018022630479063,0.4681348176285508
11.645923614501953,0.48887992545191084,0.4683924483290492
11.658879280090332,0.4875790107775121,0.4686469613852432
11.670875072479248,0.486463421330972,0.4688624419133667
11.682570457458496,0.48534783188443187,0.46907792244149016
11.695490837097168,0.48404631086347005,0.4693293163909673
11.7081458568573,0.4829302081013958,0.4695421221609132
11.719817638397217,0.4816280882123108,0.46979039555918306
11.731871366500854,0.4805114785477432,0.4700005253481857
11.745034456253052,0.47920876727241835,0.47024567676868806
11.757012367248535,0.4782778421464914,0.4704185539359136
11.769527196884155,0.4769739705578742,0.47065745719296465
11.781416177749634,0.47567067538158136,0.47089948522707953
11.799423694610596,0.47418053642315794,0.4711725175208529
11.81150484085083,0.4728755344889872,0.47140516712358194
11.823435544967651,0.4715710939799821,0.47164094423085123
11.835362672805786,0.4704525208935511,0.4718403581760474
11.849350214004517,0.4693339478071177,0.472039772121244
11.861255407333374,0.46802784552111665,0.4722661627225112
11.873097896575928,0.46672228966021645,0.47249568348391413
11.88517713546753,0.46541618737421786,0.47272207408518097
11.898829221725464,0.46410954616787464,0.4729453332254903
11.910784006118774,0.4628023735490541,0.4731654596220111
11.922494173049927,0.46168149081729276,0.473351453097357
11.934668779373169,0.4605606080855314,0.47353744657270286
11.947994709014893,0.4590660977765171,0.4737854378731639
11.959734201431274,0.45794521504475816,0.47397143134850933
11.971776008605957,0.4564495330118654,0.47421225494647323
11.98382019996643,0.45551473174130774,0.47436276969520064
11.996939420700073,0.4542065188332764,0.47457662682766516
12.009440183639526,0.45289779705449373,0.47478734747588386
12.02137303352356,0.4515885739247795,0.47499493042907126
12.033119916915894,0.45027885696681963,0.4751993744944732
12.045872449874878,0.4489696338371054,0.4754069574476606
12.059074878692627,0.44765991687914797,0.47561140151306214
12.07100534439087,0.4465368855128622,0.4757839478012585
12.082838535308838,0.44522668225219464,0.47598525180415435
12.095588207244873,0.4439160002171492,0.47618341458786634
12.108556032180786,0.442792154549993,0.476350574952924
12.120106935501099,0.4412936936604522,0.47657345543966745
12.132025003433228,0.4401698479932984,0.4767406158047247
12.144201278686523,0.43885869471494865,0.47693563623062546
12.157142877578735,0.4375470777270831,0.47712751317814217
12.169601202011108,0.43642323205992933,0.4772946735431995
12.182528018951416,0.435111158899001,0.47748340590982163
12.199638366699219,0.43323742034491014,0.4777575158348451
12.211878299713135,0.4319248985499883,0.47794310253613126
12.223997116088867,0.4308002644120459,0.4781048731360936
12.23595142364502,0.42948819125111753,0.4782936055027157
12.249707221984863,0.4281756694561957,0.4784791922040019
12.26159143447876,0.4272378388224364,0.4786095064679897
12.273465156555176,0.4257378139139507,0.47882160555517445
12.285359144210815,0.42442529211902885,0.47900719225646066
12.299030303955078,0.4232998953585138,0.4791635693732465
12.311003923416138,0.42179936634449455,0.4793720721956276
12.32283091545105,0.4208615357107328,0.47950238645961574
12.334940433502197,0.4193605112131021,0.4797072918191523
12.346709251403809,0.4180471147776761,0.4798865840087467
12.360137701034546,0.41673329234076273,0.48006272738815325
12.372175455093384,0.41523130275302356,0.48026043431056664
12.384671688079834,0.41391706186374816,0.48043342786767884
12.396200895309448,0.41279021747222827,0.4805790073598013
12.409764766693115,0.41128775828353265,0.48077311334929823
12.42174768447876,0.40997310649342245,0.4809429560901083
12.433587551116943,0.40884591637594847,0.4810858340460546
12.445578336715698,0.4075308612388918,0.4812525249946591
12.45926547050476,0.4062154103110995,0.48141606319326413
12.471243619918823,0.40471159412817564,0.48159935977489715
12.48298716545105,0.4033957549681228,0.48175974428382534
12.495050191879272,0.4022675665410314,0.48189451276756373
12.508744716644287,0.4005752839003944,0.48209666549317126
12.520146131515503,0.39925869096013544,0.4822507398762013
12.532166481018066,0.3979417324762694,0.48240165785926664
12.544445276260376,0.39662441601593623,0.48254941857520445
12.557498216629028,0.39511932060580257,0.4827218962701364
12.569743156433105,0.3938023621219341,0.48287281425320194
12.581605195999146,0.3924850456616009,0.48302057496913975
12.59815502166748,0.3907918133252021,0.483214612375938
12.611262559890747,0.389098120733343,0.48340459043928674
12.623189926147461,0.38778045386574433,0.48354919303907495
12.635379552841187,0.3864624441620856,0.4836906366918389
12.647124528884888,0.3851447772944845,0.4838352392916274
12.661051988601685,0.38363848049030486,0.48399688918050043
12.672790288925171,0.3823204707866461,0.4841383328332644
12.684998750686646,0.3810021258201173,0.48427661672627903
12.69685983657837,0.3798718349735795,0.4843924367308765
12.710078716278076,0.37817639870377284,0.4845661667377727
12.7220618724823,0.3768574059387087,0.48469812874574353
12.733994960784912,0.3755387332844163,0.4848332520844404
12.745932817459106,0.3740313129814848,0.4849840658078357
12.759606838226318,0.37271232021642065,0.4851160278158065
12.771628379821777,0.37120454273412856,0.4852632277232365
12.783510684967041,0.3698852374371239,0.4853920276422377
12.795373439788818,0.3687546722099247,0.4855051379347842
12.809069633483887,0.3672472519069932,0.48565595165817954
12.82101845741272,0.36592764165867503,0.4857815887481366
12.832849740982056,0.3646083363616704,0.48591038866713776
12.845019340515137,0.3632887261133522,0.4860360257570948
12.858580112457275,0.36178026026506016,0.4861759955159658
12.870112419128418,0.36027179441677054,0.48631596527483656
12.88271188735962,0.3589518867995205,0.48643843881384824
12.89498519897461,0.3574430897685468,0.4865747922816693
12.908167362213135,0.3563114919953202,0.48667705738253475
12.919772863388062,0.3546140953354766,0.4868304550338332
12.931705236434937,0.3532936157342842,0.4869465993779656
12.94366455078125,0.35197286152137275,0.48705957811453077
12.955605506896973,0.3508410218632064,0.4871591304095015
12.969264030456543,0.34914326237595694,0.4873084588519576
12.981253385543823,0.3480111873363196,0.4874052977690134
12.997039556503296,0.3459357164303116,0.48758283578361616
13.010929107666016,0.34480341251401714,0.4876769607663282
13.022923707962036,0.3432930896474321,0.4877952214424844
13.035023212432861,0.34178276678084707,0.4879134821186405
13.05127215385437,0.3398948631976164,0.4880613079638356
13.069777488708496,0.33762937889774014,0.48823869897806976
13.096048593521118,0.3349853520833579,0.488432981628344
13.122530221939087,0.33196257740584223,0.4886405298019996
13.148586511611938,0.3291287261456722,0.4888351062148017
13.173746347427368,0.32629441661496694,0.48902288914624065
13.189584732055664,0.3240266154025527,0.4891676798431123
13.203250885009766,0.32270373136198177,0.4892521410829539
13.21925950050354,0.3206252377061303,0.4893898485660092
13.246967792510986,0.31760150275624377,0.48958290282850486
13.260079145431519,0.3157116684125693,0.4897035617425644
13.271945238113403,0.3143887843719935,0.48978802298240626
13.285301923751831,0.31287668985889394,0.4898809257934968
13.297011375427246,0.3115536071599327,0.489962215753201
13.309418439865112,0.31023033340491524,0.4900403339656817
13.323810338973999,0.3085292270776748,0.4901448496281588
13.336786031723022,0.30701691421479904,0.4902341275852796
13.349403619766235,0.3056936404597816,0.4903122457977604
13.36121916770935,0.3043701832521373,0.4903871918141565
13.373202323913574,0.3030469094971174,0.49046531002663746
13.386069297790527,0.3015343869740943,0.4905509626168045
13.402889966964722,0.2998327991356949,0.49064732178074233
13.415139198303223,0.2983200756433652,0.4907293485118023
13.427048444747925,0.29680735215103554,0.49081137524286217
13.440827131271362,0.29548371909525045,0.49088314863253946
13.452478170394897,0.2939708033256048,0.4909615490331731
13.464770555496216,0.2928361164983718,0.49102034933364824
13.476606369018555,0.291512315199935,0.4910889496842025
13.489757776260376,0.28981050127106317,0.49118122975664497
13.501752138137817,0.28867581444383267,0.49124003005712
13.51356840133667,0.2873520131453958,0.49130863040767436
13.52574634552002,0.2858389137915346,0.4913834040273989
13.539410829544067,0.2845149518569091,0.4914488309446577
13.55137014389038,0.28300167761299,0.4915199773538294
13.563100099563599,0.28148840336906594,0.49159112376300135
13.57516598701477,0.28035344768612663,0.49164448356988016
13.588871717453003,0.27865101416171395,0.4917245232801985
13.600772380828857,0.27732675377774146,0.4917836022212887
13.61260437965393,0.27581315584012217,0.491847493003794
13.62465786933899,0.27448875764470376,0.49190339743848616
13.637981414794922,0.272975010905312,0.4919636598465676
13.649893999099731,0.27146126416591776,0.49202392225464914
13.661779880523682,0.26994751742652107,0.4920841846627308
13.673890352249146,0.2686229890295545,0.49213691426980205
13.686939239501953,0.2672983380416709,0.49218646874627237
13.699443578720093,0.2657843197931471,0.49223947338756746
13.711395263671875,0.2642703015446282,0.4922924780288624
13.723052024841309,0.2627562832961044,0.4923454826701575
13.735284090042114,0.2612422650475855,0.4923984873114524
13.7490553855896,0.2599174990801278,0.4924448663725856
13.76111888885498,0.25840335812581683,0.4924942416632202
13.77291750907898,0.25707848479079104,0.4925374450425256
13.785051822662354,0.2555642298308232,0.49258319069879336
13.8026864528656,0.25329284739087277,0.492651809183195
13.81495213508606,0.25196787430090184,0.49269183663242927
13.826971769332886,0.2506428090691746,0.4927286879215979
13.840025901794434,0.24912835220088148,0.49276717354143584
13.852079153060913,0.24761389533258837,0.49280565916127383
13.864093780517578,0.24609943846429774,0.4928441447811117
13.875901222229004,0.24458498159600217,0.4928826304009497
13.889724969863892,0.24325983183624664,0.4929163053183079
13.901669263839722,0.2415559689702188,0.4929555174852348
13.913771867752075,0.2402308192104608,0.4929891924025931
13.926688194274902,0.23890559253688087,0.49301969075464747
13.939417600631714,0.2373909685680267,0.4930509154535151
13.952631711959839,0.2356870166030645,0.4930860432397412
13.964627742767334,0.23436165894619115,0.49311018795371747
13.976593494415283,0.2328470349773345,0.49314141265258515
13.989157438278198,0.2315217390045883,0.49316873426409424
14.003203868865967,0.22981770773146404,0.4931997774677781
14.021495342254639,0.22773491787696415,0.4932327266756075
14.0334312915802,0.22622022341197273,0.4932603206344375
14.049432277679443,0.22451619213884846,0.4932913638381213
14.061488151550293,0.22281198169019423,0.49331015231783054
14.073373317718506,0.2214865235116022,0.49332794283879483
14.085291385650635,0.2201610264959814,0.4933425561007909
14.099024534225464,0.2184568659806435,0.4933654296277451
14.111012697219849,0.2169420122485097,0.49338213049859775
14.122894525527954,0.2156165152328889,0.49339674376059384
14.135042905807495,0.2142909869964509,0.49340817967965495
14.148472309112549,0.21296543515557673,0.49341643819007125
14.160071611404419,0.2112611845658686,0.4934311415145784
14.171930313110352,0.2099356327249944,0.4934394000249947
14.18509578704834,0.20842069806351768,0.49344520694421595
14.202176570892334,0.20633766290398686,0.49345319145814526
14.21487021446228,0.20482271867530571,0.49345536696560316
14.226755142211914,0.203497142475206,0.4934572705346288
14.239268779754639,0.2021715655204594,0.4934559966074237
14.252060174942017,0.20046725326319434,0.4934584440533138
14.264060735702515,0.19895230817205714,0.493456988136508
14.276087284088135,0.19762673121731053,0.4934557142093029
14.289207220077515,0.19611179396847794,0.49345062687659896
14.301936626434326,0.19459685671964783,0.4934455395438951
14.313865423202515,0.19308191947081277,0.49344045221119115
14.325782537460327,0.1917563493780852,0.4934360007950752
14.338879346847534,0.19043079376400066,0.493428371915626
14.351458549499512,0.188726536382546,0.49341447810269323
14.363573551177979,0.18759034585618675,0.4934079390631653
14.375473499298096,0.18607542515437198,0.4933992203437947
14.388102769851685,0.1847498695402825,0.4933915914643454
14.401042938232422,0.1832349740901036,0.4933792414084052
14.41277551651001,0.18190944057119798,0.4933684351094575
14.425031661987305,0.18039457907712797,0.49335245378791015
14.436808109283447,0.17906907526981763,0.4933384701315563
14.450067281723022,0.17774360879034323,0.4933213091981451
14.462122440338135,0.17622884132108443,0.49329806564173034
14.474207639694214,0.17490341978547466,0.4932777275298673
14.486162900924683,0.1733886009517914,0.49325811503454026
14.499635457992554,0.1718737821181106,0.4932385025392133
14.511550664901733,0.17035896328442734,0.4932188900438863
14.523248195648193,0.16903349680495294,0.4932017291104751
14.535248756408691,0.167897421203007,0.493184296443164
14.547492265701294,0.16638265373374325,0.4931610528867492
14.560868740081787,0.1648678862644795,0.49313780933033435
14.572722911834717,0.16354246472887468,0.49311747121847144
14.585017204284668,0.16240643417804165,0.4930973153555112
14.602132797241211,0.16089172677693753,0.4930704408715644
14.614673376083374,0.15880900410041568,0.49303348845613737
14.62672233581543,0.15748369529955428,0.49300679635620964
14.639350891113281,0.156158454288919,0.49297692748317845
14.652687311172485,0.15464381565936453,0.49294642222611823
14.66504693031311,0.1529398472011145,0.49291210381192546
14.676986455917358,0.15180392633485393,0.49288650192075584
14.689576148986816,0.1502893651798464,0.4928523660658632
14.702546834945679,0.14896428259343444,0.49281614417975034
14.714919805526733,0.14744980761552356,0.4927783779231671
14.726829767227173,0.14593533263761516,0.49274061166658384
14.739342212677002,0.14461016703194407,0.49270756619207345
14.75134801864624,0.1430957869331893,0.4926661697508017
14.764509201049805,0.14158140683443207,0.4926247733095298
14.776021003723145,0.1402563242480226,0.492588551423417
14.789152383804321,0.13874204772993823,0.4925435250353176
14.801096677780151,0.13722777121184893,0.49249849864721806
14.813894033432007,0.1357134946937621,0.49245347225911856
14.825798034667969,0.13419945143911594,0.49240118677437406
14.838740825653076,0.1330639189981332,0.4923619726608157
14.850693225860596,0.13154987574348703,0.4923096871760712
14.86317753791809,0.13003583248884087,0.49225740169132665
14.875353336334229,0.12852178923419472,0.49220511620658214
14.887538194656372,0.12719700138638027,0.4921593664074308
14.899716138839722,0.12587232700981674,0.4921104411386856
14.912619829177856,0.12435855181686667,0.49205089775900784
14.924781084060669,0.12284477662391907,0.4919913543793302
14.936731576919556,0.12152022333008622,0.4919392539221122
14.949257373809814,0.12019579872977056,0.4918839785757867
14.961992263793945,0.11849314234821504,0.49180882868143977
14.97443437576294,0.1171689979642621,0.49174720452796333
14.98606014251709,0.11565552562510246,0.49168040462187723
15.002849102020264,0.11414205328594529,0.4916136047157912
15.015856742858887,0.11225063491064902,0.49152103609430586
15.029134273529053,0.11092634661388279,0.4914625861764805
15.041138410568237,0.10941303874651223,0.4913921585725076
15.053008794784546,0.10789973087914168,0.49132173096853476
15.065884351730347,0.10638642301176619,0.4912513033645617
15.078800916671753,0.10506227862781573,0.49118967921108536
15.090723752975464,0.10373828576510809,0.4911248811760456
15.102591514587402,0.10241445203120958,0.4910569096317672
15.118762254714966,0.10071217549344613,0.4909735978724305
15.131238222122192,0.0990101035498627,0.49088620588692966
15.14307689666748,0.09768611068715259,0.49082140785188977
15.15518569946289,0.09617315784841285,0.49074372608700023
15.168787479400635,0.09484932411451188,0.49067575454272166
15.181387424468994,0.09333656183057638,0.4905944463564841
15.19308090209961,0.0922019901176223,0.49053346521680574
15.20531678199768,0.09068922783368434,0.49045215703056805
15.219033479690552,0.08936556083523954,0.4903810123676101
15.231145858764648,0.08785299779832181,0.49029607822721494
15.24296498298645,0.08652950514101726,0.49022176085436914
15.255080938339233,0.08520619442954756,0.4901442711986578
15.268914461135864,0.08350503864983061,0.49004056356437914
15.280713319778442,0.0823711037841379,0.4899687068208342
15.29254961013794,0.0808591906298785,0.48987289782944077
15.304798364639282,0.07934727747561662,0.4897770888380472
15.318497896194458,0.07802435346564056,0.48969325597057806
15.330119371414185,0.07651267431531739,0.4895938231021055
15.34205436706543,0.07518995505878553,0.48950681934219203
15.354442834854126,0.07367851859839099,0.489403763167974
15.367526531219482,0.07254494125309692,0.4893264710373106
15.379737615585327,0.07084457523515213,0.4892105328413152
15.391767024993896,0.06952228828501854,0.4891171888144809
15.408168315887451,0.0678224976283037,0.4889931002024917
15.421390771865845,0.06612241440670372,0.4888730864537048
15.433236598968506,0.06480035500704016,0.4887765730888246
15.445523023605347,0.0634785307542985,0.48867689094045685
15.458199501037598,0.062156471354632495,0.48858037757557643
15.471234321594238,0.060456983029681756,0.48845221481338946
15.483029842376709,0.059324198877632996,0.48836405736274113
15.495291709899902,0.057813820008238745,0.4882465140952104
15.50753378868103,0.05668103585619244,0.4881583566445623
15.520862340927124,0.055170656986800654,0.48804081337703176
15.532741069793701,0.05384958373980376,0.4879316283876107
15.544924974441528,0.052528252564813256,0.4878256104087701
15.556740760803223,0.05120717931781636,0.4877164254193491
15.570180177688599,0.04969768477128876,0.48758802385062655
15.58209776878357,0.04837687704307588,0.4874756724779942
15.594568967819214,0.04705634242290439,0.4873601553677127
15.606134414672852,0.045924221513001316,0.4872638541911702
15.619751691818237,0.04422604014816145,0.4871194024263576
15.631797790527344,0.043094153330867746,0.48702038776040163
15.643683910369873,0.041962266513578955,0.4869213730944461
15.655644655227661,0.04064173189340747,0.48680585598416454
15.66934609413147,0.03951008567245792,0.48670412839772587
15.681291818618774,0.038001224044528464,0.48656849161580795
15.693113327026367,0.03668097012008405,0.48644980943162924
15.705244302749634,0.03554957099783099,0.4863453695092268
15.718919038772583,0.03422960535520119,0.48622352293309046
15.730722188949585,0.03309845983257223,0.48611637127482754
15.742473125457764,0.0315902658024011,0.4859735023971437
15.754769325256348,0.03045912027977215,0.48586635073888074
15.767634868621826,0.029327974757143195,0.48575919908061777
15.779904127120972,0.02781978072697207,0.4856163302029339
15.791796207427979,0.02668863520434557,0.4855091785446712
15.80861783027649,0.024992706964679177,0.4853403186436463
15.821415662765503,0.02367334063723506,0.4852121454021357
15.833681106567383,0.022165848868641078,0.48506204771233563
15.845523595809937,0.021035230042196817,0.4849494744449857
15.858135461807251,0.019904611215755014,0.484836901177636
15.871121883392334,0.01858555591823589,0.48470556569906104
15.882971048355103,0.017266819229839633,0.48457106873806594
15.89521336555481,0.01576006437050597,0.48441374568594436
15.907058238983154,0.014441653868592384,0.48427608801533834
15.92091965675354,0.01331187380577402,0.48415538722455476
15.932713985443115,0.0119944873084974,0.4840082522435595
15.94484257698059,0.01086499981899597,0.48388484364462164
15.956787824630737,0.009547264414581733,0.4837408669458612
15.969301700592041,0.008229877917302656,0.4835937319648657
15.982073307037354,0.00672470075097362,0.48342196920166125
15.994120121002197,0.005407670730441229,0.48327167678385796
16.005947828292847,0.004279099893662997,0.4831401490772494
16.01916003227234,0.0029624339174209088,0.4829867000862059
16.031930446624756,0.0016454038968885176,0.48283640766840263
16.048667192459106,0.0003287379206464297,0.48268295867735916
16.060859203338623,-0.0013636405505453684,0.4824816097997606
16.073817253112793,-0.0026795557439448846,0.48232185032548897
16.085758447647095,-0.004183892162785855,0.482142873545401
16.098698377609253,-0.005124102424559624,0.4820310130578462
16.110660791397095,-0.006628005502729106,0.48184843080153594
16.123193502426147,-0.007943920696131077,0.481688671327264
16.135427474975586,-0.00925944915530207,0.4815257579792628
16.14846634864807,-0.01057536434870159,0.4813659985049912
16.159883737564087,-0.01189089280787014,0.4812030851569903
16.174067735671997,-0.013206026973882144,0.4810370188713476
16.18598198890686,-0.014708578192389868,0.4808436265638275
16.202831029891968,-0.015835491606273108,0.48069858233318713
16.21510601043701,-0.017525861727100415,0.48048101598722626
16.22893714904785,-0.018840184639128378,0.4803086467070236
16.240973472595215,-0.020154090594990248,0.48013312740611924
16.25287675857544,-0.02146841350701821,0.4799607581259166
16.26500701904297,-0.022594618612044065,0.4798103130108555
16.278656005859375,-0.023908524567905935,0.47963479370995116
16.290210962295532,-0.025222006018001356,0.4794561253968651
16.302056550979614,-0.026535055415161848,0.47927430909821256
16.314533233642578,-0.027660896658100086,0.47912116482985323
16.327988862991333,-0.028974378108193068,0.47894249651676757
16.33974289894104,-0.030287427505351117,0.47876068021811535
16.35187029838562,-0.03141252161925477,0.4786021402985285
16.363865852355957,-0.032725131418796814,0.4784171770590122
16.376936435699463,-0.0338506023306525,0.47826133451730946
16.38960337638855,-0.03535021679896905,0.4780463526686276
16.401490449905396,-0.0364749276502089,0.4778851162821159
16.41322112083435,-0.03759963850144875,0.47772387989560416
16.425267219543457,-0.03891180116122695,0.47753577077800735
16.439069032669067,-0.04022350914165293,0.47734451686319096
16.451007843017578,-0.04134743408230759,0.4771778903376722
16.462867259979248,-0.04247135902295981,0.4770112638121538
16.475008726119995,-0.04359528396361447,0.47684463728663506
16.488561153411865,-0.04509276822782801,0.476615286840184
16.500163078308105,-0.04621588142598633,0.476443274005346
16.512047052383423,-0.04752520300880461,0.47623631294956004
16.524513006210327,-0.048460784380263966,0.47609072585399775
16.53850769996643,-0.04995715190348556,0.4758541989330995
16.549959897994995,-0.05126647348630141,0.475647237877314
16.56202244758606,-0.05238832067686408,0.4754671530299418
16.574062824249268,-0.05332319333566753,0.47531708232379816
16.587488651275635,-0.054818409725892345,0.47507338436470736
16.5996732711792,-0.0559398220185573,0.47489061089538986
16.615681648254395,-0.05762060677169874,0.4746083895746514
16.628798246383667,-0.05892840621478793,0.4743920183600806
16.641639232635498,-0.06004892938354889,0.47420387081292165
16.653501749038696,-0.06116945255230984,0.4740157232657627
16.665502309799194,-0.0624767295825269,0.4737962177940779
16.678486585617065,-0.06359679853039041,0.47360538482190173
16.691152095794678,-0.06509022379420437,0.473350940859001
16.7030189037323,-0.06602361458408536,0.4731919133821884
16.715166330337524,-0.06732982425707232,0.4729661431980607
16.726980686187744,-0.06844896545828746,0.47276994268081074
16.740791082382202,-0.0697546301930397,0.4725410420773523
16.75245237350464,-0.07087329787384683,0.47234215947088504
16.76478886604309,-0.07199196555464912,0.47214327686441865
16.77670431137085,-0.07292338335415142,0.4719730740800829
16.789939403533936,-0.0742279357088628,0.471737916601678
16.802053213119507,-0.07553192062816212,0.4714996327036086
16.814111709594727,-0.07664912919212674,0.4712927107476886
16.82607340812683,-0.07758013632875865,0.47112027578442284
16.83976459503174,-0.07888296390274316,0.470875743172464
16.851829290390015,-0.07981313366755016,0.4706988468365506
16.864091396331787,-0.08092984301667662,0.4704892474548722
16.879253149032593,-0.08241743191373019,0.47020264664847955
16.892114639282227,-0.08353312358651431,0.46998769604368623
16.904407262802124,-0.08464881525930569,0.4697727454388915
16.91613507270813,-0.08557855831995992,0.4695936199348969
16.929233074188232,-0.08669373153709216,0.46937599556349385
16.942103385925293,-0.08799476695707292,0.469122100463525
16.954460620880127,-0.088923640585217,0.46893851972389305
16.966033697128296,-0.09003775767094278,0.4687155515859892
16.979154586791992,-0.0909661885757179,0.4685297448044019
16.991924047470093,-0.09207976799176965,0.4683041066973095
17.00877857208252,-0.09356454054650773,0.46800325588785235
17.020840644836426,-0.09449252339321873,0.46781522413194176
17.03280234336853,-0.09542005284975225,0.46762496848212287
17.04565930366516,-0.0969033660286913,0.46731700296127243
17.058799505233765,-0.09783043676553184,0.46712452451074016
17.070765256881714,-0.09875704345579725,0.4669298243654618
17.08249807357788,-0.09986840823918215,0.4666935194999091
17.095436811447144,-0.10097977302256705,0.4664572146343564
17.108211040496826,-0.10190591034205367,0.4662602939130627
17.119916200637817,-0.1028315729692451,0.4660611537472454
17.13200306892395,-0.10375675558535735,0.4658597952811481
17.145133018493652,-0.10486639233215583,0.4656155045498853
17.15704894065857,-0.10597602907895433,0.46537121381862256
17.16959810256958,-0.10708566582575281,0.46512692308735976
17.182523727416992,-0.1081941186632102,0.4648773154385092
17.195500373840332,-0.10930257150067241,0.46462770778965756
17.209614276885986,-0.11041102433812738,0.46437810014080755
17.22189497947693,-0.11151826778993572,0.4641231813112676
17.234439849853516,-0.11244097066644386,0.4639107489533174
17.248156309127808,-0.11354759988047862,0.4636531767229213
17.259910583496094,-0.11465422909451818,0.46339560449252404
17.27194094657898,-0.11557538048304523,0.46317654234510763
17.284003496170044,-0.11686572387031499,0.46287294750196706
17.297038316726685,-0.1176026449811352,0.46269769778403425
17.30974817276001,-0.1187080266473691,0.46243482320713414
17.321778059005737,-0.11981213536009055,0.4621666523255489
17.33388590812683,-0.12091624407280722,0.46189848144396484
17.346914529800415,-0.12183633466673897,0.46167500570931114
17.359462022781372,-0.12275588693168796,0.461449325100812
17.371363878250122,-0.12385869731442811,0.46117586407809225
17.383083820343018,-0.12496150769716828,0.46090240305537256
17.396103858947754,-0.12606431807991322,0.46062894203265164
17.412742853164673,-0.12734938590375,0.4603037396741444
17.425071239471436,-0.128083262818652,0.46011615006625156
17.437050104141235,-0.12936754741972517,0.4597878682524405
17.451038122177124,-0.1302843288475233,0.45955118297898695
17.462813138961792,-0.13120054029173095,0.45931230080192265
17.47493267059326,-0.1322993037271043,0.4590230075522285
17.48679518699646,-0.13321493992325034,0.45878192984414967
17.500003337860107,-0.1343130067475313,0.45849000361949704
17.5120587348938,-0.1352280624344309,0.45824673176562014
17.524066925048828,-0.13614253235425622,0.45800126716376344
17.535912036895752,-0.13705641125252138,0.4577536112243508
17.549596786499023,-0.13815235040327806,0.4574537961996019
17.56139373779297,-0.13906563302890743,0.45720395034564487
17.573450565338135,-0.13997951192717498,0.45695629440623164
17.585383415222168,-0.14089279455280673,0.45670644855227394
17.59896945953369,-0.14180547565815319,0.4564544142193662
17.61095881462097,-0.14271754999902114,0.45620019285567776
17.622704029083252,-0.14381130480183038,0.4558925045352004
17.63497233390808,-0.14472276713750828,0.4556360976014683
17.64859414100647,-0.14581578124945593,0.45532578836489274
17.6600444316864,-0.1467266263427512,0.45506719733441153
17.672024965286255,-0.1476368489600154,0.4548064236930261
17.68405556678772,-0.1483645248889474,0.4545960598899024
17.696033000946045,-0.14945603878234784,0.45428051418521626
17.70977210998535,-0.15036436260556724,0.4540132017515496
17.721816778182983,-0.15127332458417292,0.45374806739604295
17.733826398849487,-0.15236331317203713,0.4534272924756427
17.74566650390625,-0.15327163699525417,0.4531599800419767
17.75940227508545,-0.154179317443933,0.45289049106610535
17.771262407302856,-0.1550863493025973,0.45261882709649576
17.78308916091919,-0.15599272735952102,0.45234498969410547
17.7951877117157,-0.15671730259728406,0.4521241822847277
17.812710762023926,-0.15816645307280544,0.45168256746597374
17.824968576431274,-0.15907083849180662,0.4514022192558431
17.836995601654053,-0.15979380713835217,0.4511762070364222
17.85079288482666,-0.16087826010816697,0.45083718870729184
17.86258888244629,-0.16178060612065712,0.4505503441871005
17.874834299087524,-0.1626822619561179,0.4502613375100146
17.886690378189087,-0.1635832224337017,0.4499701703366452
17.89923119544983,-0.16448348237656588,0.4496768443400142
17.911993503570557,-0.16556294745893996,0.4493222645786607
17.92408776283264,-0.16646250169425286,0.449026781444199
17.93607497215271,-0.1671815763814498,0.4487886705846228
17.949016094207764,-0.16826018841224402,0.4484315042952589
17.961904764175415,-0.16915759452866086,0.44812955998377363
17.97392702102661,-0.17005427428707695,0.4478254654000212
17.985778093338013,-0.1707710328856058,0.44758047091304914
17.99895977973938,-0.17184617078340142,0.44721297918259023
18.011684894561768,-0.17256174661359064,0.446964551288704
18.023757934570312,-0.17345621640132833,0.4466540164213458
18.035622358322144,-0.17434993924739278,0.44634133834496714
18.05257225036621,-0.17577869247798877,0.4458376271629308
18.079803228378296,-0.17774322817006177,0.4451450242876296
18.106966257095337,-0.17934645895622905,0.4445668052058297
18.134615182876587,-0.18112628134744796,0.44392007135346906
18.160905361175537,-0.18290298276951386,0.4432648122620242
18.17933702468872,-0.18467652238732069,0.44260104299174896
18.191219806671143,-0.1853846572077653,0.4423321373144463
18.2030827999115,-0.18644685943843226,0.44192877879849235
18.234092473983765,-0.18821395323403065,0.4412480351333434
18.24894094467163,-0.18927223918951377,0.4408345106387064
18.260843753814697,-0.19015248194811066,0.4404856829004767
18.27351951599121,-0.1910318860154477,0.4401347461663392
18.285387992858887,-0.1917347342739262,0.4398523111954645
18.298139095306396,-0.19261329459701743,0.43949926748187385
18.30990982055664,-0.19331546382158482,0.43921514855028726
18.322932243347168,-0.19401626287842574,0.4389276666045191
18.335155725479126,-0.19471706193526667,0.438640184658751
18.34695291519165,-0.19559132791300468,0.43827663671804645
18.3595871925354,-0.1964647199313913,0.43791099415044904
18.371530294418335,-0.19716273036386606,0.43761680607561954
18.384660482406616,-0.19786074079633853,0.437322618000791
18.396185159683228,-0.19855733283625954,0.4370250869652158
18.409125328063965,-0.19925392487618507,0.4367275559296387
18.421143054962158,-0.20012287192260486,0.43635147198217616
18.433870553970337,-0.20081730636479686,0.4360489393513589
18.44581627845764,-0.201685349417538,0.43567077356283684
18.45878028869629,-0.20220562986035068,0.4354426262888346
18.470158338546753,-0.20289860594633416,0.4351367679368696
18.48314094543457,-0.20359010774898237,0.4348275908935012
18.495355367660522,-0.204454485002296,0.43444111958928916
18.507599353790283,-0.2053179333759004,0.43405257742794684
18.519716024398804,-0.20583544209545224,0.4338182109563835
18.532676935195923,-0.2065247026839592,0.4335040692234881
18.544848442077637,-0.20738438597945505,0.43310726607775196
18.556743144989014,-0.2080713697100068,0.432788175900578
18.5693838596344,-0.20858660750792177,0.432548858267697
18.58208179473877,-0.20961593282395422,0.4320677542612573
18.5945246219635,-0.2101294363338527,0.4318247376710271
18.611061573028564,-0.2108133290116466,0.4314990752807029
18.623225212097168,-0.2116681948588923,0.4310919972927961
18.636653423309326,-0.21252011124891554,0.4306787823736192
18.64927387237549,-0.21320085000088568,0.4303465777096274
18.66123342514038,-0.21387998830293184,0.43001111332417147
18.67303729057312,-0.21455912660497356,0.4296756489387177
18.686124563217163,-0.21523664884801186,0.42933693254199684
18.699054718017578,-0.21574356680707518,0.42908046207471634
18.711026191711426,-0.21658740301811752,0.42865098733279344
18.733040809631348,-0.21776441939137678,0.42804124284292994
18.7453293800354,-0.21843616304582109,0.4276912062020917
18.758141040802002,-0.21910622086518153,0.42733795316823436
18.76982808113098,-0.2197745774490748,0.4269814918604066
18.78289818763733,-0.22060787743301066,0.42653191512413885
18.795071840286255,-0.22110720938846956,0.42626097137339786
18.807027578353882,-0.2216058904399023,0.42598883147049876
18.819578886032104,-0.22260194500394945,0.4254421624877744
18.832592248916626,-0.2230986561660458,0.4251664435380192
18.844796657562256,-0.2237600545915731,0.42479723179670337
18.856677770614624,-0.22441967537328458,0.4244248534789322
18.869377851486206,-0.22491304635633416,0.4241432012272233
18.88206458091736,-0.22573420373498135,0.42367181108677276
18.894470691680908,-0.22639022378877344,0.42329312536452
18.906070947647095,-0.2268808715781024,0.42300675556053957
18.918992280960083,-0.22737083151112453,0.4227192104652175
18.931105613708496,-0.22802319052637204,0.42233425215262116
18.94395685195923,-0.22883632300694456,0.4218491504374534
18.95592975616455,-0.22916110993682384,0.42165433065667507
18.968971014022827,-0.22997073295999257,0.4211633941379928
18.981003046035767,-0.23061748807277907,0.42076909347694846
18.99384641647339,-0.23110113109136318,0.42047104591634304
19.005707502365112,-0.23174503401145435,0.4200721045463276
19.022162199020386,-0.23238701696156147,0.41967008081694895
19.035381317138672,-0.23302706518656668,0.41926498396818385
19.048762321472168,-0.23366516397582127,0.4188568233106391
19.060779809951782,-0.234142264991565,0.4185484119966652
19.072605848312378,-0.23477741214281966,0.4181356732373257
19.085517644882202,-0.23541057327845846,0.4177198942533305
19.098134994506836,-0.2358839437041998,0.41740578701393816
19.10999608039856,-0.23651409854508892,0.4169854656324698
19.121909379959106,-0.23698519794310283,0.4166679624435111
19.135090112686157,-0.23761231390197493,0.41624312040069594
19.14752507209778,-0.2380811179102438,0.41592223768125
19.15966033935547,-0.2387051625569775,0.4154928969469945
19.1717267036438,-0.23932714172392489,0.41506056940554137
19.184833526611328,-0.23979206626777186,0.4147340910964091
19.19872808456421,-0.24025620688656874,0.41440649927142487
19.210104942321777,-0.24071956091338703,0.4140777958129148
19.222105503082275,-0.24133419863962494,0.41363509314441077
19.234196662902832,-0.24179357986156125,0.4133008599761879
19.247143745422363,-0.24225215858547094,0.4129655266020961
19.259749174118042,-0.24301511457036046,0.4124048071801509
19.271716594696045,-0.24331867618941477,0.41217833060246145
19.283797025680542,-0.24377238475351803,0.4118364366764151
19.2967529296875,-0.24437623504558473,0.4113791293268361
19.309264183044434,-0.24482747327249288,0.4110339815608216
19.321327209472656,-0.2454257993455322,0.4105694698843988
19.333061695098877,-0.24587454390031457,0.4102210861270794
19.346109628677368,-0.2463207715769883,0.4098694843944677
19.359102725982666,-0.2467644592997397,0.409514682868977
19.37115716934204,-0.2472072952658862,0.409158818815029
19.382956504821777,-0.24764927693093208,0.4088018942773866
19.395843505859375,-0.24823514832278407,0.40832176939840076
19.412790775299072,-0.24867282048711165,0.407959573326665
19.42504072189331,-0.24925522408685852,0.4074752477809652
19.437029361724854,-0.2496885238804217,0.4071078322033106
19.451012134552002,-0.25040922026395623,0.40649374358773005
19.46288776397705,-0.2506957249654815,0.4062460414423884
19.47508478164673,-0.25112369581063393,0.4058724321899501
19.4869282245636,-0.2516907266162437,0.40537019593807133
19.500667333602905,-0.25197303487204353,0.4051177214928096
19.512137413024902,-0.2525352241126791,0.40461007156921525
19.52455472946167,-0.25295503589906065,0.4042273171024537
19.536197900772095,-0.2532330682270048,0.4039701414398787
19.54981803894043,-0.25392505873557863,0.4033238773753784
19.56184673309326,-0.2541999888327977,0.40306338795439156
19.57379722595215,-0.25461050601552915,0.4026706812438644
19.585773706436157,-0.2551566055625657,0.40214576175295347
19.59950089454651,-0.2554271262898913,0.40188069603866355
19.61155605316162,-0.255830996584877,0.40148115667560486
19.62347435951233,-0.25636821180264846,0.4009471482515044
19.635361909866333,-0.25676919851288504,0.4005447149327808
19.649142265319824,-0.25716728090210383,0.4001394084694696
19.661179304122925,-0.25756243838422427,0.39973124982123065
19.673081159591675,-0.2579546505244235,0.39932026009521754
19.685189485549927,-0.2583458763692043,0.39890833139242937
19.698865175247192,-0.25886354769392944,0.39835535617890455
19.71090340614319,-0.2591210548687212,0.39807763086184883
19.722546815872192,-0.2596334004062518,0.39751971757343574
19.734863758087158,-0.2598868867304031,0.39723831753741723
19.74818468093872,-0.26026508825136846,0.39681439947063135
19.759875774383545,-0.260765279303819,0.3962455637313707
19.771891593933105,-0.26113837298458964,0.395817143349993
19.783894062042236,-0.2615083761890432,0.3953860510785484
19.797005891799927,-0.2618752697831677,0.39495230921015384
19.80960512161255,-0.26236307356064587,0.3943728157573092
19.825407028198242,-0.26272474238805427,0.3939347078058988
19.838201761245728,-0.26308325136991717,0.39349401037258563
19.851268529891968,-0.26343858196662445,0.3930507462471994
19.863057374954224,-0.26379071580291924,0.3926049383523147
19.87513780593872,-0.2640233283802207,0.3923060526121296
19.887017488479614,-0.2643700938980381,0.3918560563971921
19.90065598487854,-0.2647136144655369,0.3914035781794696
19.912171840667725,-0.2650538723181981,0.3909486413580203
19.924794673919678,-0.2652785240128868,0.3906437267587006
19.93662452697754,-0.26561330498945696,0.39018474460705205
19.949912309646606,-0.2659447767064908,0.3897233668674345
19.96179699897766,-0.26627292202255315,0.38925961739912823
19.973893404006958,-0.2664894566530031,0.3889488859224175
19.985777378082275,-0.26681202034297963,0.3884812369261428
19.99928045272827,-0.2670248152908951,0.38816793259016164
