0.008909225463867188,0
0.01992177963256836,1
0.025374412536621094,1
0.02991652488708496,1
0.036420583724975586,2
0.04066324234008789,3
0.04648089408874512,3
0.050664663314819336,5
0.056303977966308594,5
0.06055641174316406,7
0.06618595123291016,7
0.07039523124694824,9
0.07622361183166504,9
0.08042573928833008,11
0.08666825294494629,12
0.09109091758728027,13
0.09653997421264648,15
0.10077977180480957,16
0.10657095909118652,17
0.11075854301452637,19
0.1163780689239502,19
0.12056374549865723,21
0.126173734664917,22
0.1303696632385254,24
0.13669133186340332,25
0.141127347946167,27
0.14655709266662598,28
0.1507418155670166,29
0.15634393692016602,31
0.16054844856262207,32
0.16631078720092773,33
0.1705479621887207,35
0.17618632316589355,36
0.18038463592529297,38
0.18668723106384277,39
0.1912245750427246,41
0.19659209251403809,42
0.2008047103881836,44
0.2065575122833252,45
0.2107546329498291,47
0.2163703441619873,47
0.22054219245910645,49
0.2263038158416748,50
0.23063015937805176,52
0.2370457649230957,54
0.2415478229522705,55
0.24691200256347656,56
0.2514326572418213,58
0.2567150592803955,59
0.261122465133667,60
0.26659131050109863,61
0.27077746391296387,63
0.27637624740600586,64
0.28056836128234863,66
0.28630542755126953,67
0.29154276847839355,69
0.2969014644622803,69
0.3013780117034912,71
0.30666232109069824,72
0.3111248016357422,74
0.3165295124053955,75
0.3207376003265381,76
0.32698774337768555,77
0.33188891410827637,79
0.337907075881958,81
0.35468554496765137,85
0.35918188095092773,86
0.36481475830078125,87
0.3690664768218994,89
0.3747074604034424,90
0.37896275520324707,91
0.38474488258361816,92
0.3965003490447998,96
0.40476202964782715,97
0.41671085357666016,101
0.42713403701782227,104
0.43545055389404297,106
0.4452672004699707,108
0.4571952819824219,111
0.465421199798584,113
0.47525644302368164,115
0.4871678352355957,117
0.4954698085784912,120
0.5073485374450684,122
0.5172605514526367,123
0.52217698097229,124
0.5272064208984375,125
0.5319037437438965,126
0.53694748878479,127
0.5414450168609619,128
0.5467731952667236,129
0.5512542724609375,130
0.5565361976623535,131
0.560739278793335,133
0.5762503147125244,135
0.5845515727996826,137
0.5920462608337402,138
0.5975401401519775,139
0.602271556854248,141
0.6072759628295898,141
0.6120290756225586,142
0.6180553436279297,143
0.6233870983123779,144
0.6275854110717773,145
0.6323087215423584,146
0.6372723579406738,147
0.6421728134155273,148
0.6472511291503906,149
0.6520111560821533,150
0.6570479869842529,151
0.6614997386932373,151
0.6679081916809082,153
0.672356128692627,154
0.6774017810821533,155
0.6821060180664062,155
0.687131404876709,156
0.6915686130523682,157
0.696876049041748,158
0.7015082836151123,159
0.7068467140197754,159
0.7113425731658936,161
0.7166731357574463,161
0.7222726345062256,163
0.727287769317627,163
0.7319905757904053,164
0.7370331287384033,165
0.7415103912353516,166
0.7503330707550049,167
0.7561054229736328,168
0.7602982521057129,169
0.7662012577056885,169
0.7715306282043457,171
0.7768294811248779,171
0.7813589572906494,172
0.7867093086242676,173
0.7911055088043213,174
0.7965080738067627,175
0.8006813526153564,175
0.8062820434570312,176
0.8104772567749023,177
0.8160758018493652,178
0.8215270042419434,179
0.8268072605133057,179
0.8313539028167725,180
0.8366622924804688,181
0.8410398960113525,182
0.8464648723602295,182
0.8506627082824707,183
0.8565285205841064,184
0.8607475757598877,185
0.8663403987884521,186
0.8715665340423584,186
0.8768799304962158,187
0.8814976215362549,188
0.8868114948272705,188
0.8912613391876221,189
0.8965458869934082,190
0.9007294178009033,191
0.9063198566436768,191
0.9105207920074463,192
0.9161462783813477,193
0.9212522506713867,193
0.9265379905700684,194
0.9307446479797363,195
0.9362993240356445,195
0.9405195713043213,196
0.9463129043579102,197
0.9504971504211426,198
0.9560725688934326,198
0.9602794647216797,199
0.9655163288116455,199
0.9700963497161865,200
0.9764606952667236,201
0.9806482791900635,202
0.9864115715026855,202
0.9906270503997803,203
0.9962170124053955,203
1.0003888607025146,204
1.006133794784546,205
1.0103259086608887,206
1.0157995223999023,206
1.0200867652893066,207
1.0262930393218994,207
1.0304577350616455,208
1.0360825061798096,209
1.0402674674987793,209
1.0455050468444824,210
1.050053596496582,211
1.0552570819854736,211
1.0595316886901855,212
1.0651781558990479,212
1.0694262981414795,213
1.0758085250854492,213
1.0800812244415283,214
1.085313081741333,215
1.0895583629608154,215
1.0950348377227783,216
1.0992653369903564,216
1.104771614074707,217
1.1089975833892822,217
1.1147065162658691,218
1.1189498901367188,219
1.1253371238708496,219
1.1295897960662842,220
1.135087490081787,221
1.1392996311187744,221
1.1448228359222412,222
1.154207706451416,223
1.158466100692749,223
1.1641457080841064,224
1.1684162616729736,224
1.1748182773590088,225
1.1791141033172607,225
1.184755563735962,226
1.1889770030975342,227
1.1945009231567383,227
1.198772668838501,227
1.2042279243469238,228
1.2084965705871582,229
1.2139604091644287,229
1.2182657718658447,229
1.22381591796875,230
1.22892165184021,231
1.2343721389770508,231
1.238677978515625,232
1.2442846298217773,232
1.248551607131958,233
1.254058837890625,233
1.2583160400390625,233
1.263810396194458,234
1.2681334018707275,235
1.2733607292175293,235
1.2786602973937988,235
1.2841780185699463,236
1.288465976715088,237
1.2939667701721191,237
1.29825758934021,237
1.3038766384124756,238
1.3081552982330322,238
1.313422679901123,239
1.317596673965454,239
1.324035882949829,240
1.3290441036224365,241
1.3345510959625244,241
1.338810682296753,241
1.3442542552947998,242
1.3485186100006104,242
1.3540892601013184,243
1.3583574295043945,243
1.3641738891601562,243
1.3684430122375488,244
1.3741095066070557,245
1.3791420459747314,245
1.3846378326416016,245
1.3888964653015137,246
1.394378662109375,246
1.398651361465454,247
1.4041287899017334,247
1.40840744972229,247
1.4138367176055908,248
1.4181551933288574,248
1.4241037368774414,249
1.4291143417358398,249
1.4346380233764648,250
1.4388890266418457,250
1.4443519115447998,251
1.448636770248413,251
1.4541335105895996,251
1.458390712738037,252
1.463850736618042,252
1.4681634902954102,253
1.4734277725219727,253
1.477921724319458,253
1.4843833446502686,254
1.4886705875396729,254
1.4941349029541016,255
1.4984087944030762,255
1.504056692123413,255
1.5083134174346924,256
1.5138347148895264,256
1.5181496143341064,256
1.5234439373016357,257
1.5279200077056885,257
1.5342161655426025,257
1.5385074615478516,258
1.5442371368408203,258
1.5533428192138672,259
1.5575754642486572,259
1.5633080005645752,260
1.5675373077392578,260
1.5729048252105713,261
1.5774405002593994,261
1.5840322971343994,261
1.5883123874664307,262
1.5935683250427246,262
1.59810209274292,262
1.6035740375518799,263
1.608076810836792,263
1.6133458614349365,263
1.6175475120544434,264
1.62223219871521,264
1.6272592544555664,264
1.6339473724365234,265
1.6382582187652588,265
1.6435258388519287,265
1.6480367183685303,266
1.6533424854278564,266
1.6575584411621094,266
1.6632368564605713,267
1.6674747467041016,267
1.6722118854522705,267
1.677241563796997,268
1.6835618019104004,268
1.6880946159362793,268
1.6933860778808594,269
1.6975739002227783,269
1.7023046016693115,269
1.7072560787200928,270
1.7119691371917725,270
1.717038869857788,270
1.7219057083129883,271
1.7269418239593506,271
1.7314600944519043,271
1.7372920513153076,271
1.7419946193695068,272
1.7470743656158447,272
1.7515146732330322,273
1.7568094730377197,273
1.7614381313323975,273
1.7667663097381592,273
1.7712273597717285,274
1.776540756225586,274
1.7807202339172363,274
1.787130355834961,275
1.7915596961975098,275
1.796849012374878,275
1.8013134002685547,275
1.806614637374878,275
1.810783863067627,276
1.8163275718688965,276
1.8205151557922363,277
1.826197624206543,277
1.8303875923156738,277
1.8366773128509521,277
1.8412859439849854,278
1.8466439247131348,278
1.8508098125457764,278
1.8564472198486328,278
1.8606469631195068,279
1.8662889003753662,279
1.8705902099609375,279
1.876176357269287,279
1.8803234100341797,280
1.8866751194000244,280
1.8913185596466064,280
1.8966879844665527,281
1.901310920715332,281
1.9066288471221924,281
1.9107999801635742,281
1.9164230823516846,282
1.9206318855285645,282
1.9292850494384766,282
1.934826135635376,283
1.9401295185089111,283
1.9453685283660889,283
1.9545936584472656,283
1.9588901996612549,284
1.9646275043487549,284
1.9689042568206787,284
1.9745092391967773,285
1.9788334369659424,285
1.9843111038208008,285
1.9893364906311035,285
1.9948487281799316,285
1.9990906715393066,286
2.004593849182129,286
2.0088531970977783,286
2.014378786087036,286
2.0186924934387207,287
2.0243430137634277,287
2.0286507606506348,287
2.0341460704803467,287
2.0391526222229004,287
2.044707775115967,288
2.0489494800567627,288
2.0544097423553467,288
2.0586798191070557,289
2.064192533493042,289
2.0684642791748047,289
2.073972702026367,289
2.0782864093780518,289
2.083970308303833,290
2.0889735221862793,290
2.0945072174072266,290
2.0987541675567627,290
2.104292154312134,291
2.108581781387329,291
2.1141481399536133,291
2.1184260845184326,291
2.123915672302246,291
2.1281731128692627,292
2.133429527282715,292
2.1379168033599854,292
2.1443827152252197,292
2.148674726486206,293
2.154263973236084,293
2.1585421562194824,293
2.1640379428863525,293
2.168322801589966,293
2.1738648414611816,293
2.1781556606292725,293
2.183434009552002,294
2.1878952980041504,294
2.194214105606079,294
2.1984643936157227,294
2.204205274581909,295
2.2084784507751465,295
2.2139832973480225,295
2.218261480331421,295
2.2235190868377686,295
2.228070020675659,295
2.233412742614746,296
2.2375941276550293,296
2.2442097663879395,296
2.24849534034729,296
2.2539925575256348,296
2.258277416229248,297
2.263991355895996,297
2.2682929039001465,297
2.273547887802124,297
2.2780416011810303,297
2.2835257053375244,297
2.2880616188049316,297
2.294255256652832,298
2.2986056804656982,298
2.304112195968628,298
2.308377981185913,298
2.3135974407196045,299
2.3181264400482178,299
2.3244240283966064,299
2.328699827194214,299
2.3342154026031494,299
2.338487386703491,299
2.3482601642608643,300
2.3571126461029053,300
2.361956834793091,300
2.366990327835083,300
2.371866464614868,301
2.3769094944000244,301
2.3818697929382324,301
2.3869566917419434,301
2.3914437294006348,301
2.3973777294158936,301
2.4021146297454834,301
2.4072046279907227,302
2.4121053218841553,302
2.417173385620117,302
2.421841859817505,302
2.426894426345825,302
2.43137264251709,302
2.4366722106933594,303
2.441288948059082,303
2.4473681449890137,303
2.4521310329437256,303
2.4572179317474365,303
2.4623684883117676,303
2.467426300048828,303
2.4721264839172363,303
2.477156400680542,304
2.481799840927124,304
2.486945390701294,304
2.491407632827759,304
2.497403383255005,304
2.5022597312927246,304
2.507290840148926,305
2.512025833129883,305
2.517084836959839,305
2.521526575088501,305
2.5268170833587646,305
2.5313873291015625,305
2.5366859436035156,305
2.5413410663604736,305
2.547457695007324,305
2.5521657466888428,306
2.5572378635406494,306
2.562129020690918,306
2.5671331882476807,306
2.5715861320495605,306
2.5769450664520264,306
2.58144474029541,307
2.5866785049438477,307
2.5910611152648926,307
2.5972704887390137,307
2.602022409439087,307
2.6070244312286377,307
2.611523389816284,307
2.616830587387085,307
2.621471881866455,307
2.626767635345459,307
2.6312456130981445,307
2.636528968811035,308
2.640721559524536,308
2.647108316421509,308
2.6518115997314453,308
2.6568713188171387,308
2.661343812942505,308
2.666659355163574,309
2.6708285808563232,309
2.6766512393951416,309
2.6808085441589355,309
2.686600685119629,309
2.6907644271850586,309
2.696383237838745,309
2.701807975769043,309
2.7069180011749268,309
2.711388349533081,310
2.7166872024536133,310
2.7210614681243896,310
2.726527690887451,310
2.7306838035583496,310
2.7362961769104004,310
2.740481376647949,311
2.7463009357452393,311
2.755516290664673,311
2.7600908279418945,311
2.7657840251922607,311
2.770092487335205,311
2.77544903755188,311
2.77996563911438,311
2.785362720489502,311
2.7895941734313965,312
2.7951738834381104,312
2.800518751144409,312
2.8062944412231445,312
2.810483455657959,312
2.816131591796875,312
2.8203108310699463,312
2.8258259296417236,312
2.8301262855529785,312
2.8353688716888428,312
2.8398616313934326,312
2.845191478729248,312
2.8504838943481445,312
2.856081247329712,313
2.8602607250213623,313
2.8661680221557617,313
2.8703479766845703,313
2.8759102821350098,313
2.880100727081299,313
2.8853542804718018,313
2.889575242996216,313
2.8951306343078613,313
2.90042781829834,313
2.9060709476470947,313
2.910245180130005,313
2.9155001640319824,313
2.920046091079712,314
2.9254255294799805,314
2.9299278259277344,314
2.935326099395752,314
2.939573287963867,314
2.9450554847717285,314
2.949293851852417,314
2.9559073448181152,314
2.9601104259490967,314
2.965343475341797,314
2.96958065032959,314
2.975116014480591,314
2.9793078899383545,314
2.9849796295166016,314
2.9892539978027344,314
2.994779348373413,314
2.999018669128418,314
