0.009310245513916016,0
0.01322031021118164,0
0.018292903900146484,1
0.023499488830566406,1
0.029442310333251953,2
0.03419375419616699,2
0.03998303413391113,3
0.04445600509643555,3
0.0504145622253418,3
0.055945396423339844,3
0.06191754341125488,3
0.06631636619567871,4
0.07208132743835449,4
0.07647275924682617,5
0.08230710029602051,5
0.08673548698425293,5
0.09246683120727539,5
0.09708809852600098,5
0.10262584686279297,5
0.10931921005249023,6
0.1140596866607666,6
0.11949443817138672,7
0.12421345710754395,7
0.12991619110107422,7
0.13439702987670898,7
0.14010000228881836,8
0.14462590217590332,8
0.150343656539917,8
0.15480637550354004,8
0.16110014915466309,9
0.16556143760681152,9
0.17187833786010742,9
0.17627692222595215,9
0.18199968338012695,9
0.18638920783996582,10
0.19240093231201172,10
0.1970229148864746,11
0.20266962051391602,11
0.20888876914978027,11
0.21388483047485352,11
0.21935582160949707,11
0.22407007217407227,11
0.22988677024841309,12
0.2343904972076416,12
0.24013066291809082,13
0.24463868141174316,13
0.2504096031188965,13
0.25489139556884766,13
0.2612335681915283,13
0.2659623622894287,14
0.2714207172393799,14
0.2761955261230469,15
0.28196096420288086,15
0.2863907814025879,15
0.2929198741912842,15
0.2977869510650635,15
0.3029978275299072,15
0.3092222213745117,16
0.31396985054016113,17
0.3198716640472412,17
0.3244028091430664,17
0.33008646965026855,17
0.34011125564575195,17
0.3445560932159424,17
0.35085320472717285,17
0.35527563095092773,18
0.362224817276001,19
0.36656713485717773,19
0.37243032455444336,19
0.3770105838775635,19
0.38257503509521484,19
0.3872334957122803,20
0.3927905559539795,20
0.3975377082824707,21
0.4031383991241455,21
0.40825390815734863,21
0.4144871234893799,21
0.42023777961730957,21
0.42471766471862793,21
0.43044114112854004,22
0.4349217414855957,22
0.4406704902648926,23
0.44513463973999023,23
0.4510972499847412,23
0.4555246829986572,23
0.4624054431915283,23
0.46679210662841797,23
0.47273826599121094,24
0.4774148464202881,24
0.48294591903686523,25
0.48784589767456055,25
0.4931008815765381,25
0.4979732036590576,25
0.5032031536102295,25
0.5081114768981934,25
0.5144343376159668,25
0.5201232433319092,25
0.5245523452758789,26
0.5304737091064453,27
0.5349223613739014,27
0.5406105518341064,27
0.5450682640075684,27
0.5508382320404053,27
0.5552501678466797,27
0.5609772205352783,27
0.5664451122283936,28
0.5722990036010742,29
0.5767321586608887,29
0.5827786922454834,29
0.5878024101257324,29
0.5930421352386475,29
0.5979466438293457,29
0.6031966209411621,30
0.6081621646881104,30
0.6145830154418945,31
0.6203711032867432,31
0.6248693466186523,31
0.6306049823760986,31
0.6350290775299072,31
0.6407968997955322,31
0.6452553272247314,31
0.65116286277771,31
0.6558430194854736,32
0.6612541675567627,33
0.6667935848236084,33
0.672637939453125,33
0.6772754192352295,33
0.6827714443206787,33
0.6874411106109619,33
0.6928937435150146,33
0.697533369064331,34
0.7030372619628906,34
0.7081952095031738,35
0.7134671211242676,35
0.7203028202056885,35
0.7247695922851562,35
0.7305030822753906,35
0.7402243614196777,36
0.744743824005127,36
0.7506582736968994,37
0.7551114559173584,37
0.7610797882080078,37
0.7666270732879639,37
0.7725532054901123,37
0.7771248817443848,37
0.7827463150024414,37
0.7874007225036621,38
0.7929069995880127,38
0.7978644371032715,39
0.8031423091888428,39
0.8080809116363525,39
0.813232421875,39
0.8199911117553711,39
0.8244431018829346,39
0.8303015232086182,40
0.8347747325897217,40
0.8406522274017334,40
0.8450624942779541,41
0.8508033752441406,41
0.8552627563476562,41
0.8609981536865234,41
0.8654310703277588,41
0.8722045421600342,42
0.8766255378723145,42
0.8824629783630371,43
0.8872921466827393,43
0.8928892612457275,43
0.8975214958190918,43
0.9029922485351562,43
0.9079136848449707,43
0.9131240844726562,43
0.9198789596557617,43
0.9243664741516113,44
0.9300868511199951,44
0.9346208572387695,45
0.940324068069458,45
0.9448025226593018,45
0.9506349563598633,45
0.9550940990447998,45
0.9607653617858887,45
0.9651799201965332,45
0.9720139503479004,46
0.9764406681060791,46
0.9822852611541748,47
0.9867551326751709,47
0.9925248622894287,47
0.9970817565917969,47
1.0026929378509521,47
1.0074806213378906,47
1.0129528045654297,47
1.017829418182373,48
1.0241529941558838,48
1.0298430919647217,49
1.0343763828277588,49
1.0400829315185547,49
1.0445404052734375,49
1.050328254699707,49
1.0555708408355713,49
1.0614464282989502,50
1.0661942958831787,50
1.0730226039886475,51
1.0781528949737549,51
1.08347487449646,51
1.0888664722442627,50
1.0935602188110352,50
1.0995206832885742,50
1.1042096614837646,50
1.1098625659942627,51
1.1144001483917236,51
1.1200854778289795,51
1.1252942085266113,51
1.1311514377593994,51
1.1406199932098389,52
1.1450986862182617,53
1.1509675979614258,53
1.1554384231567383,53
1.161217451095581,53
1.1658976078033447,53
1.1725080013275146,53
1.1771059036254883,53
1.1826765537261963,54
1.187528371810913,54
1.1930203437805176,55
1.1979660987854004,55
1.2032244205474854,54
1.2081387042999268,54
1.213414192199707,54
1.2183609008789062,55
1.224677562713623,55
1.2306218147277832,55
1.235060691833496,55
1.2407963275909424,55
1.2452242374420166,56
1.2511146068572998,56
1.2558863162994385,57
1.2613348960876465,57
1.2660880088806152,57
1.2719216346740723,57
1.2773661613464355,57
1.282839059829712,57
1.2874956130981445,58
1.293872594833374,59
1.2993755340576172,59
1.3041489124298096,59
1.3130886554718018,59
1.3182294368743896,59
1.3245306015014648,59
1.330458164215088,60
1.3349249362945557,60
1.3407604694366455,61
1.345221757888794,61
1.350921630859375,61
1.3553171157836914,61
1.36118745803833,61
1.365896224975586,61
1.3714654445648193,61
1.3771047592163086,61
1.3826844692230225,61
1.388016939163208,62
1.3932557106018066,63
1.3981287479400635,63
1.403336524963379,63
1.408238172531128,63
1.4134302139282227,63
1.418849229812622,63
1.423572301864624,63
1.4305262565612793,64
1.4349851608276367,64
1.440671682357788,65
1.4451353549957275,65
1.4508366584777832,65
1.4552509784698486,65
1.46095609664917,65
1.4653956890106201,65
1.4711170196533203,65
1.4765796661376953,66
1.4824283123016357,66
1.4872891902923584,67
1.4928319454193115,67
1.4975166320800781,67
1.502990484237671,67
1.5078301429748535,67
1.5130517482757568,67
1.517972707748413,68
1.5232672691345215,68
1.5300028324127197,69
1.5344781875610352,69
1.5439565181732178,69
1.5499544143676758,68
1.554403305053711,68
1.5603208541870117,68
1.564779281616211,69
1.570613145828247,69
1.5750854015350342,69
1.5817995071411133,70
1.5862934589385986,70
1.5921118259429932,70
1.596470832824707,70
1.6022412776947021,70
1.6066312789916992,71
1.6126141548156738,71
1.6175737380981445,71
1.6229896545410156,71
1.6292178630828857,71
1.6338863372802734,71
1.6393733024597168,72
1.6441473960876465,72
1.6498403549194336,72
1.6543030738830566,73
1.660057783126831,73
1.6645722389221191,73
1.6704232692718506,73
1.6748929023742676,73
1.6813464164733887,73
1.6860904693603516,73
1.6917753219604492,74
1.6962640285491943,74
1.7021288871765137,74
1.7064695358276367,74
1.7123241424560547,75
1.7167322635650635,75
1.7225079536437988,75
1.727306842803955,75
1.7334847450256348,75
1.7392680644989014,75
1.7439427375793457,76
1.7498416900634766,76
1.7543623447418213,76
1.7600398063659668,77
1.7645151615142822,77
1.7702751159667969,77
1.7747447490692139,77
1.7804503440856934,77
1.7858986854553223,77
1.79146409034729,77
1.7961890697479248,77
1.8019626140594482,78
1.8063931465148926,78
1.8121638298034668,78
1.816528558731079,79
1.8223111629486084,79
1.8267312049865723,79
1.8332486152648926,79
1.8382301330566406,79
1.8434405326843262,79
1.8493576049804688,80
1.854074239730835,80
1.8594975471496582,81
1.8642752170562744,81
1.8699657917022705,81
1.874406099319458,81
1.8803114891052246,81
1.8854849338531494,81
1.8911917209625244,81
1.8958957195281982,82
1.9014270305633545,82
1.9061977863311768,83
1.9120819568634033,83
1.9164693355560303,83
1.9222455024719238,83
1.9266140460968018,83
1.9324374198913574,84
1.9426827430725098,84
1.947509765625,85
1.9530260562896729,85
1.9582254886627197,85
1.963442325592041,85
1.9694395065307617,85
1.9741339683532715,85
1.9795756340026855,86
1.985105037689209,86
1.9908876419067383,86
1.9952828884124756,86
2.0009734630584717,86
2.010164737701416,87
2.0146775245666504,87
2.0204713344573975,87
2.0249016284942627,87
2.0307729244232178,87
2.0362915992736816,88
2.0420451164245605,88
2.046457052230835,89
2.0522594451904297,89
2.0567209720611572,89
2.06245756149292,89
2.067014455795288,89
2.0725913047790527,89
2.077223300933838,89
2.0827476978302,89
2.0895047187805176,90
2.0942182540893555,91
2.099888324737549,91
2.104412078857422,91
2.110072612762451,91
2.114506959915161,91
2.1202380657196045,91
2.1246981620788574,91
2.130448341369629,91
2.1348869800567627,92
2.141779661178589,92
2.14630389213562,93
2.152292490005493,93
2.1567115783691406,93
2.162428379058838,93
2.1668050289154053,93
2.172569751739502,93
2.1771998405456543,93
2.1827638149261475,94
2.189284563064575,94
2.1939680576324463,95
2.1994643211364746,95
2.204209804534912,94
2.210080146789551,94
2.214505434036255,94
2.2202417850494385,94
2.224696159362793,94
2.2304165363311768,94
2.234849214553833,95
2.2413110733032227,95
2.2460641860961914,95
2.2514965534210205,96
2.256298303604126,96
2.2620644569396973,96
2.266421318054199,96
2.2723793983459473,96
2.276777505874634,97
2.282569646835327,97
2.2872276306152344,97
2.294295072555542,97
2.300004005432129,97
2.304457902908325,97
2.3135273456573486,98
2.31941294670105,98
2.32418155670166,99
2.330146551132202,99
2.334689140319824,99
2.35050368309021,99
2.3605306148529053,100
2.372913360595703,101
2.3835318088531494,101
2.3944599628448486,101
2.406708002090454,101
2.4193410873413086,101
2.4330413341522217,102
2.4462037086486816,103
2.454843044281006,103
2.467270851135254,103
2.4728031158447266,103
2.477470636367798,102
2.4829084873199463,102
2.491297960281372,103
2.4960861206054688,103
2.501779794692993,103
2.5062801837921143,103
2.5220537185668945,104
2.532055616378784,105
2.5382275581359863,105
2.5441524982452393,105
2.5495593547821045,105
2.5542328357696533,105
2.559898614883423,105
2.56436824798584,105
2.5708987712860107,105
2.575328826904297,106
2.5811264514923096,106
2.585845708847046,107
2.5912415981292725,107
2.595972776412964,107
2.6014480590820312,107
2.606165885925293,107
2.6119165420532227,107
2.6162731647491455,108
2.622728109359741,108
2.627572774887085,108
2.6329970359802246,108
2.637878179550171,109
2.643115520477295,109
2.648057222366333,109
2.6532413959503174,109
2.658289670944214,109
2.6634418964385986,110
2.67010760307312,110
2.674597978591919,110
2.680298328399658,111
2.684779405593872,111
2.6906893253326416,111
2.6951351165771484,110
2.700773239135742,110
2.705195665359497,111
2.7109076976776123,111
2.7153494358062744,111
2.722130060195923,111
2.7264902591705322,111
2.732243537902832,111
2.7366271018981934,111
2.7458889484405518,112
2.7520527839660645,113
2.7563955783843994,113
2.76239275932312,113
2.7667434215545654,113
2.773416042327881,113
2.7788424491882324,113
2.7835466861724854,113
2.7894322872161865,113
2.794100522994995,113
2.799527168273926,114
2.804335355758667,114
2.810211181640625,115
2.8147096633911133,115
2.8204457759857178,115
2.8258635997772217,115
2.8313450813293457,115
2.836071491241455,115
2.8414664268493652,115
2.8462092876434326,115
2.8519845008850098,115
2.8563380241394043,116
2.8621103763580322,116
2.866482734680176,117
2.8731679916381836,117
2.8781142234802246,117
2.8832736015319824,117
2.888173818588257,117
2.893418312072754,117
2.898341417312622,118
2.9035229682922363,118
2.9093194007873535,118
2.9139671325683594,118
2.9198246002197266,119
2.9250972270965576,119
2.9309144020080566,119
2.9353110790252686,119
2.941054582595825,119
2.9454634189605713,119
2.951108455657959,120
2.955522060394287,120
2.9612650871276855,120
2.96598744392395,120
2.9714510440826416,121
2.9772400856018066,121
2.982773542404175,121
2.9875612258911133,121
2.9930002689361572,121
2.997920513153076,121
