0.008876562118530273,0
0.013080835342407227,0
0.024916648864746094,1
0.036553144454956055,3
0.04949522018432617,7
0.06189084053039551,9
0.07305264472961426,13
0.08468294143676758,15
0.09624361991882324,19
0.11025571823120117,22
0.12138724327087402,26
0.13272571563720703,29
0.14423203468322754,32
0.1553173065185547,35
0.16814064979553223,39
0.18041372299194336,42
0.19217801094055176,45
0.20351934432983398,49
0.21613478660583496,52
0.2281503677368164,55
0.24038243293762207,58
0.251478910446167,61
0.2641608715057373,64
0.2750542163848877,66
0.28656983375549316,69
0.29823803901672363,71
0.3128969669342041,74
0.3242981433868408,76
0.335146427154541,78
0.35195350646972656,81
0.36426830291748047,83
0.37600255012512207,85
0.3880126476287842,86
0.40017247200012207,88
0.4126269817352295,89
0.42430615425109863,91
0.43552112579345703,92
0.4470255374908447,93
0.4594573974609375,94
0.4721815586090088,94
0.4833681583404541,95
0.4947545528411865,95
0.5063245296478271,96
0.5201334953308105,96
0.531317949295044,96
0.5427341461181641,96
0.5542075634002686,96
0.5660836696624756,96
0.5773634910583496,96
0.5901291370391846,96
0.6014039516448975,96
0.6127924919128418,95
0.6251187324523926,95
0.6365180015563965,95
0.6495504379272461,94
0.6613287925720215,93
0.6739106178283691,92
0.6851263046264648,91
0.69657301902771,90
0.7097947597503662,89
0.7223751544952393,87
0.7342977523803711,86
0.7504663467407227,84
0.7622478008270264,82
0.7746925354003906,80
0.7862844467163086,78
0.7981469631195068,76
0.8104562759399414,74
0.8226358890533447,72
0.834343433380127,70
0.8454840183258057,67
0.8570952415466309,65
0.8697915077209473,62
0.8821208477020264,59
0.8932857513427734,57
0.9049584865570068,55
0.9165284633636475,52
0.9301018714904785,48
0.9412317276000977,45
0.9528014659881592,43
0.9642162322998047,40
0.9761898517608643,37
0.9880969524383545,33
1.0002219676971436,30
1.0114450454711914,27
1.0238730907440186,24
1.0351760387420654,21
1.0466392040252686,18
1.0593013763427734,14
1.0709235668182373,11
1.0830559730529785,7
1.0946495532989502,5
1.106107234954834,1
1.1173624992370605,-2
1.1308271884918213,-5
1.142118215560913,-9
1.1568031311035156,-13
1.170116662979126,-16
1.182384729385376,-19
1.1942923069000244,-22
1.2055339813232422,-25
1.2171175479888916,-28
1.230635643005371,-31
1.2423818111419678,-34
1.2541289329528809,-37
1.2650902271270752,-40
1.2766270637512207,-43
1.2904081344604492,-46
1.302257776260376,-48
1.3145959377288818,-51
1.3254611492156982,-53
1.341378927230835,-57
1.3527605533599854,-58
1.3642878532409668,-61
1.376086950302124,-63
1.3895421028137207,-65
1.4012320041656494,-67
1.4127435684204102,-69
1.424210786819458,-70
1.4365143775939941,-72
1.4492604732513428,-74
1.4607536792755127,-75
1.472090721130371,-76
1.4843883514404297,-77
1.4962353706359863,-79
1.5081062316894531,-79
1.5204010009765625,-80
1.5325219631195068,-81
1.543492317199707,-82
1.5600428581237793,-82
1.5742907524108887,-83
1.5922951698303223,-83
1.6039752960205078,-83
1.6150953769683838,-83
1.6265757083892822,-83
1.6402580738067627,-83
1.6521093845367432,-82
1.663283109664917,-82
1.6748988628387451,-82
1.687812328338623,-82
1.7002441883087158,-82
1.711806297302246,-82
1.7233104705810547,-81
1.7360045909881592,-81
1.7473673820495605,-80
1.760138988494873,-79
1.7712759971618652,-78
1.782799243927002,-77
1.7949886322021484,-76
1.806609869003296,-75
1.8194808959960938,-73
1.831195592880249,-72
1.8433606624603271,-70
1.8549411296844482,-69
1.866548776626587,-67
1.8792941570281982,-65
1.8914275169372559,-63
1.9029290676116943,-62
1.9142372608184814,-60
1.9254558086395264,-57
1.9367353916168213,-55
1.9532432556152344,-53
1.9647977352142334,-51
1.976576805114746,-48
1.989448070526123,-45
2.001384973526001,-43
2.0127806663513184,-41
2.0242254734039307,-38
2.03597354888916,-35
2.0494422912597656,-33
2.060915470123291,-30
2.0725769996643066,-27
2.0841124057769775,-25
2.0960981845855713,-22
2.107419967651367,-19
2.1200804710388184,-16
2.1312482357025146,-13
2.1426661014556885,-10
2.1550676822662354,-7
2.166499137878418,-5
2.1788692474365234,-2
2.1904044151306152,1
2.2028346061706543,3
2.2142674922943115,6
2.2253170013427734,9
2.2367801666259766,12
2.2503981590270996,15
2.261442184448242,17
2.2730448246002197,20
2.2844254970550537,23
2.29593563079834,25
2.3102524280548096,28
2.3218061923980713,31
2.3330557346343994,33
2.3446784019470215,35
2.3619093894958496,39
2.3731260299682617,41
2.3847501277923584,43
2.3962438106536865,45
2.4100983142852783,47
2.4213340282440186,50
2.432769536972046,51
2.4442880153656006,53
2.4566774368286133,55
2.469857931137085,57
2.481156349182129,59
2.4928319454193115,60
2.5049638748168945,61
2.51665997505188,63
2.5280580520629883,64
2.540271520614624,65
2.551438570022583,66
2.5643296241760254,67
2.576092004776001,68
2.5879147052764893,69
2.6000816822052,69
2.612260103225708,70
2.623974561691284,70
2.6348016262054443,71
2.6467766761779785,71
2.660439968109131,71
2.6719114780426025,71
2.683131217956543,71
2.6934869289398193,71
2.7060019969940186,71
2.717539072036743,71
2.730107307434082,71
2.7412633895874023,71
2.7580485343933105,71
2.7704718112945557,71
2.7819156646728516,71
2.7931089401245117,71
2.804521083831787,71
2.816803216934204,71
2.8295416831970215,71
2.841111898422241,70
2.8526477813720703,70
2.8646669387817383,69
2.876441240310669,68
2.8888533115386963,67
2.9003701210021973,67
2.9125194549560547,65
2.9242916107177734,64
2.936063528060913,63
2.9472815990448,61
2.9607839584350586,60
2.972285509109497,58
2.984285831451416,57
2.995518445968628,55
3.0070879459381104,53
