0.021427392959594727,0
0.025389909744262695,0
0.03795266151428223,1
0.05066251754760742,4
0.06197929382324219,9
0.07369160652160645,15
0.08589887619018555,22
0.09761381149291992,29
0.11003446578979492,37
0.12202858924865723,46
0.13451361656188965,55
0.14565205574035645,64
0.15716266632080078,72
0.1699056625366211,84
0.18262791633605957,94
0.19412851333618164,105
0.20615768432617188,115
0.21872377395629883,126
0.23113179206848145,137
0.24335956573486328,148
0.2548024654388428,158
0.266129732131958,170
0.27799439430236816,182
0.29197096824645996,193
0.3036479949951172,202
0.3152632713317871,214
0.32691121101379395,225
0.34335923194885254,240
0.35491251945495605,251
0.36686038970947266,262
0.3786463737487793,274
0.3916468620300293,286
0.40329742431640625,296
0.41481614112854004,307
0.4270312786102295,318
0.4406857490539551,332
0.4520385265350342,343
0.46363234519958496,352
0.4753432273864746,364
0.48813557624816895,376
0.5006663799285889,388
0.511909008026123,399
0.5233469009399414,409
0.5348222255706787,420
0.5472640991210938,431
0.5600006580352783,444
0.5718939304351807,456
0.5833570957183838,465
0.595369815826416,476
0.607105016708374,488
0.6199023723602295,501
0.6316070556640625,512
0.6438391208648682,524
0.6554303169250488,533
0.6672413349151611,544
0.679997444152832,557
0.692969799041748,568
0.7047848701477051,579
0.7164697647094727,590
0.7286970615386963,600
0.7456271648406982,612
0.7573666572570801,623
0.7706801891326904,631
0.7819442749023438,638
0.794741153717041,645
0.805741548538208,650
0.8173203468322754,654
0.8301055431365967,656
0.8419961929321289,657
0.854935884475708,655
0.8665590286254883,652
0.8780686855316162,648
0.8906784057617188,643
0.9086875915527344,630
0.9336087703704834,617
0.9501612186431885,604
0.9620547294616699,594
0.9740233421325684,585
0.9857645034790039,575
0.9985804557800293,565
1.0108473300933838,555
1.0220472812652588,545
1.033804178237915,534
1.045262098312378,526
1.0579771995544434,513
1.0705859661102295,502
1.082045316696167,492
1.0936470031738281,483
1.1058743000030518,470
1.1176273822784424,460
1.1301648616790771,449
1.1454672813415527,436
1.1581189632415771,423
1.1710762977600098,412
1.1828958988189697,402
1.1946375370025635,390
1.2068192958831787,380
1.2186129093170166,369
1.2309215068817139,358
1.24202561378479,347
1.2546794414520264,336
1.2660431861877441,325
1.2780392169952393,312
1.2913761138916016,303
1.3034822940826416,292
1.3152332305908203,281
1.327108383178711,271
1.339951753616333,259
1.3517646789550781,250
1.3645198345184326,240
1.3757352828979492,231
1.3873755931854248,223
1.4004108905792236,215
1.4130008220672607,209
1.4247024059295654,203
1.4358394145965576,200
1.4476451873779297,197
1.4615139961242676,196
1.472893476486206,197
1.4847469329833984,199
1.4957139492034912,203
1.508606195449829,209
1.5208745002746582,215
1.5320053100585938,222
1.5479776859283447,233
1.5614311695098877,242
1.573286533355713,251
1.5844712257385254,260
1.5955767631530762,268
1.608152151107788,280
1.6209564208984375,290
1.6327779293060303,300
1.644482135772705,311
1.6556389331817627,320
1.6681172847747803,332
1.6809182167053223,343
1.6919503211975098,354
1.703395128250122,363
1.7155230045318604,374
1.727113962173462,385
1.7400774955749512,398
1.7518556118011475,409
1.7638285160064697,420
1.7752554416656494,430
1.786886215209961,441
1.7994561195373535,454
1.8118507862091064,465
1.8233284950256348,475
1.8348352909088135,486
1.8464548587799072,497
1.8580620288848877,508
1.8714911937713623,520
1.8828661441802979,531
1.8941221237182617,542
1.9055461883544922,552
1.9184606075286865,565
1.9306962490081787,576
1.9461767673492432,592
1.9585986137390137,603
1.9720311164855957,616
1.9837841987609863,628
1.9953014850616455,637
2.006972312927246,648
2.0207016468048096,661
2.0319647789001465,672
2.043602705001831,680
2.05546498298645,691
2.0685880184173584,702
2.080935478210449,711
2.0928187370300293,720
2.1046953201293945,728
2.115950584411621,734
2.1294708251953125,741
2.14141583442688,745
2.152862787246704,748
2.1649022102355957,750
2.1772069931030273,749
2.190042734146118,747
2.2018327713012695,744
2.2132415771484375,740
2.2257354259490967,734
2.237179756164551,728
2.2499730587005615,719
2.261573553085327,711
2.2736141681671143,704
2.2858517169952393,694
2.2978594303131104,684
2.3124911785125732,673
2.3247828483581543,663
2.336057662963867,653
2.3529322147369385,640
2.3648200035095215,629
2.3771777153015137,618
2.390012264251709,606
2.401799201965332,596
2.4133658409118652,587
2.4255130290985107,576
2.437145233154297,565
2.4498677253723145,552
2.4616119861602783,542
2.4739880561828613,531
2.4856812953948975,520
2.4972548484802246,489
2.541916847229004,464
2.5711252689361572,444
2.590956211090088,426
2.6025784015655518,416
2.6138243675231934,407
2.6260766983032227,397
2.638033390045166,387
2.650698661804199,378
2.6618950366973877,368
2.67341947555542,361
2.685746431350708,352
2.6972830295562744,344
2.7105751037597656,337
2.7225382328033447,331
2.735030174255371,326
2.7519960403442383,321
2.7640130519866943,320
2.7757270336151123,320
2.7887320518493652,322
2.800940752029419,325
2.8120641708374023,330
2.823784351348877,336
2.836040735244751,343
2.8474180698394775,350
2.8601014614105225,358
2.8718767166137695,367
2.884625196456909,376
2.895587682723999,386
2.909982919692993,398
2.921550750732422,406
2.933823347091675,418
2.9456660747528076,428
2.9573237895965576,437
2.9700801372528076,449
2.983016014099121,460
2.9946491718292236,471
3.0058484077453613,482
