0.007288932800292969,0
0.016929149627685547,1
0.026920795440673828,3
0.03873705863952637,6
0.04696488380432129,12
0.06229829788208008,18
0.07444429397583008,22
0.08138251304626465,33
0.0963280200958252,41
0.10856294631958008,50
0.12048220634460449,60
0.13425707817077637,71
0.1447136402130127,78
0.15877580642700195,89
0.1662609577178955,93
0.17336177825927734,100
0.17752528190612793,103
0.18222737312316895,109
0.18717050552368164,112
0.19180655479431152,116
0.19685626029968262,119
0.20322537422180176,126
0.20740318298339844,130
0.21223807334899902,136
0.21719026565551758,139
0.22190451622009277,143
0.22694921493530273,146
0.2313694953918457,152
0.23662495613098145,156
0.24076032638549805,161
0.24634027481079102,165
0.2514989376068115,170
0.2568068504333496,174
0.26132726669311523,180
0.2666161060333252,184
0.2707383632659912,189
0.2764930725097656,193
0.28330111503601074,200
0.28748226165771484,204
0.2921931743621826,208
0.2971644401550293,214
0.3034512996673584,219
0.30789685249328613,225
0.3167388439178467,230
0.3213512897491455,236
0.3266146183013916,240
0.3307676315307617,246
0.3366091251373291,249
0.34073472023010254,255
0.34647536277770996,259
0.35062289237976074,264
0.35686469078063965,268
0.36129140853881836,274
0.36659717559814453,278
0.3707435131072998,284
0.3763158321380615,287
0.3804452419281006,293
0.3860609531402588,297
0.3902101516723633,302
0.39592504501342773,306
0.400083065032959,312
0.40624094009399414,316
0.4104030132293701,322
0.4160146713256836,325
0.4201784133911133,331
0.4253404140472412,335
0.4295375347137451,339
0.43501949310302734,342
0.43923377990722656,348
0.44471311569213867,352
0.44895410537719727,358
0.45532679557800293,364
0.45986032485961914,369
0.4652547836303711,373
0.46947216987609863,377
0.47499895095825195,382
0.4792356491088867,386
0.48473429679870605,390
0.4889564514160156,396
0.4944186210632324,400
0.49865126609802246,404
0.5041553974151611,410
0.5091307163238525,415
0.5147552490234375,419
0.5189568996429443,425
0.5244176387786865,428
0.5286440849304199,432
0.5340955257415771,438
0.538322925567627,442
0.543773889541626,448
0.5480523109436035,452
0.5532763004302979,457
0.5585126876831055,461
0.563967227935791,467
0.5682318210601807,471
0.5737888813018799,476
0.5780355930328369,480
0.5832726955413818,486
0.5874683856964111,490
0.5922935009002686,496
0.5972325801849365,500
0.6019294261932373,503
0.6081051826477051,509
0.6133146286010742,515
0.617506742477417,518
0.6221747398376465,524
0.6271889209747314,528
0.6320302486419678,532
0.6370985507965088,538
0.6415107250213623,542
0.6467411518096924,545
0.6510434150695801,551
0.6564319133758545,557
0.6618013381958008,561
0.6668572425842285,564
0.6712906360626221,570
0.6765460968017578,574
0.6806924343109131,580
0.6862399578094482,584
0.6903774738311768,590
0.6961085796356201,593
0.7002694606781006,599
0.7054352760314941,603
0.7106444835662842,612
0.7193896770477295,618
0.7251753807067871,622
0.7293989658355713,626
0.7350118160247803,632
0.7392089366912842,635
0.7447981834411621,639
0.7489862442016602,645
0.7545831203460693,649
0.7598526477813721,654
0.7651126384735107,660
0.7693250179290771,664
0.7748425006866455,668
0.7790255546569824,674
0.7844560146331787,678
0.7886712551116943,681
0.7941267490386963,687
0.7983112335205078,691
0.8035237789154053,697
0.8080105781555176,702
0.8144321441650391,706
0.8186559677124023,710
0.8241708278656006,716
0.8283827304840088,720
0.8338162899017334,725
0.8380796909332275,729
0.8433465957641602,735
0.8475189208984375,739
0.8532719612121582,744
0.8574426174163818,748
0.863539457321167,754
0.8679990768432617,758
0.8733725547790527,764
0.8775341510772705,768
0.8821830749511719,771
0.88718581199646,777
0.8918242454528809,781
0.8968322277069092,785
0.9012174606323242,790
0.906456708908081,794
0.91190505027771,802
0.9175176620483398,806
0.922170877456665,810
0.9271581172943115,816
0.9361116886138916,823
0.9407873153686523,829
0.9464643001556396,833
0.9506015777587891,838
0.9563333988189697,842
0.9605181217193604,848
0.966855525970459,852
0.9713373184204102,858
0.9766054153442383,861
0.9807858467102051,867
0.9865999221801758,871
0.9912071228027344,876
0.996525764465332,880
1.0007128715515137,885
1.0062611103057861,889
1.0104527473449707,896
1.0171990394592285,899
1.0219275951385498,902
1.0269534587860107,906
1.0314619541168213,910
1.0367710590362549,914
1.0413455963134766,918
1.046626091003418,921
1.0507891178131104,926
1.0565757751464844,928
1.0607569217681885,933
1.0670833587646484,937
1.0715184211730957,940
1.0768163204193115,942
1.0812675952911377,946
1.0865917205810547,948
1.0907812118530273,952
1.0963926315307617,954
1.100592851638794,957
1.1062533855438232,959
1.1104938983917236,964
1.120506763458252,967
1.1262595653533936,969
1.1304657459259033,971
1.1362929344177246,973
1.140488862991333,975
1.146221399307251,977
1.1504220962524414,979
1.1560032367706299,980
1.1602187156677246,982
1.1665737628936768,983
1.1707663536071777,985
1.1764569282531738,986
1.180628776550293,987
1.1862523555755615,988
1.1904597282409668,990
1.1960241794586182,990
1.2002317905426025,992
1.2054343223571777,992
1.2099578380584717,993
1.2151565551757812,994
1.2204241752624512,994
1.2260138988494873,995
1.2301580905914307,996
1.2354638576507568,996
1.240004539489746,997
1.2453365325927734,997
1.2498271465301514,997
1.2551255226135254,998
1.2593507766723633,998
1.2648842334747314,998
1.2701938152313232,999
1.2754626274108887,999
1.2800204753875732,999
1.2852210998535156,999
1.289430856704712,999
1.2951312065124512,999
1.2993578910827637,999
1.304802656173706,999
1.308983564376831,999
1.314429521560669,1000
1.319399356842041,1000
1.324822187423706,1000
1.3289823532104492,1000
1.3344340324401855,1000
1.338634729385376,1000
1.3440544605255127,1000
1.348264217376709,1000
1.3538286685943604,1000
1.358102560043335,1000
1.3632488250732422,1000
1.3674211502075195,1000
1.3740341663360596,1000
1.3782503604888916,1000
1.3834311962127686,1000
1.3875412940979004,1000
1.3922083377838135,1000
1.3971216678619385,1000
1.4015116691589355,1000
1.406696081161499,1000
1.4112651348114014,1000
1.4165618419647217,1000
1.4220848083496094,1000
1.427051067352295,1000
1.4314579963684082,1000
1.4366528987884521,1000
1.4407777786254883,1000
1.4463083744049072,1000
1.4504632949829102,1000
1.4560608863830566,1000
1.4601919651031494,1000
1.4653263092041016,1000
1.4705324172973633,1000
1.476287841796875,1000
1.4804227352142334,1000
1.4859950542449951,1000
1.4901251792907715,1000
1.4952681064605713,1000
1.4994783401489258,1000
1.5051193237304688,1000
1.5093200206756592,1000
1.5184426307678223,1000
1.5247492790222168,1000
1.5289394855499268,1000
1.534623146057129,1000
1.5387942790985107,1000
1.544372797012329,1000
1.548569917678833,1000
1.5539653301239014,1000
1.5582160949707031,1000
1.5634033679962158,1000
1.5675139427185059,1000
1.5739755630493164,1000
1.578209638595581,1000
1.5833477973937988,1000
1.5874826908111572,1000
1.592257022857666,1000
1.5971574783325195,1000
1.601754903793335,1000
1.606785535812378,1000
1.6111786365509033,1000
1.6164333820343018,1000
1.6205718517303467,1000
1.6267435550689697,1000
1.6312811374664307,1000
1.6365644931793213,1000
1.6406729221343994,1000
1.6462152004241943,1000
1.6503400802612305,1000
1.6560642719268799,1000
1.660193920135498,1000
1.6653246879577637,1000
1.6694996356964111,1000
1.6759223937988281,1000
1.6800618171691895,1000
1.6852314472198486,1000
1.6894192695617676,1000
1.6948020458221436,1000
1.6989808082580566,1000
1.704456090927124,1000
1.708650827407837,1000
1.7141990661621094,1000
1.718418836593628,1000
1.724565029144287,1000
1.7287847995758057,1000
1.7341749668121338,1000
1.7384061813354492,1000
1.743769645690918,1000
1.7479867935180664,1000
1.7523252964019775,1000
1.7572498321533203,1000
1.762066125869751,1000
1.7669897079467773,1000
1.7718300819396973,1000
1.777841567993164,1000
1.7821767330169678,1000
1.7871465682983398,1000
1.7915210723876953,1000
1.7967679500579834,1000
1.8010993003845215,1000
1.806401252746582,1000
1.8104982376098633,1000
1.8160009384155273,1000
1.8200976848602295,1000
1.8263442516326904,1000
1.8304710388183594,1000
1.8361608982086182,1000
1.840252161026001,1000
1.8454079627990723,1000
1.8498411178588867,1000
1.8549964427947998,1000
1.8767571449279785,1000
1.8812127113342285,1000
1.8864564895629883,1000
1.890578031539917,1000
1.8963115215301514,1000
1.900465726852417,1000
1.9059886932373047,1000
1.910109281539917,1000
1.9194645881652832,1000
1.9251844882965088,1000
1.9304044246673584,1000
1.9360785484313965,1000
1.9401915073394775,1000
1.9458682537078857,1000
1.9499995708465576,1000
1.9553136825561523,1000
1.9594931602478027,1000
1.9650020599365234,1000
1.9691660404205322,1000
1.9746882915496826,1000
1.979963779449463,1000
1.985166072845459,1000
1.9893288612365723,1000
1.9947500228881836,1000
1.9989278316497803,1000
2.0043463706970215,1000
2.0085744857788086,1000
2.0142202377319336,1000
2.0184166431427,1000
2.024033308029175,1000
2.028987169265747,1000
2.03442645072937,1000
2.0386123657226562,1000
2.0440673828125,1000
2.0482418537139893,1000
2.079432249069214,1000
2.1001064777374268,1000
2.1199772357940674,1000
2.1258580684661865,1000
2.130758762359619,1000
2.1364243030548096,1000
2.1405417919158936,1000
2.1460623741149902,1000
2.150179624557495,1000
2.155444860458374,1000
2.159914255142212,1000
2.165097713470459,1000
2.1693060398101807,1000
2.174774169921875,1000
2.178938150405884,1000
2.1851327419281006,1000
2.189305305480957,1000
2.1949267387390137,1000
2.1990809440612793,1000
2.2045576572418213,1000
2.208721160888672,1000
2.214096784591675,1000
2.2182531356811523,1000
2.223417043685913,1000
2.2277770042419434,1000
2.234102964401245,1000
2.23828387260437,1000
2.24342942237854,1000
2.2475342750549316,1000
2.2528438568115234,1000
2.2573435306549072,1000
2.2619826793670654,1000
2.2669694423675537,1000
2.2713897228240967,1000
2.2766146659851074,1000
2.2819809913635254,1000
2.287074565887451,1000
2.2914657592773438,1000
2.2967612743377686,1000
2.301098346710205,1000
2.3064117431640625,1000
2.3105297088623047,1000
2.31622052192688,1000
2.3250348567962646,1000
2.329205274581909,1000
2.335345506668091,1000
2.339512348175049,1000
2.3451054096221924,1000
2.349254846572876,1000
2.354706048965454,1000
2.358877182006836,1000
2.3643314838409424,1000
2.3685402870178223,1000
2.3741023540496826,1000
2.3783020973205566,1000
2.384430170059204,1000
2.388648509979248,1000
2.3940622806549072,1000
2.3982441425323486,1000
2.403397798538208,1000
2.407504081726074,1000
2.412273645401001,1000
2.4172399044036865,1000
2.4218690395355225,1000
2.426865816116333,1000
2.431389331817627,1000
2.4372990131378174,1000
2.441959857940674,1000
2.4469456672668457,1000
2.451361894607544,1000
2.4566385746002197,1000
2.4607412815093994,1000
2.4662914276123047,1000
2.4704034328460693,1000
2.4758682250976562,1000
2.47999906539917,1000
2.4862897396087646,1000
2.4904227256774902,1000
2.4960875511169434,1000
2.5001909732818604,1000
2.5053067207336426,1000
2.5094997882843018,1000
2.5149054527282715,1000
2.5190987586975098,1000
2.5245156288146973,1000
2.528710126876831,1000
2.5365824699401855,1000
2.5407278537750244,1000
2.5464069843292236,1000
2.5505523681640625,1000
2.556220531463623,1000
2.5602967739105225,1000
2.56575608253479,1000
2.5699527263641357,1000
2.5751235485076904,1000
2.5793373584747314,1000
2.5847830772399902,1000
2.5900120735168457,1000
2.5951950550079346,1000
2.599353313446045,1000
2.6048176288604736,1000
2.6089911460876465,1000
2.6146299839019775,1000
2.6188111305236816,1000
2.6242446899414062,1000
2.628448247909546,1000
2.633801221847534,1000
2.6387667655944824,1000
2.644181966781616,1000
2.648374080657959,1000
2.653510093688965,1000
2.6579132080078125,1000
2.6622560024261475,1000
2.6671552658081055,1000
2.672006368637085,1000
2.6769826412200928,1000
2.6813695430755615,1000
2.6866202354431152,1000
2.6920807361602783,1000
2.6970760822296143,1000
2.7014694213867188,1000
2.706742286682129,1000
2.711029291152954,1000
2.716362953186035,1000
2.7249457836151123,1000
2.7291259765625,1000
2.734844207763672,1000
2.7400407791137695,1000
2.745349884033203,1000
2.7495317459106445,1000
2.755138874053955,1000
2.7592597007751465,1000
2.7647080421447754,1000
2.768954038619995,1000
2.7744147777557373,1000
2.7786099910736084,1000
2.784029960632324,1000
2.788222074508667,1000
2.7945876121520996,1000
2.798832893371582,1000
2.8043932914733887,1000
2.8086109161376953,1000
2.8140292167663574,1000
2.8182175159454346,1000
2.8233931064605713,1000
2.82751202583313,1000
2.8321516513824463,1000
2.837132692337036,1000
2.8434109687805176,1000
2.8475325107574463,1000
2.85231876373291,1000
2.8572990894317627,1000
2.8619513511657715,1000
2.866926431655884,1000
2.8712728023529053,1000
2.876492977142334,1000
2.8805747032165527,1000
2.886070728302002,1000
2.8911893367767334,1000
2.896456003189087,1000
2.9005630016326904,1000
2.906064987182617,1000
2.9101834297180176,1000
2.916484832763672,1000
2.920572280883789,1000
2.9260919094085693,1000
2.930194616317749,1000
2.9390869140625,1000
2.9504387378692627,1000
2.959026575088501,1000
2.9687788486480713,1000
2.9807629585266113,1000
2.9914448261260986,1000
