0.008104324340820312,0
0.013153314590454102,0
0.017481327056884766,0
0.02431011199951172,1
0.02861309051513672,2
0.03452634811401367,3
0.03879117965698242,5
0.044446706771850586,7
0.048752784729003906,8
0.05444812774658203,11
0.05874752998352051,13
0.06449270248413086,16
0.06878972053527832,20
0.07517051696777344,23
0.08022379875183105,27
0.08537697792053223,30
0.09022784233093262,34
0.09543824195861816,36
0.10129475593566895,41
0.10557055473327637,44
0.1109011173248291,48
0.11550521850585938,51
0.12086963653564453,56
0.12645792961120605,59
0.1320796012878418,64
0.136444091796875,67
0.14230608940124512,72
0.14670062065124512,76
0.15236330032348633,80
0.15678954124450684,84
0.1624751091003418,89
0.16683101654052734,92
0.1731867790222168,100
0.17756366729736328,103
0.18314290046691895,108
0.1875147819519043,112
0.19322514533996582,117
0.19759011268615723,121
0.20343017578125,126
0.20810580253601074,130
0.2134387493133545,135
0.21810698509216309,139
0.22464776039123535,144
0.23206448554992676,152
0.23645305633544922,155
0.24210071563720703,161
0.24648380279541016,164
0.25225305557250977,170
0.25667285919189453,174
0.2624361515045166,179
0.26683497428894043,183
0.2725498676300049,189
0.2779228687286377,194
0.28330516815185547,200
0.2928316593170166,207
0.2971954345703125,213
0.3029601573944092,217
0.30731701850891113,222
0.31313014030456543,228
0.3175201416015625,232
0.3233325481414795,238
0.32878756523132324,243
0.33446502685546875,247
0.338775634765625,252
0.3445298671722412,256
0.34882235527038574,262
0.35448455810546875,266
0.35878634452819824,272
0.3646812438964844,275
0.3693370819091797,281
0.37481021881103516,287
0.381397008895874,292
0.3860204219818115,296
0.3914167881011963,302
0.39604854583740234,306
0.4014294147491455,312
0.4060685634613037,315
0.41144371032714844,321
0.41608262062072754,325
0.42143893241882324,330
0.42675185203552246,334
0.4324455261230469,340
0.4368307590484619,344
0.44263720512390137,350
0.44701266288757324,354
0.4526662826538086,359
0.4570460319519043,363
0.4627089500427246,369
0.46706461906433105,374
0.47275662422180176,378
0.47819995880126953,384
0.4838097095489502,390
0.4881927967071533,394
0.49404168128967285,399
0.49834179878234863,403
0.5042650699615479,409
0.5085883140563965,412
0.5143165588378906,418
0.5186395645141602,422
0.5243051052093506,428
0.5299029350280762,434
0.5350549221038818,437
0.5399200916290283,443
0.5450398921966553,447
0.5498762130737305,453
0.5550048351287842,456
0.560035228729248,462
0.565216064453125,468
0.5700719356536865,472
0.5752017498016357,478
0.5815243721008301,483
0.5861561298370361,487
0.5915017127990723,493
0.5961766242980957,497
0.6015310287475586,502
0.6061692237854004,506
0.6115763187408447,512
0.6162042617797852,516
0.6220407485961914,522
0.6264288425445557,526
0.6328308582305908,531
0.6372089385986328,537
0.6428451538085938,541
0.6472139358520508,546
0.6528968811035156,550
0.6572411060333252,556
0.6628928184509277,560
0.6672720909118652,566
0.6729156970977783,569
0.6772654056549072,575
0.6840360164642334,581
0.6930618286132812,590
0.6974184513092041,594
0.7032368183135986,600
0.7078568935394287,604
0.7133612632751465,610
0.7179951667785645,614
0.7234187126159668,619
0.7280821800231934,623
0.7345225811004639,629
0.7388191223144531,634
0.7446494102478027,638
0.7493977546691895,644
0.7548234462738037,648
0.7594258785247803,654
0.7648489475250244,658
0.769416093826294,663
0.7748193740844727,667
0.7794408798217773,673
0.7859005928039551,678
0.7913281917572021,684
0.7959396839141846,688
0.8015494346618652,694
0.8061971664428711,698
0.8115842342376709,703
0.816251277923584,707
0.8218531608581543,713
0.8262810707092285,717
0.831885814666748,722
0.8370406627655029,726
0.8426480293273926,732
0.8470547199249268,736
0.8527097702026367,742
0.857097864151001,747
0.8634800910949707,753
0.8681306838989258,757
0.8737883567810059,763
0.8781805038452148,766
0.88480544090271,772
0.8894758224487305,778
0.8948874473571777,782
0.899477481842041,788
0.9048910140991211,791
0.9094760417938232,797
0.9149296283721924,801
0.9199049472808838,807
0.9250195026397705,810
0.9298210144042969,816
0.9360594749450684,822
0.9414784908294678,828
0.9460978507995605,832
0.9514269828796387,838
0.9560351371765137,841
0.9614217281341553,847
0.96602463722229,851
0.9713950157165527,856
0.9760146141052246,860
0.9815099239349365,866
0.9869303703308105,870
0.9926247596740723,876
0.9970333576202393,880
1.002758264541626,885
1.0071911811828613,891
1.0130088329315186,896
1.0174243450164795,900
1.0231406688690186,906
1.027543306350708,910
1.0332205295562744,915
1.0387413501739502,922
1.0460779666900635,926
1.0518519878387451,930
1.0562922954559326,934
1.0621581077575684,939
1.0665967464447021,942
1.0724561214447021,947
1.0768702030181885,950
1.0825090408325195,954
1.0920684337615967,961
1.0965824127197266,964
1.1024649143218994,968
1.1069040298461914,970
1.1127352714538574,974
1.1171374320983887,978
1.1229093074798584,980
1.1273090839385986,984
1.1330647468566895,986
1.1385278701782227,988
1.1444861888885498,992
1.1490447521209717,994
1.1546072959899902,996
1.1593751907348633,998
1.1648268699645996,1000
1.1694788932800293,1002
1.1749324798583984,1004
1.1795604228973389,1005
1.1850264072418213,1006
1.1915817260742188,1009
1.1962816715240479,1010
1.202033281326294,1011
1.2064452171325684,1012
1.2121427059173584,1013
1.216599702835083,1014
1.2225089073181152,1014
1.2269611358642578,1015
1.2326855659484863,1016
1.2371182441711426,1016
1.2435050010681152,1017
1.2482452392578125,1017
1.2540819644927979,1018
1.2584428787231445,1018
1.2641973495483398,1018
1.268526554107666,1018
1.2743821144104004,1018
1.27872896194458,1018
1.284632682800293,1018
1.2902777194976807,1018
1.2954678535461426,1018
1.3003818988800049,1017
1.3055410385131836,1017
1.3113396167755127,1017
1.316014051437378,1017
1.321439504623413,1016
1.3261268138885498,1016
1.331575632095337,1016
1.3362274169921875,1016
1.3426182270050049,1015
1.3470377922058105,1015
1.3527495861053467,1015
1.3571619987487793,1014
1.3628273010253906,1014
1.367281198501587,1014
1.3729546070098877,1014
1.3773787021636963,1013
1.383174180984497,1013
1.3878512382507324,1012
1.3943634033203125,1012
1.3987340927124023,1012
1.4047057628631592,1011
1.4093623161315918,1011
1.414865255355835,1011
1.419506311416626,1010
1.4249179363250732,1010
1.4295496940612793,1010
1.4349594116210938,1010
1.4395654201507568,1009
1.4460229873657227,1009
1.451462745666504,1009
1.4561266899108887,1008
1.4619967937469482,1008
1.4664359092712402,1008
1.472041368484497,1008
1.4764320850372314,1008
1.482088327407837,1007
1.486525535583496,1007
1.496387243270874,1007
1.5021624565124512,1006
1.5066478252410889,1006
1.5124578475952148,1006
1.5168650150299072,1006
1.5227952003479004,1006
1.5271940231323242,1006
1.5329766273498535,1006
1.537398099899292,1006
1.544180154800415,1005
1.5485374927520752,1005
1.5542528629302979,1005
1.5585811138153076,1005
1.564291000366211,1005
1.5686211585998535,1005
1.5743687152862549,1005
1.5787038803100586,1005
1.5845422744750977,1004
1.589104413986206,1004
1.5954053401947021,1004
1.6003060340881348,1004
1.6055190563201904,1004
1.6108911037445068,1004
1.615527868270874,1004
1.6208724975585938,1004
1.625549554824829,1004
1.6312305927276611,1004
1.6355860233306885,1004
1.6415598392486572,1004
1.646988868713379,1005
1.6526365280151367,1005
1.657043695449829,1005
1.6628522872924805,1005
1.6672422885894775,1004
1.672959327697754,1004
1.6773769855499268,1004
1.68302583694458,1004
1.6873855590820312,1004
1.6930913925170898,1004
1.698547124862671,1004
1.7043712139129639,1004
1.7087030410766602,1004
1.7144510746002197,1004
1.718792200088501,1004
1.7244539260864258,1004
1.7287793159484863,1004
1.7345283031463623,1004
1.739025592803955,1004
1.7445666790008545,1004
1.7502331733703613,1004
1.755418300628662,1004
1.7612762451171875,1004
1.7659006118774414,1004
1.771329402923584,1004
1.7759287357330322,1004
1.7812860012054443,1004
1.7855849266052246,1004
1.7914602756500244,1004
1.7960894107818604,1004
1.8025624752044678,1004
1.8069474697113037,1004
1.8126039505004883,1004
1.8170740604400635,1004
1.8229281902313232,1004
1.8273072242736816,1004
1.8329575061798096,1004
1.837341070175171,1004
1.8430287837982178,1004
1.8527140617370605,1004
1.8571550846099854,1004
1.8634092807769775,1004
1.8681056499481201,1004
1.8734495639801025,1004
1.8781640529632568,1004
1.884007453918457,1004
1.8883514404296875,1004
1.897179365158081,1004
1.903984546661377,1004
1.9083030223846436,1004
1.9141833782196045,1004
1.9185149669647217,1004
1.9244942665100098,1004
1.929023265838623,1004
1.9345462322235107,1004
1.9392940998077393,1004
1.9448175430297852,1004
1.9513144493103027,1004
1.9559032917022705,1004
1.9612994194030762,1004
1.9658851623535156,1004
1.9713144302368164,1004
1.9759411811828613,1004
1.9814116954803467,1004
1.9860565662384033,1004
1.9914817810058594,1004
1.996140480041504,1004
2.0025835037231445,1004
2.006981372833252,1004
2.0128092765808105,1004
2.0172009468078613,1004
2.022836208343506,1004
2.027216911315918,1004
2.032827854156494,1004
2.0371909141540527,1004
2.042904853820801,1004
2.0472676753997803,1004
2.0541582107543945,1004
2.0584893226623535,1004
2.0643341541290283,1004
2.068662405014038,1004
2.0744056701660156,1004
2.0787336826324463,1004
2.084412097930908,1004
2.088721513748169,1004
2.094390392303467,1004
2.0987346172332764,1004
2.1052560806274414,1004
2.1101224422454834,1004
2.1153204441070557,1004
2.120326042175293,1004
2.1254332065582275,1004
2.130335569381714,1004
2.1354658603668213,1004
2.140859365463257,1004
2.1455161571502686,1004
2.150892972946167,1004
2.1566827297210693,1004
2.162625789642334,1004
2.167008399963379,1004
2.1726794242858887,1004
2.1770646572113037,1004
2.1829097270965576,1004
2.187281608581543,1004
2.192950487136841,1004
2.1973180770874023,1004
2.2041337490081787,1004
2.2084553241729736,1004
2.214175224304199,1004
2.218475103378296,1004
2.2242045402526855,1004
2.2285349369049072,1004
2.234362840652466,1004
2.238682270050049,1004
2.244495391845703,1004
2.2488038539886475,1004
2.255297899246216,1004
2.2601311206817627,1004
2.2653756141662598,1004
2.270244598388672,1004
2.2753915786743164,1004
2.2802672386169434,1004
2.285433769226074,1004
2.2903285026550293,1004
2.299816846847534,1004
2.3061230182647705,1004
2.312084197998047,1004
2.31648588180542,1004
2.3223745822906494,1004
2.326793670654297,1004
2.3324697017669678,1004
2.3368773460388184,1004
2.342589855194092,1004
2.3469443321228027,1004
2.352565288543701,1004
2.357998847961426,1004
2.3638052940368652,1004
2.368204355239868,1004
2.373913049697876,1004
2.3782355785369873,1004
2.383924961090088,1004
2.388272523880005,1004
2.3939552307128906,1004
2.398287057876587,1004
2.4040119647979736,1004
2.4093339443206787,1004
2.4147887229919434,1004
2.4195568561553955,1004
2.4249985218048096,1004
2.4295668601989746,1004
2.4349355697631836,1004
2.4399139881134033,1004
2.4450857639312744,1004
2.4499356746673584,1004
2.4551658630371094,1004
2.461801290512085,1004
2.4662163257598877,1004
2.4718167781829834,1004
2.476241111755371,1004
2.482090711593628,1004
2.486480236053467,1004
2.4920847415924072,1004
2.4964935779571533,1004
2.5020952224731445,1004
2.506507158279419,1004
2.512875556945801,1004
2.5172760486602783,1004
2.522890090942383,1004
2.5272421836853027,1004
2.5329182147979736,1004
2.5372872352600098,1004
2.543076753616333,1004
2.547452211380005,1004
2.553035259246826,1004
2.5574004650115967,1004
2.5639896392822266,1004
2.5683155059814453,1004
2.5741803646087646,1004
2.5785176753997803,1004
2.584205389022827,1004
2.588499069213867,1004
2.59423828125,1004
2.5985498428344727,1004
2.6044323444366455,1004
2.6100993156433105,1004
2.615236282348633,1004
2.6200759410858154,1004
2.625220537185669,1004
2.630087375640869,1004
2.635223865509033,1004
2.6400768756866455,1004
2.645256996154785,1004
2.6500773429870605,1004
2.6552186012268066,1004
2.6619210243225098,1004
2.6663384437561035,1004
2.6720290184020996,1004
2.676431179046631,1004
2.682081460952759,1004
2.6864562034606934,1004
2.692086696624756,1004
2.7013280391693115,1004
2.7059719562530518,1004
2.7125227451324463,1004
2.716923475265503,1004
2.722815752029419,1004
2.727196216583252,1004
2.7328526973724365,1004
2.7372329235076904,1004
2.742851972579956,1004
2.7472167015075684,1004
2.752903938293457,1004
2.7572691440582275,1004
2.764091730117798,1004
2.7684030532836914,1004
2.774048089981079,1004
2.778355836868286,1004
2.7842633724212646,1004
2.7886135578155518,1004
2.79433012008667,1004
2.798689126968384,1004
2.8043625354766846,1004
2.808692216873169,1004
2.815091371536255,1004
2.819915294647217,1004
2.825056314468384,1004
2.8301022052764893,1004
2.835221290588379,1004
2.8402280807495117,1004
2.845393419265747,1004
2.850221633911133,1004
2.855404853820801,1004
2.862027883529663,1004
2.8671715259552,1004
2.8727502822875977,1004
2.8771350383758545,1004
2.882776975631714,1004
2.8871538639068604,1004
2.89292049407959,1004
2.897246837615967,1004
2.9030845165252686,1004
2.9074742794036865,1004
2.91306734085083,1004
2.918450117111206,1004
2.9242093563079834,1004
2.9285268783569336,1004
2.93428111076355,1004
2.938608169555664,1004
2.9442999362945557,1004
2.948657751083374,1004
2.9543488025665283,1004
2.958700656890869,1004
2.965348482131958,1004
2.9702296257019043,1004
2.9754128456115723,1004
2.9803218841552734,1004
2.985454559326172,1004
2.990356683731079,1004
2.9954891204833984,1004
3.0003771781921387,1004
