0.008349418640136719,0
0.013388395309448242,0
0.025218486785888672,2
0.036756277084350586,4
0.04902815818786621,9
0.06056809425354004,14
0.07244086265563965,22
0.08475780487060547,29
0.09723353385925293,38
0.10869336128234863,46
0.12060165405273438,55
0.13233232498168945,66
0.1452469825744629,76
0.15666508674621582,84
0.16812801361083984,94
0.17903828620910645,103
0.19163870811462402,116
0.20415329933166504,126
0.2151496410369873,137
0.2268509864807129,146
0.23821067810058594,157
0.25056886672973633,168
0.26236677169799805,181
0.2746713161468506,191
0.2860732078552246,202
0.29811859130859375,213
0.3145620822906494,228
0.32625389099121094,240
0.33823084831237793,251
0.35053563117980957,262
0.36219239234924316,274
0.3742976188659668,285
0.3854525089263916,296
0.3973386287689209,308
0.40886974334716797,318
0.42035484313964844,329
0.4322850704193115,340
0.44436144828796387,354
0.45668554306030273,363
0.468289852142334,375
0.47914934158325195,386
0.49057555198669434,396
0.5042953491210938,409
0.5154697895050049,420
0.5268094539642334,430
0.5382406711578369,442
0.5499980449676514,453
0.5615010261535645,464
0.5742242336273193,476
0.5852556228637695,488
0.5967051982879639,499
0.6089160442352295,508
0.620347261428833,520
0.632239580154419,534
0.6443283557891846,543
0.6566023826599121,554
0.6682138442993164,566
0.6790299415588379,576
0.6905293464660645,587
0.7044696807861328,604
0.7191076278686523,614
0.7306790351867676,627
0.7435336112976074,638
0.7554545402526855,650
0.7666902542114258,660
0.7781558036804199,671
0.7890439033508301,681
0.8014869689941406,694
0.8141934871673584,706
0.8253803253173828,717
0.8368020057678223,726
0.8481531143188477,738
0.8603858947753906,750
0.8722927570343018,763
0.884371280670166,772
0.8964114189147949,784
0.9085180759429932,796
0.9201688766479492,807
0.9333493709564209,820
0.9448063373565674,830
0.9570639133453369,842
0.9687533378601074,853
0.9803154468536377,864
0.9922993183135986,877
1.005357265472412,888
1.016843557357788,897
1.0282783508300781,907
1.0392053127288818,917
1.0505998134613037,924
1.0643501281738281,934
1.0758731365203857,942
1.0871272087097168,950
1.0986719131469727,956
1.1158480644226074,965
1.1271445751190186,970
1.1387202739715576,974
1.1503193378448486,978
1.1646888256072998,983
1.1764378547668457,986
1.188244104385376,989
1.199260950088501,991
1.2119543552398682,992
1.2244794368743896,994
1.2362542152404785,995
1.2475085258483887,996
1.2599561214447021,996
1.2714107036590576,996
1.2839131355285645,996
1.2954363822937012,996
1.306692361831665,996
1.3186159133911133,996
1.3300867080688477,996
1.341393232345581,996
1.3541474342346191,996
1.3665447235107422,995
1.3781936168670654,995
1.3891079425811768,995
1.4005978107452393,995
1.4142894744873047,994
1.4261491298675537,994
1.4375948905944824,994
1.44913911819458,994
1.460709810256958,994
1.4742658138275146,994
1.4855351448059082,993
1.496990442276001,993
1.5121181011199951,993
1.525510549545288,993
1.5372977256774902,992
1.5486390590667725,992
1.5601234436035156,992
1.572260856628418,992
1.5845568180084229,992
1.5962839126586914,992
1.6081602573394775,992
1.6204288005828857,992
1.632187843322754,991
1.644315481185913,991
1.6555521488189697,991
1.6675794124603271,990
1.679168462753296,990
1.690561056137085,990
1.702298641204834,990
1.7145278453826904,990
1.7267112731933594,989
1.73824143409729,989
1.7493221759796143,989
1.7608311176300049,989
1.7744839191436768,988
1.7862615585327148,988
1.7980494499206543,988
1.8090224266052246,988
1.8215227127075195,988
1.834296703338623,987
1.845099687576294,987
1.8568358421325684,987
1.8692610263824463,987
1.8806591033935547,987
1.8943743705749512,987
1.9054884910583496,987
1.925466537475586,987
1.9368345737457275,987
1.9486191272735596,987
1.9604911804199219,987
1.9735889434814453,987
1.9851980209350586,987
1.9968187808990479,987
2.0082690715789795,986
2.019930362701416,986
2.0334322452545166,986
2.0447933673858643,986
2.056283473968506,985
2.0674872398376465,985
2.0801494121551514,984
2.0920474529266357,984
2.1041488647460938,984
2.1153931617736816,984
2.1282689571380615,983
2.139336347579956,983
2.1507647037506104,983
2.163443088531494,982
2.175962448120117,982
2.1870553493499756,982
2.1989145278930664,982
2.2105016708374023,982
2.222275972366333,981
2.2354373931884766,981
2.2467544078826904,981
2.2585294246673584,980
2.2700955867767334,980
2.2834925651550293,980
2.294910430908203,980
2.3064160346984863,980
2.321638822555542,980
2.3351337909698486,979
2.3467857837677,979
2.358447313308716,979
2.3695194721221924,979
2.3833398818969727,979
2.3946642875671387,979
2.4061200618743896,978
2.417433977127075,978
2.429957389831543,978
2.441866397857666,978
2.4541008472442627,978
2.465235710144043,977
2.476853132247925,977
2.4891130924224854,977
2.500732660293579,977
2.5135648250579834,977
2.5250556468963623,976
2.5372097492218018,976
2.5485949516296387,976
2.5602221488952637,976
2.5715155601501465,975
2.5849220752716064,975
2.596198081970215,975
2.6073880195617676,975
2.6190314292907715,974
2.6306326389312744,974
2.644270658493042,974
2.655874729156494,974
2.667290449142456,974
2.6786208152770996,974
2.6913561820983887,974
2.7039060592651367,974
2.7189416885375977,974
2.7307395935058594,973
2.7445180416107178,973
2.7559919357299805,973
2.7672524452209473,972
2.7787668704986572,972
2.791450262069702,972
2.803969621658325,972
2.815460205078125,972
2.8267083168029785,972
2.838961124420166,971
2.8505499362945557,971
2.8620734214782715,971
2.8749265670776367,970
2.8861827850341797,970
2.898782968521118,970
2.910407543182373,970
2.9224374294281006,970
2.9343738555908203,970
2.9465370178222656,970
2.9583466053009033,969
2.9695825576782227,969
2.981189489364624,969
2.994783401489258,969
3.006434440612793,968
