0.021570444107055664,0
0.02621603012084961,1
0.0385282039642334,2
0.04987144470214844,5
0.061136722564697266,8
0.07316088676452637,15
0.08477377891540527,22
0.09806036949157715,30
0.10932040214538574,38
0.12134695053100586,46
0.13289952278137207,54
0.14458394050598145,64
0.1563248634338379,75
0.16925764083862305,85
0.18082904815673828,94
0.19229459762573242,104
0.20362019538879395,115
0.21838808059692383,129
0.23062634468078613,138
0.24236226081848145,149
0.2539834976196289,160
0.26554131507873535,172
0.27883410453796387,182
0.29361844062805176,198
0.3055555820465088,209
0.3183574676513672,220
0.3307671546936035,231
0.342210054397583,243
0.35316896438598633,254
0.36466431617736816,264
0.37817955017089844,277
0.3894646167755127,288
0.4010741710662842,298
0.41272640228271484,309
0.4252924919128418,322
0.4381828308105469,334
0.44945383071899414,345
0.46080827713012695,355
0.4724435806274414,368
0.4846646785736084,378
0.49741315841674805,391
0.5089185237884521,401
0.520277738571167,412
0.5328054428100586,424
0.5443615913391113,435
0.5561444759368896,446
0.5685114860534668,458
0.580819845199585,470
0.5922391414642334,481
0.6032907962799072,492
0.614802360534668,502
0.6284968852996826,516
0.6400072574615479,527
0.6512184143066406,538
0.6628704071044922,548
0.6744894981384277,560
0.6915507316589355,577
0.7031600475311279,588
0.7155482769012451,600
0.7286086082458496,611
0.7402524948120117,623
0.7521986961364746,634
0.7632060050964355,646
0.7746496200561523,655
0.7884056568145752,669
0.7994561195373535,680
0.8110833168029785,690
0.8225879669189453,701
0.8347361087799072,713
0.8483214378356934,726
0.8594896793365479,738
0.8788793087005615,755
0.899120569229126,778
0.9187154769897461,793
0.9376010894775391,814
0.9554708003997803,834
0.9747309684753418,847
0.9932639598846436,868
1.016040325164795,887
1.032526969909668,902
1.0508174896240234,920
1.0624139308929443,931
1.0735692977905273,943
1.084899663925171,960
1.109177589416504,979
1.1275544166564941,993
1.1395246982574463,1003
1.1521871089935303,1013
1.16312837600708,1020
1.174731969833374,1028
1.1881778240203857,1034
1.19948148727417,1038
1.2120585441589355,1042
1.223193883895874,1044
1.234898567199707,1045
1.2480413913726807,1045
1.2604632377624512,1044
1.2720813751220703,1042
1.283118724822998,1039
1.2946231365203857,1036
1.3085336685180664,1032
1.3201842308044434,1028
1.331629991531372,1024
1.3431789875030518,1019
1.3559668064117432,1015
1.3685824871063232,1011
1.3802120685577393,1008
1.3915860652923584,1004
1.404238224029541,1001
1.4160540103912354,998
1.428576946258545,996
1.4402775764465332,994
1.4521338939666748,993
1.4646966457366943,992
1.477461576461792,991
1.4926095008850098,991
1.5056195259094238,991
1.5183629989624023,991
1.529585599899292,991
1.5411632061004639,992
1.5526132583618164,992
1.5646276473999023,993
1.5775160789489746,994
1.5891239643096924,995
1.6006648540496826,995
1.61281418800354,996
1.6244454383850098,997
1.6363122463226318,998
1.6484878063201904,998
1.6607873439788818,999
1.6723039150238037,999
1.6834664344787598,1000
1.6948258876800537,1000
1.708634853363037,1000
1.720466136932373,1000
1.7322745323181152,1001
1.7435600757598877,1001
1.7551639080047607,1001
1.7684082984924316,1000
1.7799816131591797,1000
1.791168212890625,1000
1.802659273147583,1000
1.8148081302642822,1000
1.8276677131652832,1000
1.8392314910888672,1000
1.8520724773406982,1000
1.8640601634979248,1000
1.8754987716674805,1000
1.8881890773773193,1000
1.9031145572662354,1000
1.9175622463226318,1000
1.9293856620788574,1000
1.941070318222046,1000
1.952657699584961,1000
1.9655582904815674,1000
1.978069543838501,1000
1.989556074142456,1000
2.0007035732269287,1000
2.013378620147705,1000
2.0253796577453613,1000
2.0381813049316406,1000
2.049583911895752,1000
2.0612435340881348,1000
2.0735232830047607,1000
2.085542678833008,1000
2.097883462905884,1000
2.109377861022949,1000
2.1220812797546387,1000
2.1331467628479004,1000
2.1448097229003906,1000
2.1578924655914307,1000
2.170279026031494,1000
2.182096481323242,1000
2.1932544708251953,1000
2.2045648097991943,1000
2.2185680866241455,1000
2.2301387786865234,1000
2.2414088249206543,1000
2.253099203109741,1000
2.2648067474365234,1000
2.2784290313720703,1000
2.2898733615875244,1000
2.304579973220825,1000
2.317586660385132,1000
2.329514980316162,1000
2.341024875640869,1000
2.352627754211426,1000
2.3641366958618164,1000
2.377929210662842,1000
2.389225482940674,1000
2.4008400440216064,1000
2.412400960922241,1000
2.424593210220337,1000
2.437521457672119,1000
2.449306011199951,1000
2.4607203006744385,1000
2.472824811935425,1000
2.484226942062378,1000
2.496197462081909,1000
2.5085270404815674,1000
2.5201833248138428,1000
2.532383441925049,1000
2.543919563293457,1000
2.5548675060272217,1000
2.567958354949951,1000
2.5801732540130615,1000
2.5915491580963135,1000
2.6033198833465576,1000
2.615166425704956,1000
2.6288435459136963,1000
2.6395649909973145,1000
2.651289224624634,1000
2.662698984146118,1000
2.6742281913757324,1000
2.687513828277588,1000
2.7027952671051025,1000
2.714587926864624,1000
2.728527069091797,1000
2.7403640747070312,1000
2.7522406578063965,1000
2.7630343437194824,1000
2.7746238708496094,1000
2.7883682250976562,1000
2.7995424270629883,1000
2.8114421367645264,1000
2.823079824447632,1000
2.8356435298919678,1000
2.8487751483917236,1000
2.8603858947753906,1000
2.8760626316070557,1000
2.8894708156585693,1000
2.9011082649230957,1000
2.9125592708587646,1000
2.92402982711792,1000
2.937883138656616,1000
2.9501471519470215,1000
2.9613564014434814,1000
2.9728174209594727,1000
2.985653877258301,1000
2.9984219074249268,1000
