0.009253978729248047,0
0.01952815055847168,0
0.023931503295898438,0
0.028994321823120117,1
0.032968759536743164,2
0.038697242736816406,4
0.043578147888183594,5
0.04882216453552246,7
0.052789926528930664,9
0.058379173278808594,11
0.06235313415527344,13
0.06739163398742676,15
0.07139945030212402,19
0.07668495178222656,21
0.08074307441711426,24
0.08578276634216309,27
0.09086179733276367,30
0.096343994140625,34
0.10036921501159668,37
0.10455751419067383,40
0.10941529273986816,42
0.1135714054107666,47
0.11878085136413574,50
0.12277793884277344,55
0.12780022621154785,58
0.13184237480163574,61
0.13736200332641602,66
0.14244365692138672,71
0.1474597454071045,72
0.151505708694458,78
0.15695500373840332,81
0.16103124618530273,84
0.1662921905517578,89
0.1703321933746338,93
0.1745927333831787,96
0.17947626113891602,100
0.18391942977905273,105
0.18898773193359375,110
0.1942911148071289,114
0.1991274356842041,118
0.2031106948852539,123
0.20853567123413086,126
0.21252989768981934,132
0.21767401695251465,136
0.22170495986938477,139
0.22704243659973145,143
0.23110318183898926,146
0.23640155792236328,152
0.24046850204467773,158
0.2465214729309082,161
0.25056910514831543,165
0.2547605037689209,170
0.2595529556274414,174
0.26378965377807617,178
0.26896023750305176,182
0.2729346752166748,187
0.27849888801574707,191
0.28247880935668945,196
0.28748154640197754,200
0.29154396057128906,206
0.2974677085876465,210
0.3015255928039551,213
0.30695509910583496,217
0.31102657318115234,223
0.3165144920349121,230
0.32463693618774414,234
0.3294863700866699,238
0.3340175151824951,244
0.33908915519714355,247
0.3444552421569824,253
0.3492755889892578,257
0.3535041809082031,262
0.3587222099304199,266
0.36274123191833496,272
0.3677535057067871,276
0.3718137741088867,280
0.3771200180053711,284
0.3811638355255127,287
0.3864302635192871,293
0.39052295684814453,297
0.3966991901397705,302
0.40079689025878906,306
0.40584516525268555,312
0.40984535217285156,316
0.4143970012664795,320
0.41927218437194824,323
0.42351794242858887,329
0.4287679195404053,333
0.43276500701904297,339
0.437824010848999,342
0.44187211990356445,348
0.4484262466430664,352
0.4524078369140625,358
0.4576587677001953,362
0.4617164134979248,365
0.4670133590698242,369
0.47107672691345215,373
0.47637081146240234,379
0.4804248809814453,383
0.4846382141113281,388
0.4895045757293701,390
0.4937734603881836,398
0.4995601177215576,402
0.503807783126831,406
0.5089240074157715,409
0.512904167175293,415
0.5184807777404785,419
0.5225110054016113,425
0.5275075435638428,428
0.53153395652771,432
0.5368773937225342,436
0.5409388542175293,440
0.5459954738616943,446
0.5511448383331299,450
0.5564045906066895,455
0.5604708194732666,459
0.5646917819976807,465
0.5695300102233887,469
0.573983907699585,472
0.5790948867797852,476
0.583092212677002,482
0.5884621143341064,486
0.592440128326416,492
0.5985658168792725,496
0.602557897567749,501
0.6075875759124756,505
0.6116561889648438,509
0.6170086860656738,513
0.6210792064666748,516
0.626359224319458,522
0.6304287910461426,526
0.6352970600128174,532
0.6396458148956299,536
0.6439170837402344,540
0.6496994495391846,545
0.6540002822875977,549
0.6590607166290283,553
0.6630294322967529,558
0.6684024333953857,562
0.6723947525024414,568
0.6774752140045166,572
0.6815285682678223,576
0.6868274211883545,580
0.6909072399139404,584
0.6963257789611816,589
0.7011792659759521,595
0.7066659927368164,599
0.710756778717041,603
0.7158026695251465,610
0.7238490581512451,616
0.7289130687713623,620
0.7328903675079346,626
0.7384653091430664,630
0.7424376010894775,635
0.7476048469543457,639
0.7527379989624023,645
0.7579183578491211,649
0.7619564533233643,652
0.767261266708374,656
0.7713351249694824,662
0.77665114402771,666
0.7807202339172363,670
0.7857284545898438,675
0.7897508144378662,679
0.7939984798431396,683
0.7991452217102051,689
0.8044366836547852,693
0.8092873096466064,696
0.8132424354553223,702
0.8187799453735352,706
0.8227691650390625,712
0.8278076648712158,716
0.8318560123443604,720
0.8373575210571289,723
0.8414220809936523,729
0.8467395305633545,733
0.8515355587005615,739
0.8569064140319824,742
0.8610813617706299,746
0.8663904666900635,752
0.870448112487793,756
0.8752903938293457,762
0.8796217441558838,766
0.8838696479797363,769
0.8889632225036621,773
0.8929579257965088,779
0.8984425067901611,783
0.9031450748443604,788
0.9085781574249268,792
0.9125463962554932,798
0.9175519943237305,802
0.9215776920318604,806
0.9268951416015625,810
0.9309711456298828,814
0.9370625019073486,819
0.9411313533782959,823
0.9464232921600342,829
0.9504895210266113,833
0.9563987255096436,838
0.9605035781860352,842
0.965728759765625,848
0.9697508811950684,852
0.9743049144744873,856
0.9791655540466309,860
0.9831361770629883,865
0.9885735511779785,869
0.9925479888916016,875
0.9977293014526367,878
1.0017740726470947,884
1.0078544616699219,888
1.0118741989135742,892
1.0171329975128174,896
1.0211870670318604,900
1.0264763832092285,906
1.0305426120758057,909
1.0347340106964111,915
1.0395586490631104,919
1.0438036918640137,923
1.0489072799682617,926
1.0528888702392578,932
1.0590848922729492,936
1.0630650520324707,942
1.068444013595581,946
1.0724217891693115,951
1.07747483253479,953
1.0815200805664062,959
1.0868768692016602,963
1.0909533500671387,967
1.0964016914367676,972
1.1004602909088135,976
1.1064834594726562,982
1.1105599403381348,986
1.1157307624816895,992
1.1197826862335205,999
1.1289241313934326,1003
1.1329224109649658,1009
1.1385409832000732,1012
1.1425395011901855,1018
1.1478006839752197,1021
1.1518819332122803,1024
1.1578688621520996,1028
1.1619477272033691,1030
1.1672813892364502,1032
1.171356439590454,1035
1.1768805980682373,1036
1.1809794902801514,1038
1.1863322257995605,1039
1.190429925918579,1040
1.1946823596954346,1041
1.1995110511779785,1041
1.2037982940673828,1042
1.2097454071044922,1042
1.2143206596374512,1041
1.2191672325134277,1040
1.2231724262237549,1039
1.2287523746490479,1038
1.2327585220336914,1037
1.2382397651672363,1035
1.242363691329956,1034
1.2474398612976074,1032
1.2514944076538086,1029
1.2568888664245605,1026
1.2617363929748535,1024
1.2671372890472412,1022
1.2712483406066895,1018
1.2765865325927734,1016
1.2806661128997803,1014
1.285754680633545,1010
1.2897820472717285,1007
1.294456958770752,1004
1.2993271350860596,1001
1.3035290241241455,997
1.3094851970672607,992
1.3138015270233154,990
1.3189148902893066,987
1.3229141235351562,984
1.3279500007629395,982
1.3320047855377197,980
1.3373525142669678,978
1.3413975238800049,976
1.3467121124267578,974
1.3507990837097168,974
1.3562719821929932,972
1.361104965209961,972
1.3663921356201172,972
1.370438814163208,972
1.3746271133422852,972
1.3794972896575928,972
1.3837571144104004,973
1.388899803161621,974
1.3929038047790527,976
1.3979425430297852,977
1.4020075798034668,978
1.4072997570037842,981
1.4123706817626953,984
1.4176387786865234,986
1.4216768741607666,988
1.4269609451293945,990
1.431042194366455,992
1.436288833618164,996
1.4403276443481445,998
1.4445340633392334,1001
1.4493765830993652,1004
1.4536502361297607,1008
1.4588029384613037,1010
1.463846206665039,1013
1.4689042568206787,1015
1.4729337692260742,1017
1.4785170555114746,1019
1.4825382232666016,1020
1.4877593517303467,1021
1.4918527603149414,1022
1.4971706867218018,1022
1.5012540817260742,1022
1.5065124034881592,1022
1.510591745376587,1022
1.5165891647338867,1021
1.5206739902496338,1019
1.5297503471374512,1018
1.5345220565795898,1017
1.5393621921539307,1016
1.5437800884246826,1014
1.5489401817321777,1012
1.5529229640960693,1009
1.558454990386963,1007
1.5631837844848633,1004
1.568554162979126,1002
1.5725469589233398,998
1.577531099319458,995
1.5815653800964355,993
1.5868661403656006,991
1.5909347534179688,989
1.596412181854248,986
1.6005983352661133,985
1.6047897338867188,983
1.6096291542053223,982
1.6157701015472412,981
1.6197879314422607,981
1.624281883239746,981
1.6291286945343018,980
1.6331017017364502,981
1.6384892463684082,981
1.6424305438995361,982
1.6489391326904297,983
1.6529037952423096,985
1.6584429740905762,986
1.6624181270599365,988
1.6685609817504883,990
1.6725289821624756,993
1.6775672435760498,995
1.6816246509552002,997
1.686971664428711,999
1.6910192966461182,1001
1.6962518692016602,1005
1.7035551071166992,1010
1.7087979316711426,1012
1.7127923965454102,1014
1.7189621925354004,1015
1.7229695320129395,1017
1.7283947467803955,1018
1.7324192523956299,1019
1.7374813556671143,1019
1.7415318489074707,1020
1.7470512390136719,1020
1.7511377334594727,1019
1.756420373916626,1019
1.7605113983154297,1018
1.7665636539459229,1017
1.7706584930419922,1016
1.7758817672729492,1014
1.7798964977264404,1012
1.7844712734222412,1011
1.7893271446228027,1009
1.7935187816619873,1006
1.7987418174743652,1004
1.8027360439300537,1001
1.8078572750091553,999
1.8119049072265625,995
1.8179261684417725,993
1.8219974040985107,991
1.8272778987884521,989
1.8313069343566895,987
1.8367397785186768,986
1.8408472537994385,985
1.845867395401001,984
1.8498387336730957,983
1.8543651103973389,983
1.8591856956481934,983
1.8631529808044434,983
1.869276762008667,983
1.873727560043335,984
1.8788800239562988,985
1.8828558921813965,987
1.8878519535064697,988
1.8918673992156982,989
1.8973033428192139,991
1.9013309478759766,994
1.907275676727295,995
1.9113554954528809,998
1.9165842533111572,1001
1.921438217163086,1006
1.9305002689361572,1008
1.9366226196289062,1011
1.9407265186309814,1012
1.945939540863037,1014
1.9499361515045166,1015
1.9589548110961914,1016
1.9630041122436523,1017
1.9726009368896484,1017
1.981125831604004,1015
1.992600440979004,1012
2.0028812885284424,1008
2.0137853622436523,1005
2.0214226245880127,1000
2.031132698059082,994
2.040801763534546,988
2.0524792671203613,985
2.0607120990753174,983
2.067924737930298,981
2.079927921295166,981
2.0924456119537354,982
2.098245143890381,982
2.102008819580078,983
2.107333183288574,984
2.1113665103912354,986
2.1166069507598877,987
2.120671510696411,989
2.1257758140563965,991
2.1297860145568848,993
2.138775587081909,1001
2.1475930213928223,1005
2.1569552421569824,1008
2.1643059253692627,1011
2.1692755222320557,1014
2.1739394664764404,1015
2.179054021835327,1016
2.1830432415008545,1017
2.1884543895721436,1018
2.1924517154693604,1018
2.198671340942383,1018
2.202678918838501,1018
2.207789421081543,1017
2.2118594646453857,1016
2.2171995639801025,1016
2.221297264099121,1014
2.2265548706054688,1013
2.230663776397705,1012
2.235731601715088,1009
2.239804267883301,1008
2.24573016166687,1005
2.2497894763946533,1003
2.2545018196105957,1000
2.259399890899658,998
2.2638113498687744,995
2.268911838531494,993
2.2729194164276123,990
2.2779150009155273,989
2.2819478511810303,988
2.2872331142425537,986
2.291257619857788,985
2.297353744506836,984
2.301431179046631,984
2.306795358657837,984
2.310863494873047,984
2.316023349761963,984
2.319995880126953,984
2.324498414993286,986
2.332714319229126,988
2.3378424644470215,989
2.3418822288513184,990
2.348400115966797,993
2.3523921966552734,996
2.357600212097168,998
2.361668586730957,1000
2.3670129776000977,1002
2.3711190223693848,1005
2.3766188621520996,1007
2.3807380199432373,1009
2.3857691287994385,1011
2.3898115158081055,1012
2.3945202827453613,1014
2.40058970451355,1014
2.4047932624816895,1015
2.4096100330352783,1015
2.4138848781585693,1015
2.4189600944519043,1015
2.4229490756988525,1014
2.4284183979034424,1014
2.432424783706665,1012
2.4376542568206787,1012
2.441729784011841,1010
2.4470365047454834,1008
2.4518890380859375,1007
2.4571995735168457,1005
2.461271047592163,1002
2.46659779548645,1000
2.4706687927246094,998
2.4756548404693604,995
2.4797141551971436,993
2.483971357345581,992
2.4890406131744385,990
2.493025779724121,988
2.4992897510528564,987
2.5035529136657715,986
2.5087757110595703,986
2.5127577781677246,986
2.517817258834839,986
2.521886110305786,986
2.5273895263671875,986
2.53141450881958,987
2.536679267883301,988
2.540724515914917,989
2.5457606315612793,991
2.5508694648742676,992
2.556370496749878,994
2.560431480407715,996
2.5646255016326904,998
2.569483995437622,1000
2.573760509490967,1004
2.5789310932159424,1006
2.582947015762329,1008
2.588440418243408,1010
2.592433214187622,1012
2.5974485874176025,1014
2.6025781631469727,1015
2.607667922973633,1016
2.611734628677368,1016
2.617196798324585,1016
2.621288537979126,1016
2.626553535461426,1016
2.63061785697937,1016
2.6353397369384766,1015
2.6397082805633545,1014
2.6440060138702393,1013
2.649136781692505,1012
2.654585838317871,1010
2.6594719886779785,1009
2.6637802124023438,1006
2.6689364910125732,1004
2.672955274581909,1002
2.6785755157470703,999
2.6825778484344482,996
2.687627077102661,994
2.6916849613189697,992
2.69697642326355,991
2.7010409832000732,989
2.7070863246917725,988
2.7111868858337402,986
2.7164578437805176,986
2.7205190658569336,985
2.7247824668884277,985
2.7332053184509277,985
2.7389073371887207,985
2.7428994178771973,986
2.7484142780303955,987
2.7531678676605225,989
2.758790969848633,990
2.7627716064453125,992
2.767791509628296,994
2.7718470096588135,995
2.7771265506744385,997
2.781198024749756,1000
2.7866599559783936,1002
2.790771484375,1005
2.7960116863250732,1008
2.8000192642211914,1009
2.806389331817627,1011
2.8104586601257324,1012
2.814694881439209,1014
2.8195202350616455,1015
2.823794364929199,1015
2.828922986984253,1016
2.832915782928467,1016
2.8379342555999756,1015
2.8419928550720215,1015
2.8472800254821777,1014
2.851348638534546,1012
2.8575050830841064,1011
2.8615643978118896,1010
2.866894245147705,1009
2.870971918106079,1007
2.875988006591797,1005
2.8799750804901123,1003
2.884491443634033,1001
2.889329195022583,999
2.8934574127197266,995
2.8987133502960205,993
2.9026849269866943,990
2.9086802005767822,989
2.9126768112182617,987
2.9178640842437744,986
2.9218926429748535,985
2.9271702766418457,984
2.931253433227539,984
2.9472715854644775,984
2.962475299835205,987
2.973824977874756,990
2.9814705848693848,996
