0.009879589080810547,0
0.013562679290771484,1
0.019806385040283203,1
0.024323463439941406,2
0.030217647552490234,3
0.03478050231933594,4
0.040624380111694336,6
0.04512476921081543,10
0.054990530014038086,12
0.06207609176635742,14
0.06651878356933594,17
0.07328295707702637,19
0.07889223098754883,22
0.08394932746887207,24
0.09312677383422852,28
0.09823298454284668,31
0.10349559783935547,32
0.11353516578674316,38
0.1249089241027832,42
0.1350088119506836,46
0.14939570426940918,55
0.1621849536895752,59
0.17079806327819824,63
0.18091607093811035,68
0.19124841690063477,74
0.2034609317779541,79
0.21451663970947266,82
0.2265775203704834,86
0.23619341850280762,91
0.24207377433776855,93
0.24647235870361328,95
0.2524886131286621,97
0.25710034370422363,100
0.26279568672180176,101
0.26793980598449707,104
0.2731950283050537,106
0.2867553234100342,123
0.34946656227111816,134
0.37998032569885254,134
0.3888528347015381,134
0.39386606216430664,134
0.399883508682251,135
0.40444087982177734,135
0.41023993492126465,136
0.41477298736572266,137
0.42053794860839844,139
0.4250357151031494,140
0.43085813522338867,141
0.43534016609191895,143
0.44236159324645996,144
0.44944024085998535,147
0.45680713653564453,149
0.46281909942626953,150
0.46796679496765137,152
0.47322916984558105,154
0.47832369804382324,156
0.4835703372955322,157
0.4903066158294678,158
0.4948139190673828,160
0.5007884502410889,162
0.5052776336669922,163
0.511042594909668,165
0.5155329704284668,166
0.5212616920471191,168
0.5260241031646729,169
0.5320312976837158,170
0.5364518165588379,172
0.5430331230163574,173
0.5480186939239502,175
0.553309440612793,176
0.5593163967132568,178
0.564077615737915,179
0.569807767868042,181
0.5743739604949951,182
0.5801050662994385,183
0.5846185684204102,184
0.5911293029785156,186
0.595944881439209,188
0.6014175415039062,189
0.606198787689209,190
0.6120467185974121,192
0.6164829730987549,192
0.6224606037139893,194
0.6270995140075684,195
0.6327738761901855,196
0.6374852657318115,198
0.644089937210083,199
0.649569034576416,201
0.6543302536010742,202
0.6602950096130371,203
0.6648135185241699,204
0.6706151962280273,205
0.6751129627227783,206
0.6810164451599121,208
0.6874237060546875,209
0.6940968036651611,210
0.6998426914215088,212
0.7043812274932861,212
0.7101082801818848,214
0.7146296501159668,214
0.7204492092132568,216
0.7249438762664795,217
0.730665922164917,218
0.7351572513580322,219
0.7410426139831543,220
0.7465345859527588,221
0.752446174621582,222
0.7570915222167969,223
0.7627182006835938,224
0.7674617767333984,225
0.7730202674865723,226
0.7779767513275146,227
0.7832717895507812,228
0.7889132499694824,230
0.7947585582733154,230
0.8006625175476074,232
0.8051261901855469,232
0.8108658790588379,233
0.8153715133666992,234
0.8211336135864258,235
0.8258905410766602,236
0.8313460350036621,237
0.8361203670501709,238
0.8419582843780518,239
0.8474853038787842,240
0.8564553260803223,241
0.8625264167785645,242
0.86741042137146,243
0.8728921413421631,244
0.8779945373535156,244
0.8833012580871582,246
0.8882997035980225,246
0.8938896656036377,247
0.9004483222961426,248
0.9049544334411621,248
0.9106850624084473,250
0.9152071475982666,250
0.9211130142211914,251
0.9258661270141602,252
0.9313046932220459,253
0.9360847473144531,254
0.9419982433319092,254
0.9474766254425049,255
0.9531135559082031,256
0.9580633640289307,257
0.9633452892303467,258
0.9683263301849365,258
0.9739487171173096,259
0.9798111915588379,260
0.984377384185791,260
0.9901227951049805,261
0.994642972946167,262
1.0011754035949707,263
1.0059535503387451,264
1.011437177658081,264
1.0162312984466553,265
1.0220756530761719,266
1.0264866352081299,266
1.0323686599731445,267
1.0367984771728516,268
1.042827844619751,268
1.0494587421417236,269
1.0542237758636475,270
1.0599980354309082,270
1.0645160675048828,271
1.0709435939788818,272
1.075448751449585,272
1.081183910369873,273
1.0859248638153076,274
1.095266580581665,275
1.10237717628479,275
1.1067938804626465,276
1.1127982139587402,276
1.1179051399230957,277
1.1231846809387207,278
1.1281332969665527,278
1.133418083190918,279
1.138869047164917,279
1.1438961029052734,280
1.1503937244415283,280
1.154893159866333,281
1.160874843597412,281
1.1653330326080322,282
1.1711201667785645,282
1.1758785247802734,283
1.1818773746490479,283
1.1863081455230713,284
1.192122459411621,284
1.1965374946594238,285
1.2030613422393799,286
1.2080512046813965,286
1.2133357524871826,287
1.2193012237548828,287
1.2240698337554932,288
1.2298016548156738,288
1.2343604564666748,288
1.2401163578033447,289
1.2446517944335938,289
1.254732608795166,290
1.260624885559082,291
1.2650997638702393,292
1.271026372909546,292
1.2755396366119385,292
1.281484842300415,293
1.2862770557403564,294
1.2921123504638672,294
1.296525239944458,294
1.303145170211792,295
1.3082878589630127,296
1.3135182857513428,296
1.3193457126617432,296
1.3240456581115723,297
1.3304269313812256,297
1.334953784942627,298
1.340846300125122,298
1.3453338146209717,299
1.3511512279510498,299
1.3567233085632324,300
1.3625283241271973,300
1.3672163486480713,300
1.3727922439575195,301
1.377533197402954,301
1.3830230236053467,302
1.3879928588867188,302
1.3933155536651611,302
1.3989100456237793,303
1.4047589302062988,303
1.410604476928711,304
1.4150700569152832,304
1.4208190441131592,304
1.4253036975860596,305
1.4311392307281494,305
1.4359138011932373,306
1.442014217376709,306
1.4464733600616455,306
1.452329158782959,306
1.4581692218780518,307
1.46351957321167,308
1.4693307876586914,308
1.4741451740264893,308
1.479797601699829,309
1.4843618869781494,309
1.490103006362915,309
1.4945554733276367,310
1.5003185272216797,310
1.5059113502502441,310
1.5114078521728516,311
1.516218900680542,311
1.522191047668457,312
1.526646375656128,312
1.532491683959961,312
1.5372071266174316,312
1.5427796840667725,313
1.5475244522094727,313
1.5530681610107422,314
1.559807300567627,314
1.5643465518951416,314
1.5702764987945557,314
1.5747711658477783,314
1.580629825592041,315
1.5851471424102783,315
1.5908784866333008,316
1.595371961593628,316
1.6012120246887207,316
1.6066820621490479,316
1.6124844551086426,317
1.6171221733093262,317
1.6227843761444092,318
1.627521276473999,318
1.6331150531768799,318
1.6382520198822021,318
1.6434433460235596,319
1.649277925491333,319
1.6594853401184082,320
1.664231777191162,320
1.6700818538665771,320
1.6745555400848389,320
1.6804041862487793,320
1.6848680973052979,320
1.6906466484069824,321
1.6951699256896973,321
1.701138973236084,322
1.7059144973754883,322
1.7124521732330322,322
1.7170727252960205,322
1.7226788997650146,322
1.7273542881011963,322
1.7328386306762695,323
1.7377867698669434,323
1.7430682182312012,323
1.7480082511901855,324
1.7533082962036133,324
1.7601234912872314,324
1.7646238803863525,324
1.7703518867492676,324
1.7748310565948486,324
1.7806026935577393,325
1.7851283550262451,325
1.7908709049224854,325
1.795311689376831,326
1.8010940551757812,326
1.8058569431304932,326
1.812464714050293,326
1.8173260688781738,326
1.822859287261963,327
1.8279681205749512,327
1.8332774639129639,327
1.8382022380828857,328
1.8435337543487549,328
1.8493249416351318,328
1.8540806770324707,328
1.8595201969146729,328
1.864969253540039,328
1.8706748485565186,328
1.8751752376556396,329
1.8811097145080566,329
1.8858563899993896,329
1.891280174255371,329
1.8960371017456055,329
1.901475191116333,330
1.9062647819519043,330
1.9128444194793701,330
1.9175267219543457,330
1.9230246543884277,330
1.9279625415802002,330
1.9331872463226318,331
1.9388337135314941,331
1.9439306259155273,331
1.949418544769287,331
1.9541449546813965,331
1.9600279331207275,332
1.965296983718872,332
1.971036672592163,332
1.975468635559082,332
1.9811968803405762,332
1.985952377319336,332
1.9913740158081055,333
1.9961798191070557,333
2.002103567123413,333
2.0064749717712402,333
2.013047218322754,333
2.0179693698883057,333
2.0232112407684326,333
2.0281565189361572,334
2.033484697341919,334
2.0392937660217285,334
2.044002056121826,334
2.049438953399658,334
2.058256149291992,334
2.0646138191223145,334
2.0711193084716797,335
2.075878381729126,335
2.081479549407959,335
2.0862371921539307,335
2.0922651290893555,336
2.09700083732605,336
2.10267972946167,336
2.10735821723938,336
2.1128973960876465,336
2.1198227405548096,336
2.1281003952026367,336
2.1334075927734375,336
2.1383650302886963,336
2.143871307373047,337
2.149427652359009,337
2.1542325019836426,337
2.1599087715148926,337
2.1651294231414795,337
2.17085599899292,337
2.1753218173980713,338
2.1812596321105957,338
2.186042070388794,338
2.191488027572632,338
2.1962690353393555,338
2.202026605606079,338
2.2064037322998047,338
2.212165355682373,338
2.218050003051758,338
2.22326922416687,338
2.2282350063323975,338
2.2334225177764893,338
2.2394189834594727,338
2.244124412536621,338
2.2495639324188232,338
2.2542786598205566,338
2.2600765228271484,339
2.2646570205688477,339
2.271164655685425,339
2.2758798599243164,339
2.2813282012939453,339
2.2860708236694336,339
2.291781425476074,339
2.296245813369751,339
2.3022382259368896,340
2.3067140579223633,340
2.3125457763671875,340
2.318223476409912,340
2.3234808444976807,340
2.3292641639709473,340
2.333969831466675,340
2.3394112586975098,340
2.344135284423828,340
2.3499605655670166,340
2.3544440269470215,340
2.3602938652038574,340
2.3647687435150146,340
2.3719801902770996,341
2.376469373703003,341
2.3823962211608887,341
2.387011766433716,341
2.3925724029541016,341
2.397219181060791,341
2.4027726650238037,341
2.4074361324310303,341
2.412942886352539,342
2.4181032180786133,342
2.4244000911712646,342
2.430154323577881,342
2.4346327781677246,342
2.440392017364502,342
2.4448561668395996,342
2.4506521224975586,342
2.460080623626709,342
2.464559555053711,342
2.4711155891418457,342
2.475855588912964,342
2.481907367706299,342
2.4863264560699463,342
2.4920332431793213,342
2.4964025020599365,342
2.5022122859954834,342
2.5066330432891846,342
2.5124170780181885,342
2.5170531272888184,342
2.5234644412994385,342
2.5292840003967285,343
2.534062147140503,343
2.539999008178711,343
2.54445743560791,343
2.5501530170440674,343
2.5546321868896484,343
2.560396432876587,343
2.5648577213287354,343
2.570647954940796,343
2.5761263370513916,343
2.581923484802246,343
2.5863447189331055,343
2.592067241668701,343
2.5964510440826416,343
2.602436065673828,343
2.6072473526000977,343
2.6128034591674805,343
2.617485761642456,343
2.6239895820617676,343
2.629432439804077,343
2.6341681480407715,343
2.639807939529419,343
2.644292116165161,343
2.6499717235565186,343
2.6544349193573,343
2.6603574752807617,343
2.6648170948028564,343
2.6706056594848633,343
2.6761558055877686,343
2.6819217205047607,343
2.6863458156585693,343
2.6920766830444336,343
2.696474552154541,343
2.7023351192474365,343
2.706761121749878,343
2.7125954627990723,343
2.717381477355957,343
2.7239327430725098,343
2.7295074462890625,343
2.734236001968384,343
2.7400825023651123,343
2.7445266246795654,343
2.750288486480713,343
2.7547364234924316,343
2.760490894317627,343
2.764925241470337,343
2.7706100940704346,343
2.7760257720947266,343
2.7819771766662598,343
2.7863669395446777,343
2.7921197414398193,343
2.796496868133545,343
2.802323341369629,343
2.8067092895507812,343
2.8124663829803467,343
2.817070245742798,343
2.822664737701416,343
2.828899621963501,343
2.8339035511016846,343
2.8398241996765137,343
2.844311237335205,343
2.849985122680664,343
2.8544371128082275,343
2.8633737564086914,343
2.8693959712982178,343
2.874102830886841,343
2.880706310272217,343
2.885180711746216,343
2.8910040855407715,343
2.8954360485076904,343
2.901270866394043,343
2.9059908390045166,343
2.911412000656128,343
2.9161393642425537,343
2.9219768047332764,343
2.9273107051849365,343
2.9328598976135254,343
2.937530040740967,343
2.943013906478882,343
2.9479358196258545,343
2.953158378601074,343
2.958240509033203,343
2.9634764194488525,343
2.9692728519439697,343
2.973982095718384,343
2.980531692504883,343
2.9849631786346436,343
2.9906363487243652,343
2.995074987411499,343
3.0009124279022217,343
