0.009719133377075195,0
0.015291690826416016,0
0.02726602554321289,2
0.03876471519470215,5
0.055225372314453125,11
0.06794500350952148,18
0.07948660850524902,24
0.09203958511352539,34
0.10472583770751953,42
0.1171419620513916,51
0.12883663177490234,60
0.13985729217529297,69
0.1515352725982666,79
0.1652371883392334,88
0.17682242393493652,98
0.18863296508789062,107
0.2000415325164795,116
0.2128298282623291,126
0.22503352165222168,135
0.23662185668945312,143
0.24811649322509766,152
0.2596876621246338,160
0.2715163230895996,168
0.28502583503723145,176
0.29616236686706543,184
0.3079957962036133,192
0.3201944828033447,198
0.33181047439575195,205
0.3443119525909424,212
0.3559257984161377,218
0.36879730224609375,224
0.37987256050109863,230
0.3914341926574707,234
0.4045441150665283,240
0.4168586730957031,244
0.42865443229675293,249
0.4399442672729492,254
0.4568305015563965,259
0.46923255920410156,262
0.48100709915161133,266
0.4939453601837158,270
0.5052900314331055,272
0.5175421237945557,275
0.5290119647979736,278
0.5408034324645996,280
0.5528597831726074,283
0.5650813579559326,285
0.5774247646331787,287
0.5890681743621826,289
0.6005725860595703,291
0.6121170520782471,292
0.6252360343933105,294
0.6369009017944336,295
0.6482365131378174,296
0.6598427295684814,297
0.6721038818359375,298
0.6851909160614014,299
0.6967513561248779,300
0.707815408706665,300
0.7201359272003174,301
0.7325444221496582,302
0.7452142238616943,302
0.757086992263794,303
0.7697019577026367,303
0.7812907695770264,303
0.7945270538330078,303
0.8060317039489746,303
0.8175971508026123,303
0.829979658126831,303
0.8415048122406006,303
0.8577597141265869,303
0.8693830966949463,303
0.8820767402648926,303
0.89483642578125,303
0.9060697555541992,303
0.9175117015838623,303
0.92984938621521,303
0.9413502216339111,303
0.9541356563568115,303
0.9657940864562988,303
0.9776802062988281,303
0.9890789985656738,303
1.0007429122924805,303
1.0121009349822998,303
1.0255510807037354,303
1.0370166301727295,303
1.0488572120666504,303
1.0602004528045654,303
1.0717928409576416,303
1.0900909900665283,303
1.1155309677124023,303
1.135406494140625,303
1.1589834690093994,302
1.1802570819854736,302
1.2059028148651123,300
1.230083703994751,300
1.2421069145202637,299
1.2582111358642578,298
1.2701117992401123,297
1.2830064296722412,296
1.295151710510254,295
1.306837558746338,294
1.3181490898132324,294
1.3311254978179932,293
1.3468704223632812,292
1.3620855808258057,290
1.3747062683105469,289
1.3871550559997559,288
1.3987858295440674,287
1.4097890853881836,286
1.4214701652526855,286
1.4352142810821533,284
1.446972131729126,284
1.4582126140594482,282
1.4698982238769531,282
1.4820759296417236,280
1.4949250221252441,279
1.5066261291503906,278
1.5179190635681152,277
1.5294158458709717,276
1.5417790412902832,275
1.5546226501464844,274
1.5662188529968262,273
1.5781745910644531,272
1.5909099578857422,271
1.602783203125,270
1.6151940822601318,268
1.6268649101257324,268
1.6391284465789795,266
1.650799036026001,265
1.6669936180114746,264
1.678997278213501,263
1.6921005249023438,262
1.7050728797912598,260
1.716813325881958,259
1.7280323505401611,258
1.7399964332580566,257
1.751838207244873,256
1.7648072242736816,255
1.7761270999908447,254
1.7887837886810303,253
1.7997441291809082,252
1.811403751373291,251
1.8241393566131592,250
1.837000846862793,248
1.848832368850708,248
1.8600530624389648,246
1.8721330165863037,245
1.8847367763519287,244
1.8971073627471924,243
1.9086546897888184,242
1.9200544357299805,241
1.9320411682128906,240
1.9454407691955566,239
1.9562337398529053,238
1.9681320190429688,237
1.9797358512878418,236
1.9927105903625488,235
2.004981756210327,234
2.016662359237671,233
2.0279245376586914,232
2.0401740074157715,231
2.0519649982452393,230
2.068103551864624,228
2.0798025131225586,228
2.094641923904419,226
2.1072490215301514,225
2.118987798690796,224
2.130101203918457,223
2.14400315284729,222
2.1554925441741943,221
2.167020082473755,220
2.1788039207458496,219
2.189842700958252,218
2.202585458755493,218
2.2148633003234863,216
2.22725248336792,216
2.2387349605560303,214
2.2513301372528076,214
2.264130115509033,212
2.2757456302642822,212
2.287426471710205,211
2.2993695735931396,210
2.311009407043457,209
2.3228864669799805,208
2.335158109664917,207
2.347594976425171,206
2.35931396484375,205
2.3702046871185303,204
2.3820390701293945,203
2.394819974899292,202
2.407158851623535,201
2.4188292026519775,200
2.4299943447113037,199
2.441753625869751,198
2.4587957859039307,197
2.4702718257904053,196
2.482591390609741,196
2.4951717853546143,194
2.507225751876831,194
2.518890619277954,193
2.5302183628082275,192
2.541966438293457,191
2.555204153060913,190
2.5668673515319824,189
2.578277111053467,188
2.590071201324463,188
2.6028332710266113,187
2.615346908569336,186
2.6270837783813477,185
2.638667583465576,184
2.6510086059570312,183
2.662930488586426,182
2.6752049922943115,182
2.6870548725128174,181
2.6986989974975586,180
2.7113170623779297,179
2.7241592407226562,178
2.7357633113861084,177
2.7474684715270996,177
2.7597899436950684,176
2.77120304107666,175
2.7839598655700684,174
2.7955360412597656,174
2.8074872493743896,173
2.8188745975494385,172
2.8301022052764893,171
2.841756820678711,170
2.855231761932373,170
2.870649576187134,169
2.8830995559692383,168
2.895373821258545,167
2.9075706005096436,166
2.9190564155578613,166
2.9305896759033203,165
2.9422450065612793,164
2.955493450164795,163
2.967026948928833,162
2.9782817363739014,162
2.9898386001586914,161
3.001270055770874,160
