0.019376277923583984,0
0.0234072208404541,0
0.03800368309020996,2
0.05329394340515137,7
0.0673670768737793,13
0.07926630973815918,19
0.0921316146850586,26
0.10398364067077637,34
0.11606144905090332,44
0.1282966136932373,52
0.14057707786560059,61
0.15225481986999512,70
0.16395139694213867,80
0.17537307739257812,90
0.18851470947265625,100
0.2000737190246582,111
0.21146035194396973,122
0.22296881675720215,132
0.23599696159362793,143
0.24840712547302246,154
0.2601172924041748,165
0.27209043502807617,176
0.28335046768188477,187
0.29717302322387695,200
0.3089570999145508,210
0.32047486305236816,220
0.3324315547943115,231
0.34473705291748047,244
0.35793638229370117,255
0.3691442012786865,266
0.3805677890777588,276
0.3926992416381836,287
0.40465259552001953,300
0.4177131652832031,311
0.42925095558166504,322
0.4419844150543213,334
0.45927953720092773,350
0.4712855815887451,362
0.48311495780944824,373
0.4972050189971924,386
0.5090663433074951,397
0.5209434032440186,408
0.5325112342834473,418
0.5453402996063232,430
0.5580480098724365,441
0.5693709850311279,451
0.5812702178955078,461
0.594090461730957,471
0.6060702800750732,480
0.6185579299926758,490
0.6304304599761963,498
0.6428966522216797,506
0.6545693874359131,514
0.6674618721008301,522
0.6793467998504639,529
0.6914026737213135,535
0.7042140960693359,540
0.7162392139434814,546
0.728778600692749,549
0.7404282093048096,553
0.7528972625732422,556
0.7646358013153076,558
0.777726411819458,560
0.7893471717834473,561
0.8022551536560059,561
0.8141326904296875,560
0.8260955810546875,559
0.8384432792663574,558
0.8545420169830322,554
0.8681726455688477,551
0.8799891471862793,548
0.8914620876312256,544
0.9044842720031738,540
0.9173734188079834,535
0.9293348789215088,530
0.941331148147583,525
0.954218864440918,520
0.9662396907806396,513
0.9787352085113525,508
0.9906115531921387,502
1.002997636795044,495
1.0152182579040527,490
1.028144121170044,483
1.0396952629089355,477
1.0524318218231201,472
1.0650298595428467,464
1.0818877220153809,457
1.0931823253631592,452
1.11240553855896,444
1.1319761276245117,436
1.1490182876586914,430
1.1705613136291504,424
1.191175937652588,418
1.2114977836608887,414
1.2322924137115479,412
1.2600481510162354,410
1.2778255939483643,410
1.2902228832244873,411
1.3021800518035889,412
1.3131918907165527,414
1.3341920375823975,417
1.3512334823608398,422
1.364973783493042,426
1.378450870513916,430
1.390218734741211,434
1.402024269104004,439
1.4138672351837158,444
1.42572021484375,450
1.4392225742340088,457
1.4507925510406494,462
1.46254301071167,468
1.4745078086853027,475
1.488152265548706,484
1.4997167587280273,491
1.5112700462341309,498
1.5230326652526855,506
1.5360121726989746,514
1.5484375953674316,522
1.5602679252624512,530
1.572220802307129,538
1.5845153331756592,548
1.5977578163146973,556
1.6094224452972412,564
1.6211464405059814,572
1.6333122253417969,580
1.6454565525054932,588
1.6620368957519531,599
1.673781156539917,606
1.6878383159637451,615
1.6997194290161133,622
1.711388111114502,629
1.722853183746338,635
1.7358767986297607,642
1.7482428550720215,648
1.7601268291473389,654
1.7721807956695557,660
1.7838828563690186,665
1.7979962825775146,670
1.809800386428833,674
1.8213977813720703,678
1.833303451538086,682
1.8462297916412354,685
1.8587398529052734,687
1.8704853057861328,690
1.8821735382080078,691
1.8946588039398193,693
1.9077160358428955,694
1.919208288192749,694
1.9311459064483643,694
1.9434993267059326,694
1.9558954238891602,694
1.968313217163086,693
1.9802725315093994,692
1.9928431510925293,691
2.0045759677886963,689
2.0178418159484863,688
2.0293076038360596,686
2.0422563552856445,684
2.059394121170044,682
2.0714375972747803,680
2.086193323135376,677
2.099907875061035,675
2.1112191677093506,673
2.1229848861694336,671
2.135329008102417,670
2.148847818374634,668
2.1605968475341797,666
2.1724042892456055,665
2.184282064437866,664
2.198141098022461,662
2.2098171710968018,662
2.2213294506073,661
2.233077049255371,661
2.246122121810913,661
2.258462429046631,661
2.270292043685913,662
2.282205581665039,662
2.294626235961914,663
2.307899236679077,664
2.3193812370300293,666
2.3311777114868164,667
2.3427109718322754,669
2.355760335922241,671
2.3682961463928223,674
2.379974842071533,676
2.3913052082061768,679
2.4041433334350586,682
2.416050434112549,685
2.4286773204803467,689
2.4403960704803467,692
2.4527149200439453,696
2.469700813293457,703
2.4813754558563232,707
2.493220329284668,712
2.506178855895996,717
2.5184431076049805,722
2.530118465423584,726
2.541883945465088,732
2.55417799949646,738
2.566270351409912,744
2.5787484645843506,748
2.590423822402954,754
2.6028032302856445,760
2.614675760269165,767
2.627774477005005,773
2.6393380165100098,779
2.6521003246307373,785
2.663409948348999,791
2.6752772331237793,797
2.687992572784424,803
2.699378728866577,809
2.7123355865478516,815
2.7239906787872314,821
2.7360105514526367,827
2.7483575344085693,833
2.760769844055176,838
2.772559404373169,844
2.7844250202178955,850
2.7974255084991455,856
2.810194969177246,861
2.8222525119781494,866
2.8341939449310303,871
2.8468174934387207,877
2.862856388092041,882
2.874589443206787,887
2.887941598892212,892
2.899301052093506,896
2.9121406078338623,900
2.92346453666687,903
2.935264825820923,907
2.947993516921997,910
2.9605977535247803,913
2.972193717956543,916
2.9842896461486816,918
2.997191905975342,921
3.0099031925201416,924
