0.008768796920776367,0
0.026691436767578125,1
0.038910865783691406,4
0.05056428909301758,7
0.06271052360534668,13
0.07366466522216797,18
0.08495402336120605,27
0.09705138206481934,33
0.10805225372314453,41
0.11952781677246094,51
0.13075804710388184,60
0.1441059112548828,69
0.1554558277130127,77
0.1669321060180664,87
0.17819547653198242,99
0.19077444076538086,108
0.20267128944396973,119
0.21374773979187012,129
0.22421550750732422,138
0.23671913146972656,150
0.2488253116607666,161
0.26015567779541016,170
0.27213120460510254,181
0.28318262100219727,190
0.2950253486633301,201
0.3066272735595703,212
0.31807684898376465,223
0.32927775382995605,234
0.34218311309814453,244
0.35747432708740234,258
0.3690311908721924,267
0.38095784187316895,277
0.393587589263916,285
0.4050567150115967,292
0.4163095951080322,300
0.4276463985443115,307
0.4390678405761719,314
0.4522404670715332,320
0.4634675979614258,325
0.47486281394958496,330
0.48581457138061523,335
0.49816370010375977,339
0.5094013214111328,343
0.5199704170227051,345
0.5327043533325195,348
0.5446557998657227,351
0.5554361343383789,352
0.5660922527313232,354
0.5781097412109375,355
0.5893738269805908,357
0.6028070449829102,357
0.6134073734283447,358
0.6241724491119385,358
0.6368598937988281,359
0.6487343311309814,359
0.6602778434753418,359
0.6722745895385742,359
0.6827731132507324,359
0.6948902606964111,359
0.7072443962097168,359
0.7187974452972412,359
0.7305331230163574,359
0.7410638332366943,359
0.757662296295166,359
0.7689595222473145,359
0.7810964584350586,359
0.793015718460083,359
0.8053114414215088,359
0.8173167705535889,360
0.828707218170166,360
0.8402383327484131,360
0.8532695770263672,360
0.8634967803955078,360
0.8755028247833252,360
0.8868286609649658,360
0.8980114459991455,360
0.9102461338043213,360
0.9225819110870361,360
0.9328243732452393,360
0.944983720779419,360
0.9587242603302002,360
0.9705662727355957,360
0.9826548099517822,360
0.9936730861663818,360
1.0054652690887451,360
1.0170221328735352,360
1.028052806854248,360
1.039426326751709,360
1.0509564876556396,360
1.0636842250823975,360
1.0749623775482178,360
1.085949420928955,360
1.0973577499389648,360
1.1093082427978516,360
1.120750904083252,360
1.1332309246063232,360
1.1441855430603027,360
1.1602587699890137,360
1.1722304821014404,360
1.1832740306854248,360
1.1949453353881836,360
1.2072088718414307,360
1.2186040878295898,360
1.2299983501434326,360
1.2411062717437744,360
1.2530741691589355,360
1.2650022506713867,360
1.27622652053833,360
1.2873804569244385,360
1.298729658126831,360
1.3110675811767578,360
1.3229475021362305,360
1.3334386348724365,360
1.3451323509216309,360
1.356236457824707,360
1.368842363357544,360
1.38020658493042,360
1.3925740718841553,360
1.4036190509796143,360
1.4154539108276367,360
1.4268949031829834,360
1.438628911972046,360
1.4497900009155273,360
1.4607679843902588,360
1.474536657333374,360
1.4855291843414307,360
1.4970526695251465,360
1.507986068725586,360
1.5201828479766846,360
1.5325942039489746,360
1.5428001880645752,360
1.5548298358917236,360
1.5707566738128662,360
1.5827851295471191,360
1.5940923690795898,360
1.6053462028503418,360
1.617147445678711,360
1.6289093494415283,360
1.640676498413086,360
1.652848720550537,360
1.6648485660552979,360
1.6760900020599365,360
1.6873908042907715,360
1.698742389678955,360
1.70979905128479,360
1.7228038311004639,360
1.7333106994628906,360
1.7449843883514404,360
1.7558815479278564,360
1.7677242755889893,360
1.778993844985962,360
1.7907791137695312,360
1.803044080734253,360
1.8141345977783203,360
1.827033519744873,360
1.8428130149841309,360
1.8537771701812744,360
1.8649725914001465,360
1.8769795894622803,360
1.888169527053833,360
1.8994073867797852,360
1.911039113998413,360
1.9236478805541992,360
1.9348928928375244,360
1.9456984996795654,360
1.957094669342041,360
1.9731488227844238,360
1.98484468460083,360
1.9970955848693848,360
2.0086445808410645,360
2.020761013031006,360
2.032766819000244,360
2.043607711791992,360
2.054870128631592,360
2.065704345703125,360
2.077631711959839,360
2.0889813899993896,360
2.100766181945801,360
2.112177848815918,360
2.124023675918579,360
2.135509490966797,360
2.1468489170074463,360
2.158027172088623,360
2.169241428375244,360
2.182281732559204,360
2.1933443546295166,360
2.204953908920288,360
2.2156286239624023,360
2.2282402515411377,360
2.2393529415130615,360
2.2509312629699707,360
2.263000965118408,360
2.2737741470336914,360
2.286870241165161,360
2.2973520755767822,360
2.3091158866882324,360
2.3207223415374756,360
2.333117723464966,360
2.3449370861053467,360
2.3557777404785156,360
2.3710906505584717,360
2.383915901184082,360
2.395193576812744,360
2.406803846359253,360
2.417774200439453,360
2.4300167560577393,360
2.4410760402679443,360
2.453295946121216,360
2.4649178981781006,360
2.4758477210998535,360
2.487813711166382,360
2.49910044670105,360
2.5108280181884766,360
2.522819995880127,360
2.5339105129241943,360
2.5455031394958496,360
2.5568113327026367,360
2.5676846504211426,360
2.5789034366607666,360
2.5921430587768555,360
2.603532552719116,360
2.6138999462127686,360
2.6257174015045166,360
2.6375861167907715,360
2.6489055156707764,360
2.660294532775879,360
2.6726012229919434,360
2.6839334964752197,360
2.6956515312194824,360
2.7068898677825928,360
2.718122720718384,360
2.7294416427612305,360
2.742587089538574,360
2.7535595893859863,360
2.7673261165618896,360
2.779264211654663,360
2.792935848236084,360
2.803825855255127,360
2.8153860569000244,360
2.8275465965270996,360
2.8476319313049316,360
2.8687713146209717,360
2.883937120437622,360
2.89601993560791,360
2.9074246883392334,360
2.918863296508789,360
2.930277109146118,360
2.9429054260253906,360
2.9540231227874756,360
2.9652068614959717,360
2.976144313812256,360
2.9872424602508545,360
2.9993462562561035,360
