0.007781982421875,0
0.01249837875366211,0
0.024052143096923828,1
0.035088539123535156,4
0.04779529571533203,9
0.06023836135864258,14
0.0720207691192627,21
0.08324074745178223,28
0.09531188011169434,37
0.10673785209655762,45
0.11948895454406738,54
0.13113760948181152,63
0.143355131149292,73
0.15468597412109375,81
0.16617941856384277,91
0.17810440063476562,101
0.19039225578308105,114
0.20251154899597168,123
0.2140660285949707,133
0.22522497177124023,144
0.23662853240966797,155
0.2503185272216797,165
0.26139307022094727,176
0.2732522487640381,187
0.2848029136657715,196
0.296597957611084,209
0.3094470500946045,220
0.3212244510650635,231
0.33262157440185547,240
0.3498210906982422,255
0.36130809783935547,266
0.3728797435760498,274
0.384429931640625,283
0.39734578132629395,293
0.40996861457824707,301
0.4212355613708496,309
0.43276238441467285,315
0.4441642761230469,321
0.45658159255981445,327
0.4692840576171875,333
0.48091626167297363,337
0.4926619529724121,341
0.5048031806945801,345
0.5165143013000488,348
0.5293703079223633,351
0.5410282611846924,353
0.5531210899353027,355
0.5646686553955078,356
0.5762467384338379,357
0.5877828598022461,358
0.6002275943756104,358
0.6124691963195801,359
0.6241269111633301,359
0.6350913047790527,359
0.646564245223999,359
0.6602489948272705,359
0.6714544296264648,359
0.6831433773040771,359
0.694561243057251,360
0.7070331573486328,360
0.7199587821960449,360
0.7312164306640625,360
0.7424323558807373,360
0.7588768005371094,360
0.7707509994506836,360
0.7830309867858887,360
0.7943952083587646,360
0.8064703941345215,360
0.8183233737945557,360
0.8304431438446045,360
0.8420741558074951,360
0.8531420230865479,360
0.8650085926055908,360
0.8764569759368896,360
0.8882753849029541,360
0.9004666805267334,360
0.9126725196838379,360
0.9241738319396973,360
0.9350326061248779,360
0.946491003036499,360
0.9601457118988037,360
0.9713928699493408,360
0.9828410148620605,360
0.9942014217376709,360
1.005234956741333,360
1.0182278156280518,360
1.0305135250091553,360
1.0420172214508057,360
1.053138017654419,360
1.0652227401733398,360
1.0766313076019287,360
1.089388370513916,360
1.1007697582244873,360
1.1127302646636963,360
1.124027967453003,360
1.1350188255310059,360
1.1507682800292969,360
1.163060188293457,360
1.1744861602783203,360
1.1861910820007324,360
1.1980700492858887,360
1.210218906402588,360
1.2223381996154785,360
1.233489990234375,360
1.245069980621338,360
1.2564475536346436,360
1.2701609134674072,360
1.282045602798462,360
1.2931344509124756,360
1.3044428825378418,360
1.3173396587371826,360
1.3295490741729736,360
1.341158151626587,360
1.352522850036621,360
1.3647096157073975,360
1.3762407302856445,360
1.3880712985992432,360
1.400205135345459,360
1.4113614559173584,360
1.4235544204711914,360
1.4350261688232422,360
1.4464128017425537,360
1.4582133293151855,360
1.4709947109222412,360
1.4823787212371826,360
1.494023084640503,360
1.5049915313720703,360
1.5174329280853271,360
1.5298848152160645,360
1.5410888195037842,360
1.5555646419525146,360
1.5697805881500244,360
1.5811073780059814,360
1.5926408767700195,360
1.6039505004882812,360
1.6148886680603027,360
1.627415657043457,360
1.6399736404418945,360
1.6513140201568604,360
1.6624994277954102,360
1.6744999885559082,360
1.6861343383789062,360
1.6981027126312256,360
1.7102272510528564,360
1.722402811050415,360
1.7335405349731445,360
1.7451035976409912,360
1.756535530090332,360
1.7683589458465576,360
1.7823512554168701,360
1.7934181690216064,360
1.80495023727417,360
1.8164448738098145,360
1.8299696445465088,360
1.8412322998046875,360
1.8524415493011475,360
1.864211082458496,360
1.8762927055358887,360
1.8879685401916504,360
1.900092363357544,360
1.9112536907196045,360
1.9234724044799805,360
1.9350390434265137,360
1.9464099407196045,360
1.9624881744384766,360
1.9748528003692627,360
1.9864730834960938,360
1.9982492923736572,360
2.010469436645508,360
2.0218770503997803,360
2.0340328216552734,360
2.0450496673583984,360
2.056643486022949,360
2.0688765048980713,360
2.0814151763916016,360
2.093167304992676,360
2.104766845703125,360
2.1161694526672363,360
2.1293840408325195,360
2.1408421993255615,360
2.15224552154541,360
2.164113759994507,360
2.1750199794769287,360
2.1875052452087402,360
2.1999542713165283,360
2.21114444732666,360
2.222811698913574,360
2.2350800037384033,360
2.246443510055542,360
2.2581417560577393,360
2.2703983783721924,360
2.282620906829834,360
2.293935537338257,360
2.3049509525299072,360
2.3164072036743164,360
2.328106641769409,360
2.341200828552246,360
2.3560760021209717,360
2.368102550506592,360
2.38039493560791,360
2.39249324798584,360
2.403920888900757,360
2.4150149822235107,360
2.426396608352661,360
2.4400155544281006,360
2.4513683319091797,360
2.4632132053375244,360
2.474438190460205,360
2.4872429370880127,360
2.4998550415039062,360
2.511259078979492,360
2.5228610038757324,360
2.5349795818328857,360
2.546058416366577,360
2.557490587234497,360
2.569899797439575,360
2.581162214279175,360
2.5933315753936768,360
2.6048309803009033,360
2.61647629737854,360
2.628838539123535,360
2.641216278076172,360
2.6525070667266846,360
2.6638970375061035,360
2.6750590801239014,360
2.6878695487976074,360
2.7001616954803467,360
2.7112886905670166,360
2.722712278366089,360
2.733961582183838,360
2.746112585067749,360
2.7621822357177734,360
2.773440361022949,360
2.7860214710235596,360
2.7992911338806152,360
2.8107385635375977,360
2.8221347332000732,360
2.8331868648529053,360
2.8454432487487793,360
2.8566713333129883,360
2.8693759441375732,360
2.880906105041504,360
2.892857789993286,360
2.9041495323181152,360
2.91506290435791,360
2.9264943599700928,360
2.938068151473999,360
2.9511423110961914,360
2.9624907970428467,360
2.9739413261413574,360
2.9848501682281494,360
2.997354030609131,360
