0.01826620101928711,0
0.02233123779296875,0
0.03930830955505371,3
0.05085587501525879,6
0.06310558319091797,13
0.07462668418884277,19
0.08782577514648438,26
0.0993812084197998,34
0.11122274398803711,43
0.12407946586608887,52
0.1358623504638672,61
0.14823198318481445,70
0.15995407104492188,80
0.17214632034301758,90
0.18331289291381836,100
0.19469523429870605,111
0.20781779289245605,121
0.219681978225708,132
0.23096275329589844,142
0.2424464225769043,151
0.25397157669067383,162
0.26770639419555664,174
0.27918267250061035,186
0.29059481620788574,194
0.302234411239624,206
0.31383299827575684,216
0.32781267166137695,229
0.34029269218444824,240
0.35210371017456055,250
0.3637850284576416,260
0.3773822784423828,271
0.3892216682434082,280
0.40090274810791016,287
0.4124948978424072,295
0.43009114265441895,306
0.441864013671875,313
0.4537789821624756,320
0.46579885482788086,325
0.4791078567504883,332
0.4906613826751709,335
0.502187967300415,339
0.5140693187713623,343
0.5277156829833984,347
0.539339542388916,350
0.5511324405670166,352
0.5626239776611328,354
0.5757393836975098,355
0.5882718563079834,357
0.6000125408172607,358
0.6112754344940186,358
0.6239659786224365,359
0.6360392570495605,360
0.6484541893005371,360
0.6602573394775391,360
0.6719486713409424,360
0.684375524520874,360
0.6972799301147461,360
0.7090487480163574,360
0.7206487655639648,360
0.7330806255340576,360
0.7445647716522217,360
0.7578275203704834,360
0.769183874130249,360
0.7814276218414307,360
0.7930102348327637,360
0.8045532703399658,360
0.8173892498016357,360
0.8332035541534424,360
0.8446700572967529,360
0.858025074005127,360
0.8693788051605225,360
0.8821277618408203,360
0.893409013748169,360
0.9050228595733643,360
0.9179031848907471,360
0.93033766746521,360
0.941906213760376,360
0.9530024528503418,360
0.96453857421875,360
0.977304220199585,360
0.9898731708526611,360
1.0011491775512695,360
1.012725591659546,360
1.0243659019470215,360
1.0380325317382812,360
1.0498485565185547,360
1.0610525608062744,360
1.072580099105835,360
1.0853474140167236,360
1.098050594329834,360
1.1093778610229492,360
1.1209557056427002,360
1.1332621574401855,360
1.145010232925415,360
1.157320261001587,360
1.1688878536224365,360
1.1803278923034668,360
1.1924188137054443,360
1.204101324081421,360
1.2160120010375977,360
1.2320027351379395,360
1.2445011138916016,360
1.2577955722808838,360
1.2693133354187012,360
1.2806618213653564,360
1.293163776397705,360
1.3046977519989014,360
1.3177354335784912,360
1.329183578491211,360
1.3422307968139648,360
1.3540480136871338,360
1.3701746463775635,360
1.3814492225646973,360
1.3940799236297607,360
1.4062092304229736,360
1.4184694290161133,360
1.4299213886260986,360
1.44205904006958,360
1.4530377388000488,360
1.4645509719848633,360
1.477252721786499,360
1.4898066520690918,360
1.5012414455413818,360
1.5126569271087646,360
1.5242478847503662,360
1.5371732711791992,360
1.5493743419647217,360
1.561213731765747,360
1.5728087425231934,360
1.5844664573669434,360
1.5981380939483643,360
1.6093692779541016,360
1.621152639389038,360
1.6373956203460693,360
1.6503736972808838,360
1.6623146533966064,360
1.6737916469573975,360
1.6852247714996338,360
1.6986877918243408,360
1.7101712226867676,360
1.7217037677764893,360
1.7330844402313232,360
1.7457151412963867,360
1.7579917907714844,360
1.7694091796875,360
1.781019687652588,360
1.7933955192565918,360
1.8050010204315186,360
1.8178293704986572,360
1.8292009830474854,360
1.8406028747558594,360
1.8529248237609863,360
1.864506721496582,360
1.8772435188293457,360
1.888885736465454,360
1.9010365009307861,360
1.9124770164489746,360
1.9243800640106201,360
1.9372353553771973,360
1.9500682353973389,360
1.9612846374511719,360
1.972902536392212,360
1.9845283031463623,360
1.9981071949005127,360
2.0098044872283936,360
2.021219491958618,360
2.036268949508667,360
2.049950122833252,360
2.060847282409668,360
2.072434902191162,360
2.0840532779693604,360
2.095813512802124,360
2.1090738773345947,360
2.120699167251587,360
2.1322062015533447,360
2.1431093215942383,360
2.156008243560791,360
2.168240785598755,360
2.179387092590332,360
2.1911447048187256,360
2.2033324241638184,360
2.214914560317993,360
2.227416753768921,360
2.239138603210449,360
2.2518701553344727,360
2.2631869316101074,360
2.2746574878692627,360
2.287454843521118,360
2.2990427017211914,360
2.3119637966156006,360
2.3229820728302,360
2.3346238136291504,360
2.348271369934082,360
2.3628830909729004,360
2.3746345043182373,360
2.3872580528259277,360
2.3987836837768555,360
2.41103458404541,360
2.422546148300171,360
2.4390158653259277,360
2.4509615898132324,360
2.463113307952881,360
2.4746665954589844,360
2.4862587451934814,360
2.4992685317993164,360
2.511476993560791,360
2.5231707096099854,360
2.534646511077881,360
2.5477049350738525,360
2.560404062271118,360
2.572030782699585,360
2.583265781402588,360
2.5951480865478516,360
2.6073532104492188,360
2.62016224861145,360
2.631057024002075,360
2.6420443058013916,360
2.6541998386383057,360
2.668004035949707,360
2.679215669631958,360
2.6907942295074463,360
2.702101230621338,360
2.713785171508789,360
2.738257884979248,360
2.7496895790100098,360
2.7623672485351562,360
2.773383378982544,360
2.784576892852783,360
2.7977511882781982,360
2.809281826019287,360
2.822071075439453,360
2.8334083557128906,360
2.8496859073638916,360
2.8611392974853516,360
2.8740549087524414,360
2.8858697414398193,360
2.8980870246887207,360
2.909684419631958,360
2.9220495223999023,360
2.933281421661377,360
2.944669723510742,360
2.9577455520629883,360
2.9701695442199707,360
2.9817123413085938,360
2.993117570877075,360
3.0049824714660645,360
