0.022356271743774414,0
0.02632737159729004,0
0.03855752944946289,1
0.0514981746673584,5
0.06314277648925781,9
0.07477259635925293,14
0.08640933036804199,21
0.09826469421386719,28
0.11576056480407715,41
0.12798285484313965,49
0.14072299003601074,59
0.153120756149292,68
0.16477131843566895,78
0.17710566520690918,89
0.1903092861175537,100
0.20525860786437988,112
0.21713924407958984,122
0.22996878623962402,135
0.24187254905700684,145
0.2546727657318115,156
0.26636600494384766,167
0.277921199798584,178
0.2905600070953369,189
0.3018038272857666,200
0.3146071434020996,211
0.325955867767334,222
0.3380165100097656,233
0.3506927490234375,243
0.3631906509399414,254
0.3748352527618408,264
0.3866727352142334,274
0.39867234230041504,284
0.41238903999328613,293
0.42446255683898926,301
0.4355635643005371,309
0.44748616218566895,315
0.4612762928009033,322
0.4729456901550293,327
0.48502564430236816,333
0.4969606399536133,337
0.5153093338012695,343
0.5277156829833984,347
0.5406427383422852,350
0.5526092052459717,352
0.5651707649230957,354
0.5771691799163818,355
0.5904877185821533,357
0.6019024848937988,358
0.615079402923584,358
0.6269092559814453,359
0.6398012638092041,359
0.6513359546661377,359
0.6637022495269775,359
0.6751670837402344,360
0.6869988441467285,360
0.6998701095581055,360
0.71268630027771,360
0.7247743606567383,360
0.7365982532501221,360
0.7484028339385986,360
0.7607560157775879,360
0.773289680480957,360
0.7848289012908936,360
0.7965505123138428,360
0.8079817295074463,360
0.8213365077972412,360
0.8329176902770996,360
0.8447098731994629,360
0.8565938472747803,360
0.8699507713317871,360
0.881798505783081,360
0.8933126926422119,360
0.9085979461669922,360
0.9222755432128906,360
0.933753252029419,360
0.9452195167541504,360
0.957099199295044,360
0.9709770679473877,360
0.982872724533081,360
0.9945018291473389,360
1.0055687427520752,360
1.0186336040496826,360
1.0309720039367676,360
1.0425972938537598,360
1.0544381141662598,360
1.0658414363861084,360
1.0798773765563965,360
1.091691493988037,360
1.103219747543335,360
1.1147775650024414,360
1.1271038055419922,360
1.1402771472930908,360
1.1517689228057861,360
1.1633145809173584,360
1.1766364574432373,360
1.1885545253753662,360
1.2011222839355469,360
1.211874008178711,360
1.2253165245056152,360
1.2379086017608643,360
1.2505393028259277,360
1.2624456882476807,360
1.274848222732544,360
1.2865869998931885,360
1.2986948490142822,360
1.314544439315796,360
1.3270378112792969,360
1.3404264450073242,360
1.351886510848999,360
1.3635923862457275,360
1.375807523727417,360
1.3877394199371338,360
1.4004652500152588,360
1.4119112491607666,360
1.4248156547546387,360
1.4366211891174316,360
1.4486567974090576,360
1.4608778953552246,360
1.4724664688110352,360
1.484743356704712,360
1.4960343837738037,360
1.50826096534729,360
1.5203917026519775,360
1.5330872535705566,360
1.5446739196777344,360
1.5558671951293945,360
1.5678372383117676,360
1.5811359882354736,360
1.5925934314727783,360
1.6039998531341553,360
1.615684986114502,360
1.6286139488220215,360
1.6410505771636963,360
1.6528151035308838,360
1.6647403240203857,360
1.6763834953308105,360
1.6899347305297852,360
1.7017436027526855,360
1.7170512676239014,360
1.7311222553253174,360
1.742760181427002,360
1.7545385360717773,360
1.765906572341919,360
1.7775263786315918,360
1.7910120487213135,360
1.8027663230895996,360
1.8137261867523193,360
1.8254778385162354,360
1.8379757404327393,360
1.850708246231079,360
1.862382173538208,360
1.8737382888793945,360
1.8859364986419678,360
1.8978221416473389,360
1.9105145931243896,360
1.9219272136688232,360
1.9347987174987793,360
1.946394681930542,360
1.9578444957733154,360
1.970536470413208,360
1.9819564819335938,360
1.9948203563690186,360
2.0065765380859375,360
2.0187652111053467,360
2.03131365776062,360
2.0435962677001953,360
2.0551443099975586,360
2.0668725967407227,360
2.0793776512145996,360
2.091806411743164,360
2.1034297943115234,360
2.1197705268859863,360
2.1314857006073,360
2.1444761753082275,360
2.1556434631347656,360
2.1674976348876953,360
2.180971622467041,360
2.1965982913970947,360
2.2098662853240967,360
2.221846580505371,360
2.2335398197174072,360
2.24558424949646,360
2.2571582794189453,360
2.2706565856933594,360
2.2819478511810303,360
2.2945075035095215,360
2.3055784702301025,360
2.3171346187591553,360
2.3299167156219482,360
2.342985153198242,360
2.354618787765503,360
2.3658692836761475,360
2.3775217533111572,360
2.3904612064361572,360
2.4028079509735107,360
2.4147086143493652,360
2.4264168739318848,360
2.4379005432128906,360
2.4513802528381348,360
2.463179349899292,360
2.4746437072753906,360
2.4858474731445312,360
2.49863338470459,360
2.5140175819396973,360
2.5258915424346924,360
2.5383689403533936,360
2.5515265464782715,360
2.5629348754882812,360
2.574680805206299,360
2.586632490158081,360
2.6002931594848633,360
2.611894369125366,360
2.6236624717712402,360
2.6353776454925537,360
2.6478638648986816,360
2.660562753677368,360
2.6719372272491455,360
2.6835885047912598,360
2.6950998306274414,360
2.707584857940674,360
2.7204067707061768,360
2.7323787212371826,360
2.7436563968658447,360
2.7557458877563477,360
2.767580032348633,360
2.7803540229797363,360
2.7919058799743652,360
2.8047003746032715,360
2.8160388469696045,360
2.8279523849487305,360
2.8407163619995117,360
2.8534491062164307,360
2.865028142929077,360
2.8767430782318115,360
2.8897082805633545,360
2.9013583660125732,360
2.9179699420928955,360
2.93091082572937,360
2.942800760269165,360
2.955601930618286,360
2.9671761989593506,360
2.979912519454956,360
2.991957902908325,360
3.0047478675842285,360
