0.0057446956634521484,0
0.01156473159790039,0
0.016691923141479492,1
0.022150278091430664,2
0.026684045791625977,3
0.032109737396240234,4
0.036696672439575195,6
0.04217886924743652,7
0.04672360420227051,10
0.05218505859375,12
0.05669903755187988,15
0.062005043029785156,17
0.06737065315246582,20
0.07297801971435547,22
0.0771780014038086,26
0.0827634334564209,29
0.08698916435241699,33
0.09224820137023926,36
0.09680795669555664,40
0.10221409797668457,43
0.10675787925720215,47
0.11201214790344238,50
0.11728858947753906,55
0.12291121482849121,58
0.12711572647094727,63
0.13281011581420898,66
0.13707780838012695,71
0.142622709274292,74
0.14692163467407227,79
0.15217304229736328,82
0.15671706199645996,88
0.1622023582458496,91
0.16739320755004883,96
0.17305397987365723,100
0.17726516723632812,105
0.1830611228942871,108
0.1872711181640625,114
0.1928997039794922,117
0.19708991050720215,123
0.20274949073791504,126
0.20697259902954102,132
0.21220040321350098,136
0.21672868728637695,141
0.22326922416687012,144
0.22750210762023926,150
0.2330918312072754,154
0.23730731010437012,159
0.24295306205749512,163
0.24714922904968262,168
0.2526273727416992,172
0.25692176818847656,178
0.26224613189697266,181
0.266798734664917,187
0.27306652069091797,191
0.2772841453552246,196
0.2837071418762207,200
0.28826022148132324,206
0.2936406135559082,209
0.2981739044189453,217
0.3061037063598633,222
0.3119165897369385,228
0.31627631187438965,233
0.32286643981933594,237
0.3271043300628662,242
0.33276844024658203,246
0.3370652198791504,251
0.3429274559020996,254
0.34718942642211914,259
0.3528740406036377,262
0.35712766647338867,269
0.36598777770996094,275
0.37285876274108887,278
0.3771078586578369,283
0.38304591178894043,286
0.3873305320739746,290
0.3931300640106201,292
0.3973822593688965,296
0.40326619148254395,299
0.4075202941894531,303
0.4132668972015381,305
0.4175245761871338,309
0.42393922805786133,312
0.42871665954589844,314
0.43389129638671875,318
0.4388601779937744,320
0.4439697265625,323
0.4487624168395996,324
0.45387744903564453,327
0.4588165283203125,329
0.46399998664855957,332
0.4688291549682617,334
0.47509098052978516,336
0.4806368350982666,338
0.48502540588378906,339
0.49038243293762207,341
0.4949774742126465,342
0.5003049373626709,344
0.5049149990081787,345
0.5103325843811035,346
0.5148983001708984,347
0.520376443862915,349
0.5257601737976074,350
0.5313231945037842,351
0.5356357097625732,352
0.5412008762359619,352
0.5455386638641357,353
0.551095724105835,354
0.5554533004760742,354
0.5610518455505371,355
0.5653786659240723,356
0.5710694789886475,356
0.5761709213256836,357
0.5818808078765869,357
0.586190938949585,358
0.5917088985443115,358
0.5959949493408203,358
0.6015546321868896,358
0.6058502197265625,358
0.6114487648010254,358
0.6157560348510742,359
0.621335506439209,359
0.6267268657684326,359
0.6320211887359619,359
0.6363284587860107,359
0.6420493125915527,359
0.6463432312011719,359
0.6518604755401611,359
0.6561563014984131,359
0.6616928577423096,359
0.665982723236084,359
0.6715290546417236,359
0.6769084930419922,359
0.6821677684783936,359
0.6867368221282959,359
0.692040205001831,359
0.6963284015655518,359
0.7020645141601562,359
0.7063455581665039,359
0.7118573188781738,359
0.7161276340484619,359
0.7216622829437256,359
0.7270033359527588,359
0.732276439666748,359
0.7368628978729248,359
0.7421560287475586,359
0.7467217445373535,359
0.7520201206207275,359
0.756321907043457,359
0.7657108306884766,359
0.7714529037475586,359
0.7768192291259766,359
0.7822525501251221,359
0.7868385314941406,359
0.7922499179840088,359
0.7968404293060303,359
0.8020555973052979,359
0.8063604831695557,359
0.8119368553161621,359
0.8162307739257812,359
0.8219854831695557,359
0.8273117542266846,359
0.8331398963928223,359
0.83736252784729,359
0.8429982662200928,359
0.8471755981445312,359
0.8528289794921875,359
0.8570749759674072,359
0.8627212047576904,359
0.866959810256958,359
0.8722295761108398,359
0.8767917156219482,359
0.8833584785461426,359
0.8875751495361328,359
0.8931727409362793,359
0.8974251747131348,359
0.9030227661132812,359
0.9072494506835938,359
0.912883996963501,359
0.917109489440918,359
0.9227676391601562,359
0.927039623260498,359
0.9333806037902832,359
0.9375994205474854,359
0.9433670043945312,359
0.9475836753845215,359
0.9532108306884766,359
0.9574458599090576,359
0.9632630348205566,359
0.9674887657165527,359
0.9731061458587646,359
0.97731614112854,359
0.9835479259490967,359
0.9880492687225342,359
0.9933676719665527,359
0.9975900650024414,359
1.0033564567565918,359
1.007570505142212,359
1.0132732391357422,359
1.0174891948699951,359
1.0231082439422607,359
1.0273404121398926,359
1.033721923828125,359
1.0382463932037354,359
1.0435583591461182,359
1.0480427742004395,359
1.0533688068389893,359
1.0575532913208008,359
1.0633621215820312,359
1.0675609111785889,359
1.073171854019165,359
1.0774078369140625,359
1.0837562084197998,359
1.088646411895752,359
1.0937128067016602,359
1.0982105731964111,359
1.1034908294677734,359
1.1080307960510254,359
1.1133546829223633,359
1.1175627708435059,359
1.123361587524414,359
1.127556324005127,359
1.1339383125305176,359
1.1386632919311523,359
1.1437437534332275,359
1.148247241973877,359
1.153515338897705,359
1.1580140590667725,359
1.1670000553131104,359
1.1727020740509033,359
1.1769304275512695,359
1.1835973262786865,359
1.1883344650268555,359
1.1936719417572021,359
1.1981937885284424,359
1.2035129070281982,359
1.207942247390747,359
1.2133407592773438,359
1.217560052871704,359
1.2233309745788574,359
1.2275424003601074,359
1.2339138984680176,359
1.2388432025909424,359
1.2438938617706299,359
1.248375415802002,359
1.253652572631836,359
1.2581381797790527,359
1.2634871006011963,359
1.2678849697113037,359
1.2733242511749268,359
1.2775421142578125,359
1.299060583114624,359
1.3089356422424316,359
1.3203225135803223,359
1.3359768390655518,359
1.353151559829712,359
1.3640470504760742,359
1.3869898319244385,359
1.3933639526367188,359
1.3975660800933838,359
1.4033749103546143,359
1.4075770378112793,359
1.4133679866790771,359
1.417558193206787,359
1.423372507095337,359
1.4275703430175781,359
1.4331743717193604,359
1.4386842250823975,359
1.4437484741210938,359
1.4482557773590088,359
1.4536287784576416,359
1.4582428932189941,359
1.463526725769043,359
1.467935562133789,359
1.4733760356903076,359
1.4775753021240234,359
1.4833712577819824,359
1.4888818264007568,359
1.4939358234405518,359
1.4986286163330078,359
1.5037176609039307,359
1.508232831954956,359
1.5135231018066406,359
1.5180540084838867,359
1.5233728885650635,359
1.5275754928588867,359
1.5332221984863281,359
1.538867473602295,359
1.5439300537109375,359
1.5486457347869873,359
1.5537307262420654,359
1.5582458972930908,359
1.5670702457427979,359
1.5728189945220947,359
1.5770812034606934,359
1.5828378200531006,359
1.5870585441589355,359
1.5934863090515137,359
1.5981647968292236,359
1.6034953594207764,359
1.6082096099853516,359
1.6135661602020264,359
1.6180689334869385,359
1.6233844757080078,359
1.627582311630249,359
1.6331851482391357,359
1.637401819229126,359
1.6435749530792236,359
1.6480720043182373,359
1.6533818244934082,359
1.6575641632080078,359
1.6633529663085938,359
1.667553424835205,359
1.6731557846069336,359
1.6773688793182373,359
1.682990550994873,359
1.687206745147705,359
1.6934821605682373,359
1.6978721618652344,359
1.7033345699310303,359
1.7075238227844238,359
1.7131247520446777,359
1.7173349857330322,359
1.723109245300293,359
1.727318286895752,359
1.7329564094543457,359
1.7371852397918701,359
1.743581771850586,359
1.748072862625122,359
1.7533915042877197,359
1.7576069831848145,359
1.7631862163543701,359
1.7674546241760254,359
1.77308988571167,359
1.7773003578186035,359
1.7831172943115234,359
1.7873342037200928,359
1.7937240600585938,359
1.7982659339904785,359
1.8035671710968018,359
1.8080525398254395,359
1.813382863998413,359
1.8175835609436035,359
1.8231627941131592,359
1.8273811340332031,359
1.8330631256103516,359
1.8373003005981445,359
1.8438403606414795,359
1.8483455181121826,359
1.8536458015441895,359
1.861870527267456,359
1.8661963939666748,359
1.8760521411895752,359
1.8815665245056152,359
1.8858158588409424,359
1.8914053440093994,359
1.8967609405517578,359
1.9022235870361328,359
1.906796932220459,359
1.9154064655303955,359
1.920973777770996,359
1.9252631664276123,359
1.9307317733764648,359
1.9350686073303223,359
1.9406063556671143,359
1.9456961154937744,359
1.9512436389923096,359
1.9555492401123047,359
1.961261510848999,359
1.9703001976013184,359
1.9748682975769043,359
1.980332851409912,359
1.9848413467407227,359
1.9903712272644043,359
1.9956791400909424,359
2.0014214515686035,359
2.005747079849243,359
2.0113394260406494,359
2.015648126602173,359
2.02128529548645,359
2.025564670562744,359
2.031087875366211,359
2.035391092300415,359
2.040910482406616,359
2.045893907546997,359
2.051466941833496,359
2.055729866027832,359
2.0612587928771973,359
2.0655410289764404,359
2.0710461139678955,359
2.0753531455993652,359
2.081068754196167,359
2.0853521823883057,359
2.0909197330474854,359
2.095899820327759,359
2.1015543937683105,359
2.1058318614959717,359
2.111384630203247,359
2.1156938076019287,359
2.121159553527832,359
2.125476360321045,359
2.1311094760894775,359
2.1354141235351562,359
2.1411361694335938,359
2.145460844039917,359
2.1516895294189453,359
2.156001567840576,359
2.161508560180664,359
2.165797710418701,359
2.171386480331421,359
2.1756699085235596,359
2.181220293045044,359
2.185502529144287,359
2.191011667251587,359
2.195321798324585,359
2.201673984527588,359
2.2059459686279297,359
2.2114522457122803,359
2.2157702445983887,359
2.2212939262390137,359
2.225588798522949,359
2.2311105728149414,359
2.235440731048584,359
2.240952253341675,359
2.2452540397644043,359
2.251512289047241,359
2.2557852268218994,359
2.2615139484405518,359
2.265779495239258,359
2.2713825702667236,359
2.275695323944092,359
2.2818875312805176,359
2.286184549331665,359
2.291694402694702,359
2.295943021774292,359
2.3058879375457764,359
2.3116002082824707,359
2.315865993499756,359
2.3216404914855957,359
2.3259048461914062,359
2.3315913677215576,359
2.335861921310425,359
2.3414013385772705,359
2.3457064628601074,359
2.3519041538238525,359
2.3561787605285645,359
2.361703634262085,359
2.370748519897461,359
2.3751001358032227,359
2.3808765411376953,359
2.3851678371429443,359
2.3910067081451416,359
2.3953323364257812,359
2.4017202854156494,359
2.4060845375061035,359
2.4120066165924072,359
2.416292667388916,359
2.422839403152466,359
2.427042007446289,359
2.4327995777130127,359
2.437030792236328,359
2.442927837371826,359
2.4471147060394287,359
2.453507423400879,359
2.457932233810425,359
2.4633259773254395,359
2.4675488471984863,359
2.473133087158203,359
2.47733211517334,359
2.482980251312256,359
2.4871699810028076,359
2.4927241802215576,359
2.4969515800476074,359
2.5034561157226562,359
2.5079426765441895,359
2.5133399963378906,359
2.517592668533325,359
2.5233452320098877,359
2.5275819301605225,359
2.5332252979278564,359
2.5374646186828613,359
2.5430972576141357,359
2.547349691390991,359
2.5530102252960205,359
2.558623790740967,359
2.5637266635894775,359
2.5682616233825684,359
2.5735199451446533,359
2.5779261589050293,359
2.5833680629730225,359
2.587550163269043,359
2.5931856632232666,359
2.597416400909424,359
2.6030397415161133,359
2.6083390712738037,359
2.6136980056762695,359
2.6183536052703857,359
2.623722553253174,359
2.628213882446289,359
2.6335086822509766,359
2.637927293777466,359
2.6433372497558594,359
2.647566318511963,359
2.653318405151367,359
2.658823251724243,359
2.6638810634613037,359
2.6683547496795654,359
2.6737067699432373,359
2.678368091583252,359
2.6836812496185303,359
2.688164234161377,359
2.693488597869873,359
2.6978843212127686,359
2.7033724784851074,359
2.708954095840454,359
2.7139720916748047,359
2.718686819076538,359
2.7237722873687744,359
2.728283643722534,359
2.733555793762207,359
2.738239049911499,359
2.7435200214385986,359
2.747926950454712,359
2.7533328533172607,359
2.7588469982147217,359
2.763906955718994,359
2.7727391719818115,359
2.7769832611083984,359
2.782846450805664,359
2.787067413330078,359
2.792830467224121,359
2.797056198120117,359
2.8029839992523193,359
2.8082306385040283,359
2.8135485649108887,359
2.8180723190307617,359
2.823460102081299,359
2.827836513519287,359
2.8332974910736084,359
2.8374974727630615,359
2.843106269836426,359
2.847323417663574,359
2.852984666824341,359
2.858337163925171,359
2.8637523651123047,359
2.8682405948638916,359
2.873537302017212,359
2.8780429363250732,359
2.8833506107330322,359
2.887565851211548,359
2.8932082653045654,359
2.8974530696868896,359
2.9031319618225098,359
2.9073493480682373,359
2.9137749671936035,359
2.918668508529663,359
2.923754930496216,359
2.928255319595337,359
2.933535575866699,359
2.9380123615264893,359
2.9433505535125732,359
2.94756817817688,359
2.953230857849121,359
2.9574625492095947,359
2.9638051986694336,359
2.9683141708374023,359
2.9736168384552,359
2.978327512741089,359
2.9836227893829346,359
2.988224506378174,359
2.9935221672058105,359
2.998016119003296,359
