0.008573532104492188,0
0.013951778411865234,0
0.01840829849243164,0
0.024255752563476562,1
0.028728961944580078,2
0.0347590446472168,3
0.03919482231140137,5
0.04486870765686035,7
0.050362348556518555,9
0.05618453025817871,12
0.06059002876281738,14
0.06630563735961914,17
0.0706789493560791,19
0.07657933235168457,23
0.0809628963470459,27
0.08668231964111328,29
0.09151625633239746,33
0.09807324409484863,37
0.10352540016174316,42
0.10826396942138672,45
0.11373662948608398,49
0.11844110488891602,53
0.12414193153381348,57
0.12861108779907227,60
0.13455438613891602,65
0.13899731636047363,68
0.14478468894958496,73
0.1503138542175293,78
0.1562201976776123,83
0.16055011749267578,87
0.1662907600402832,92
0.1706676483154297,95
0.17643475532531738,101
0.18085670471191406,104
0.18661212921142578,109
0.19116997718811035,115
0.19675469398498535,118
0.20342659950256348,125
0.20808982849121094,129
0.21367311477661133,134
0.21848845481872559,138
0.22415733337402344,143
0.22860240936279297,147
0.23494935035705566,153
0.23938989639282227,158
0.2451639175415039,163
0.250699520111084,167
0.25651049613952637,173
0.2612159252166748,178
0.26690244674682617,182
0.27203965187072754,187
0.2773311138153076,193
0.28240156173706055,199
0.28768301010131836,202
0.2935469150543213,207
0.29831624031066895,211
0.30481648445129395,216
0.3093392848968506,221
0.31513428688049316,226
0.3196580410003662,229
0.3253903388977051,235
0.33016443252563477,238
0.33626508712768555,245
0.34550905227661133,250
0.35154247283935547,254
0.35706591606140137,257
0.3621652126312256,261
0.36742138862609863,265
0.372448205947876,269
0.3776895999908447,272
0.38358640670776367,276
0.3883686065673828,278
0.39428067207336426,282
0.3988492488861084,284
0.4053373336791992,289
0.41011762619018555,291
0.4156334400177002,294
0.42043232917785645,296
0.42624616622924805,299
0.4306819438934326,301
0.4365718364715576,303
0.441220760345459,306
0.4468827247619629,307
0.45345568656921387,311
0.458249568939209,312
0.46414661407470703,314
0.4686851501464844,315
0.47444963455200195,317
0.47899699211120605,319
0.4847750663757324,321
0.4892854690551758,323
0.4950249195098877,324
0.49953126907348633,325
0.5062699317932129,327
0.510685920715332,328
0.5166566371917725,329
0.5212695598602295,331
0.5269196033477783,331
0.5316958427429199,333
0.5372724533081055,334
0.5422384738922119,335
0.5474908351898193,335
0.5542292594909668,337
0.5587761402130127,337
0.5645570755004883,338
0.5690634250640869,339
0.5749528408050537,339
0.5794854164123535,340
0.5852560997009277,341
0.5897214412689209,341
0.5959422588348389,342
0.600471019744873,343
0.6069884300231934,343
0.6123580932617188,344
0.6175997257232666,344
0.623070240020752,345
0.6281759738922119,345
0.6339731216430664,346
0.6385188102722168,346
0.6442468166351318,347
0.648749828338623,347
0.6544680595397949,347
0.6597187519073486,347
0.6653757095336914,348
0.6701416969299316,348
0.6756291389465332,349
0.6804146766662598,349
0.6862225532531738,349
0.6906542778015137,349
0.6965601444244385,349
0.7011730670928955,350
0.7076611518859863,350
0.7134261131286621,350
0.7181210517883301,350
0.7239704132080078,351
0.7285313606262207,351
0.7342510223388672,351
0.7424867153167725,351
0.7477107048034668,351
0.7539746761322021,352
0.7592527866363525,352
0.765160322189331,352
0.7696073055267334,352
0.7754249572753906,352
0.7802231311798096,353
0.7860584259033203,353
0.7905311584472656,353
0.7962794303894043,353
0.8006677627563477,353
0.8064806461334229,353
0.812401533126831,353
0.8176264762878418,353
0.8230624198913574,353
0.8280863761901855,353
0.8335626125335693,353
0.8382956981658936,353
0.8440005779266357,353
0.8485074043273926,353
0.8544483184814453,353
0.8597033023834229,353
0.8654177188873291,353
0.8701639175415039,353
0.8761894702911377,354
0.8806211948394775,354
0.8865044116973877,354
0.8909115791320801,354
0.896709680557251,354
0.9013903141021729,354
0.906970739364624,354
0.9135205745697021,354
0.9182791709899902,354
0.9239835739135742,354
0.9284987449645996,354
0.9343771934509277,354
0.9389581680297852,354
0.9447469711303711,354
0.9492111206054688,354
0.955012321472168,354
0.9605343341827393,354
0.9663057327270508,355
0.9708085060119629,355
0.9765958786010742,355
0.9814310073852539,355
0.9869384765625,355
0.9920055866241455,355
0.997229814529419,355
1.0021600723266602,355
1.007399320602417,355
1.0141971111297607,355
1.0186748504638672,355
1.0243918895721436,355
1.0289020538330078,355
1.0347187519073486,355
1.0391685962677002,355
1.044863224029541,355
1.0493152141571045,355
1.0551536083221436,355
1.0596017837524414,355
1.066436767578125,355
1.0708410739898682,355
1.0765855312347412,355
1.0811913013458252,355
1.0868055820465088,355
1.0914654731750488,355
1.0969903469085693,355
1.1016550064086914,355
1.1070985794067383,355
1.1136882305145264,355
1.1184966564178467,355
1.1241929531097412,355
1.1286935806274414,355
1.134392499923706,355
1.1388702392578125,355
1.148209571838379,355
1.153993844985962,355
1.1585204601287842,355
1.1650190353393555,355
1.1694591045379639,355
1.1753885746002197,355
1.1800806522369385,355
1.185471534729004,355
1.1902225017547607,355
1.195648193359375,355
1.2004058361053467,355
1.2061967849731445,355
1.210547685623169,355
1.2170631885528564,355
1.221735954284668,355
1.227151870727539,355
1.2336444854736328,355
1.2384092807769775,355
1.2442827224731445,355
1.2487788200378418,355
1.26222562789917,355
1.2770192623138428,355
1.2853970527648926,355
1.3001153469085693,355
1.3107986450195312,355
1.3194420337677002,355
1.3294785022735596,355
1.3435678482055664,355
1.354163646697998,355
1.36417555809021,355
1.3744397163391113,355
1.3865272998809814,355
1.394124984741211,355
1.3985936641693115,355
1.404292345046997,355
1.4088177680969238,355
1.414750337600708,355
1.4191932678222656,355
1.4248566627502441,355
1.4292833805084229,355
1.4412856101989746,355
1.4496846199035645,355
1.4594752788543701,355
1.4663269519805908,355
1.4715046882629395,355
1.4770324230194092,355
1.4816832542419434,355
1.4871807098388672,355
1.4936721324920654,355
1.4984169006347656,355
1.5042848587036133,355
1.5087742805480957,355
1.5145442485809326,355
1.5190043449401855,355
1.52475905418396,355
1.5292396545410156,355
1.535078763961792,355
1.539536476135254,355
1.5494794845581055,355
1.5553052425384521,355
1.560046672821045,355
1.5656204223632812,355
1.5703504085540771,355
1.5761802196502686,355
1.5805718898773193,355
1.5863139629364014,355
1.5907397270202637,355
1.5973904132843018,355
1.602306604385376,355
1.6075384616851807,355
1.612522840499878,355
1.617680311203003,355
1.6234474182128906,355
1.6281085014343262,355
1.6340065002441406,355
1.6385033130645752,355
1.6448843479156494,355
1.6493754386901855,355
1.656968116760254,355
1.6620244979858398,355
1.6672585010528564,355
1.672302484512329,355
1.6775765419006348,355
1.6836235523223877,355
1.68833327293396,355
1.6940181255340576,355
1.6992864608764648,355
1.7049672603607178,355
1.7094011306762695,355
1.715291976928711,355
1.7197315692901611,355
1.725381851196289,355
1.7300894260406494,355
1.7355079650878906,355
1.740260124206543,355
1.7468311786651611,355
1.751532793045044,355
1.757028341293335,355
1.762096881866455,355
1.7672903537750244,355
1.7723875045776367,355
1.7776267528533936,355
1.7833938598632812,355
1.7880938053131104,355
1.793565034866333,355
1.7990357875823975,355
1.8047924041748047,355
1.8092355728149414,355
1.8149876594543457,355
1.8194351196289062,355
1.8251574039459229,355
1.829599380493164,355
1.8354771137237549,355
1.8402094841003418,355
1.8456542491912842,355
1.85150146484375,355
1.856978178024292,355
1.8616540431976318,355
1.8671026229858398,355
1.8719632625579834,355
1.8772218227386475,355
1.8821284770965576,355
1.8873462677001953,355
1.8924784660339355,355
1.8987529277801514,355
1.9045708179473877,355
1.9090235233306885,355
1.9147758483886719,355
1.9192259311676025,355
1.9249155521392822,355
1.9293725490570068,355
1.9350709915161133,355
1.9395427703857422,355
1.9495608806610107,355
1.9555308818817139,355
1.9602899551391602,355
1.9661734104156494,355
1.9705538749694824,355
1.9764187335968018,355
1.9808194637298584,355
1.9865398406982422,355
1.9909260272979736,355
1.9967350959777832,355
2.0024919509887695,355
2.0076792240142822,355
2.016860008239746,355
2.0216994285583496,355
2.0271735191345215,355
2.0320944786071777,355
2.0372724533081055,355
2.0422239303588867,355
2.047464370727539,355
2.0542895793914795,355
2.058783531188965,355
2.064521074295044,355
2.0690011978149414,355
2.074859380722046,355
2.0793116092681885,355
2.0849950313568115,355
2.089449167251587,355
2.0951688289642334,355
2.099597930908203,355
2.1064136028289795,355
2.110809326171875,355
2.1165361404418945,355
2.12091064453125,355
2.1266674995422363,355
2.1314616203308105,355
2.1369431018829346,355
2.1415929794311523,355
2.14709210395813,355
2.1539740562438965,355
2.158463954925537,355
2.1641268730163574,355
2.168581247329712,355
2.1742541790008545,355
2.178704023361206,355
2.184407949447632,355
2.188892364501953,355
2.194795608520508,355
2.1992578506469727,355
2.2055912017822266,355
2.2103333473205566,355
2.216066837310791,355
2.2204933166503906,355
2.2262027263641357,355
2.230565309524536,355
2.2369942665100098,355
2.2416586875915527,355
2.2471015453338623,355
2.252164125442505,355
2.259243965148926,355
2.2650320529937744,355
2.2694671154022217,355
2.275230884552002,355
2.2796778678894043,355
2.2856318950653076,355
2.2903566360473633,355
2.296326160430908,355
2.3006954193115234,355
2.3072762489318848,355
2.3123607635498047,355
2.3176381587982178,355
2.323054552078247,355
2.328082323074341,355
2.3335437774658203,355
2.338247060775757,355
2.347240686416626,355
2.3523316383361816,355
2.3586437702178955,355
2.364537000656128,355
2.369002342224121,355
2.375016689300537,355
2.379453420639038,355
2.385232448577881,355
2.3896684646606445,355
2.395329236984253,355
2.4000086784362793,355
2.405496120452881,355
2.4114058017730713,355
2.4169163703918457,355
2.421566963195801,355
2.427013397216797,355
2.432044267654419,355
2.437260150909424,355
2.4421424865722656,355
2.447345495223999,355
2.452270746231079,355
2.458672046661377,355
2.4643781185150146,355
2.4688799381256104,355
2.4746007919311523,355
2.4790515899658203,355
2.484757900238037,355
2.4892187118530273,355
2.4950692653656006,355
2.49949312210083,355
2.505223512649536,355
2.5107057094573975,355
2.5165016651153564,355
2.5208916664123535,355
2.526639223098755,355
2.5312397480010986,355
2.536836624145508,355
2.541651487350464,355
2.5470833778381348,355
2.5521063804626465,355
2.55728816986084,355
2.5640010833740234,355
2.568486213684082,355
2.574131965637207,355
2.578566551208496,355
2.5842933654785156,355
2.588789224624634,355
2.5944812297821045,355
2.598971128463745,355
2.6046648025512695,355
2.610123872756958,355
2.616072416305542,355
2.6204421520233154,355
2.626178741455078,355
2.630552291870117,355
2.636319160461426,355
2.6406760215759277,355
2.646500587463379,355
2.6508948802948,355
2.6566286087036133,355
2.6622958183288574,355
2.667560338973999,355
2.6735074520111084,355
2.678166389465332,355
2.683600902557373,355
2.6883435249328613,355
2.6940746307373047,355
2.6985528469085693,355
2.7042479515075684,355
2.708714008331299,355
2.7151572704315186,355
2.7195959091186523,355
2.7253355979919434,355
2.730046510696411,355
2.7356228828430176,355
2.7403597831726074,355
2.7495248317718506,355
2.7553720474243164,355
2.760091781616211,355
2.766653060913086,355
2.7714500427246094,355
2.7769789695739746,355
2.7816529273986816,355
2.787156820297241,355
2.7922275066375732,355
2.797414541244507,355
2.8025195598602295,355
2.807715892791748,355
2.8144962787628174,355
2.8189823627471924,355
2.8246734142303467,355
2.8291141986846924,355
2.8348007202148438,355
2.839247226715088,355
2.8449573516845703,355
2.849418878555298,355
2.8552634716033936,355
2.8597159385681152,355
2.866389513015747,355
2.870786190032959,355
2.8765769004821777,355
2.8811862468719482,355
2.886796236038208,355
2.8914623260498047,355
2.8969380855560303,355
2.901594638824463,355
2.9070749282836914,355
2.912161350250244,355
2.9185099601745605,355
2.924182653427124,355
2.9286506175994873,355
2.934584140777588,355
2.9390780925750732,355
2.9448118209838867,355
2.9492809772491455,355
2.9549500942230225,355
2.959399461746216,355
2.966283082962036,355
2.9706616401672363,355
2.9766335487365723,355
2.9812192916870117,355
2.986788034439087,355
2.9914350509643555,355
2.9969232082366943,355
3.0016086101531982,355
