0.008480310440063477,0
0.012500286102294922,0
0.024544239044189453,2
0.03827214241027832,5
0.04984927177429199,9
0.061052799224853516,15
0.07251167297363281,21
0.08519601821899414,30
0.09775519371032715,38
0.10905718803405762,47
0.1205291748046875,55
0.1327071189880371,64
0.1444079875946045,74
0.15708231925964355,86
0.1687006950378418,94
0.1801140308380127,105
0.1923534870147705,115
0.2037966251373291,126
0.21509051322937012,137
0.22794508934020996,148
0.24016761779785156,159
0.25179004669189453,170
0.2629537582397461,181
0.2752082347869873,192
0.29248523712158203,207
0.3038196563720703,218
0.315748929977417,229
0.32822370529174805,241
0.34600067138671875,258
0.36828064918518066,275
0.3873434066772461,291
0.40784192085266113,304
0.425701379776001,316
0.44118237495422363,325
0.46398162841796875,335
0.4820525646209717,341
0.5011579990386963,348
0.5204446315765381,352
0.5323247909545898,354
0.5439639091491699,356
0.5603194236755371,357
0.5801939964294434,358
0.5946176052093506,358
0.6079094409942627,358
0.6192550659179688,358
0.6320614814758301,357
0.6431360244750977,357
0.6549379825592041,356
0.6674015522003174,355
0.6798596382141113,355
0.6909630298614502,354
0.7025833129882812,353
0.7145349979400635,352
0.7284729480743408,351
0.7400574684143066,350
0.7514100074768066,349
0.7683496475219727,348
0.7806806564331055,347
0.7920973300933838,346
0.803123950958252,345
0.8149204254150391,344
0.8285233974456787,343
0.8402833938598633,342
0.8520476818084717,341
0.8630104064941406,341
0.8744654655456543,340
0.888221263885498,339
0.8993265628814697,338
0.9109854698181152,337
0.9226126670837402,337
0.934598445892334,336
0.9477179050445557,335
0.9591925144195557,334
0.9705736637115479,333
0.9827229976654053,333
0.9944503307342529,332
1.0076611042022705,331
1.019021987915039,331
1.0311861038208008,330
1.0428040027618408,329
1.0544953346252441,328
1.0661380290985107,327
1.0802299976348877,327
1.091996431350708,326
1.1031017303466797,325
1.1146502494812012,325
1.1277110576629639,324
1.1404812335968018,323
1.1521904468536377,323
1.1684257984161377,322
1.181190013885498,321
1.1931490898132324,321
1.2046267986297607,320
1.2173418998718262,319
1.228945255279541,319
1.2420506477355957,318
1.253758192062378,317
1.265183687210083,317
1.2782325744628906,316
1.2905540466308594,315
1.3021209239959717,315
1.3140780925750732,314
1.3257887363433838,313
1.3388473987579346,313
1.3502309322357178,312
1.3620598316192627,311
1.3733861446380615,311
1.3861761093139648,310
1.3984465599060059,309
1.410137414932251,309
1.4220638275146484,308
1.4342918395996094,307
1.446744680404663,307
1.4583327770233154,306
1.4699442386627197,305
1.4817674160003662,305
1.4942126274108887,304
1.5071496963500977,303
1.5185859203338623,303
1.530409812927246,302
1.5426268577575684,302
1.5544114112854004,301
1.570584774017334,300
1.582106113433838,299
1.594527244567871,299
1.607757568359375,298
1.6191425323486328,298
1.6307356357574463,297
1.642937421798706,297
1.6544671058654785,296
1.6673474311828613,295
1.6787819862365723,295
1.6911048889160156,294
1.702514410018921,294
1.7141001224517822,293
1.7261805534362793,293
1.7383573055267334,292
1.7506301403045654,291
1.7621409893035889,291
1.7733395099639893,290
1.7850961685180664,289
1.7983615398406982,289
1.8102161884307861,288
1.8219938278198242,288
1.8329517841339111,287
1.8458411693572998,287
1.8579411506652832,286
1.8691434860229492,285
1.8806860446929932,285
1.893157958984375,284
1.9052979946136475,284
1.9178626537322998,283
1.9297194480895996,283
1.9409711360931396,282
1.9529526233673096,281
1.9691035747528076,281
1.9806971549987793,280
1.9922783374786377,280
2.0046074390411377,279
2.0177175998687744,278
2.0293068885803223,278
2.0407216548919678,277
2.052851676940918,277
2.0645432472229004,276
2.0772387981414795,275
2.0887274742126465,275
2.100679397583008,274
2.112140417098999,274
2.123281955718994,273
2.134646415710449,273
2.1477720737457275,272
2.1601338386535645,272
2.171398162841797,271
2.1829464435577393,271
2.194460868835449,270
2.20807147026062,269
2.2193150520324707,269
2.2310593128204346,269
2.2427849769592285,268
2.255279064178467,267
2.2687041759490967,267
2.280452251434326,266
2.2927048206329346,266
2.305777072906494,265
2.3179640769958496,265
2.329760789871216,264
2.3411271572113037,263
2.353311538696289,263
2.3698160648345947,262
2.381279468536377,261
2.3930811882019043,261
2.406207799911499,260
2.4184372425079346,260
2.4302408695220947,259
2.442047119140625,259
2.4545280933380127,258
2.467264175415039,257
2.478642702102661,257
2.4900200366973877,257
2.501230001449585,256
2.5139904022216797,255
2.525327682495117,255
2.5381722450256348,255
2.5500404834747314,254
2.5623583793640137,253
2.60805606842041,251
2.637697219848633,250
2.6541616916656494,249
2.6681768894195557,249
2.6797380447387695,248
2.691051483154297,247
2.7025387287139893,247
2.714646816253662,247
2.7273404598236084,246
2.7390894889831543,245
2.750614643096924,245
2.7627952098846436,245
2.7791619300842285,244
2.7905986309051514,243
2.802124261856079,243
2.8145384788513184,243
2.827263116836548,242
2.8386898040771484,242
2.8501148223876953,241
2.862349033355713,241
2.874152898788452,240
2.888293504714966,240
2.8997859954833984,239
2.9120121002197266,239
2.923144817352295,238
2.934924364089966,238
2.9477362632751465,237
2.959287405014038,237
2.971902370452881,236
2.9829745292663574,236
2.9948551654815674,235
3.007333517074585,235
