0.02117300033569336,0
0.025153160095214844,0
0.03694415092468262,1
0.05073046684265137,5
0.06222105026245117,9
0.07497620582580566,15
0.08588218688964844,22
0.09831953048706055,30
0.11089801788330078,38
0.12334060668945312,47
0.13507294654846191,56
0.1462574005126953,66
0.1576063632965088,76
0.1714482307434082,86
0.18302369117736816,96
0.19487929344177246,106
0.20589447021484375,117
0.21737980842590332,130
0.2315669059753418,139
0.24303817749023438,150
0.2550234794616699,161
0.26633310317993164,172
0.28027820587158203,185
0.2920243740081787,196
0.30358314514160156,205
0.3152182102203369,217
0.3274955749511719,228
0.3440697193145752,245
0.35579490661621094,254
0.3673841953277588,266
0.3811459541320801,279
0.3923006057739258,290
0.4041614532470703,302
0.4158170223236084,311
0.42824268341064453,324
0.44111084938049316,335
0.45270323753356934,346
0.46419835090637207,356
0.4768683910369873,365
0.4888303279876709,374
0.5011355876922607,381
0.5127971172332764,387
0.5252301692962646,392
0.5370504856109619,396
0.5488073825836182,400
0.5612683296203613,401
0.572918176651001,402
0.585097074508667,401
0.5963690280914307,400
0.6080770492553711,398
0.6207807064056396,395
0.6334059238433838,392
0.6450746059417725,388
0.6562378406524658,384
0.667905330657959,380
0.6814584732055664,377
0.6929421424865723,373
0.7051527500152588,369
0.7168397903442383,366
0.7301666736602783,362
0.7453348636627197,359
0.7571079730987549,357
0.770317554473877,355
0.7832427024841309,353
0.7949817180633545,352
0.8062496185302734,351
0.8180727958679199,351
0.8316068649291992,351
0.8431227207183838,351
0.8549940586090088,351
0.8661599159240723,352
0.8776164054870605,352
0.8912642002105713,353
0.9029438495635986,354
0.9147093296051025,354
0.92586350440979,355
0.9386336803436279,356
0.9511394500732422,357
0.9627721309661865,358
0.9742307662963867,358
0.9867358207702637,358
0.9983487129211426,359
1.010909080505371,359
1.022111177444458,360
1.0341765880584717,360
1.0460491180419922,360
1.0575878620147705,360
1.0706665515899658,360
1.082214593887329,360
1.0951197147369385,360
1.1067028045654297,360
1.1183035373687744,360
1.1309142112731934,360
1.1467525959014893,360
1.1590814590454102,360
1.1714234352111816,360
1.18330717086792,360
1.1956140995025635,360
1.2071664333343506,360
1.220738172531128,360
1.2320737838745117,360
1.2443664073944092,360
1.2558469772338867,360
1.267338514328003,360
1.280076026916504,360
1.2921452522277832,360
1.303743600845337,360
1.3153116703033447,360
1.3268399238586426,360
1.3382670879364014,360
1.351961374282837,360
1.363628625869751,360
1.3750813007354736,360
1.3863003253936768,360
1.3989076614379883,360
1.4111714363098145,360
1.422269344329834,360
1.4340550899505615,360
1.4462666511535645,360
1.4578704833984375,360
1.4703304767608643,360
1.4821898937225342,360
1.4937405586242676,360
1.505836009979248,360
1.5173635482788086,360
1.5301334857940674,360
1.5416784286499023,360
1.5574491024017334,360
1.570899248123169,360
1.582160472869873,360
1.5936861038208008,360
1.605919599533081,360
1.617549180984497,360
1.6302716732025146,360
1.6418373584747314,360
1.6542596817016602,360
1.6659140586853027,360
1.6774559020996094,360
1.6901090145111084,360
1.7022511959075928,360
1.7139830589294434,360
1.7253823280334473,360
1.7370786666870117,360
1.7508456707000732,360
1.762070655822754,360
1.7735927104949951,360
1.7850401401519775,360
1.7962679862976074,360
1.8096587657928467,360
1.821312665939331,360
1.8330776691436768,360
1.8447885513305664,360
1.8570153713226318,360
1.8690333366394043,360
1.8812437057495117,360
1.892805814743042,360
1.9052410125732422,360
1.9169573783874512,360
1.928785800933838,360
1.9408941268920898,360
1.9566478729248047,360
1.9683735370635986,360
1.9808876514434814,360
1.9920551776885986,360
2.0047221183776855,360
2.0159106254577637,360
2.0276012420654297,360
2.0402588844299316,360
2.0520224571228027,360
2.064948320388794,360
2.0758981704711914,360
2.0875964164733887,360
2.1002728939056396,360
2.112260341644287,360
2.123832941055298,360
2.135526180267334,360
2.147541046142578,360
2.1611480712890625,360
2.1722283363342285,360
2.1837050914764404,360
2.1952502727508545,360
2.2080624103546143,360
2.221439838409424,360
2.2329721450805664,360
2.2515268325805664,360
2.268939256668091,360
2.287168025970459,360
2.3072781562805176,360
2.327099561691284,360
2.352895736694336,360
2.3708393573760986,360
2.3873112201690674,360
2.4086170196533203,360
2.4251885414123535,360
2.4426207542419434,360
2.4539642333984375,360
2.4653472900390625,360
2.482008695602417,360
2.5015761852264404,360
2.5156922340393066,360
2.5274317264556885,360
2.541053056716919,360
2.5523123741149902,360
2.563971996307373,360
2.5754282474517822,360
2.5881567001342773,360
2.60097599029541,360
2.612278699874878,360
2.6237189769744873,360
2.635964870452881,360
2.647472381591797,360
2.6606128215789795,360
2.6719353199005127,360
2.6834957599639893,360
2.6961145401000977,360
2.707585573196411,360
2.720271110534668,360
2.7320003509521484,360
2.7447729110717773,360
2.7609429359436035,360
2.7722933292388916,360
2.7839438915252686,360
2.7959043979644775,360
2.807565927505493,360
2.820305347442627,360
2.8320505619049072,360
2.8440802097320557,360
2.855665922164917,360
2.867345094680786,360
2.8800814151763916,360
2.8927175998687744,360
2.903923511505127,360
2.915461778640747,360
2.9271202087402344,360
2.93886661529541,360
2.952126979827881,360
2.9635772705078125,360
2.9750304222106934,360
2.9868083000183105,360
3.000108242034912,360
