0.009195566177368164,0
0.020339488983154297,1
0.02584052085876465,1
0.029932498931884766,2
0.03560209274291992,3
0.03973841667175293,4
0.045279502868652344,6
0.04936814308166504,8
0.0536036491394043,10
0.05851316452026367,12
0.06454944610595703,15
0.06861209869384766,17
0.07317185401916504,19
0.0780792236328125,21
0.08226847648620605,25
0.08755159378051758,28
0.09157824516296387,32
0.09714627265930176,34
0.10117936134338379,37
0.10630559921264648,41
0.1104121208190918,46
0.11649894714355469,49
0.12059450149536133,52
0.12592554092407227,55
0.13002538681030273,60
0.13532042503356934,63
0.1394791603088379,66
0.14452552795410156,71
0.14859700202941895,74
0.15331387519836426,78
0.1581401824951172,81
0.1623389720916748,86
0.1682426929473877,90
0.17274951934814453,95
0.1778581142425537,98
0.1818830966949463,104
0.18732929229736328,107
0.19135475158691406,112
0.19638514518737793,116
0.20047545433044434,120
0.2058868408203125,123
0.20997881889343262,128
0.21619415283203125,134
0.22032976150512695,138
0.22566556930541992,141
0.2297680377960205,145
0.23511123657226562,150
0.23928570747375488,154
0.24355316162109375,160
0.24843740463256836,164
0.2527925968170166,167
0.25795578956604004,171
0.2620093822479248,176
0.26830029487609863,182
0.2727632522583008,186
0.2779273986816406,189
0.2819700241088867,195
0.2875237464904785,199
0.2915465831756592,208
0.3113672733306885,225
0.32270383834838867,236
0.330646276473999,252
0.34671592712402344,265
0.36606478691101074,280
0.3764479160308838,289
0.38988447189331055,306
0.4058229923248291,316
0.4161198139190674,322
0.42133617401123047,328
0.42661261558532715,331
0.4306948184967041,358
0.46528172492980957,375
0.4766814708709717,390
0.4992635250091553,400
0.5053884983062744,402
0.5095345973968506,405
0.5148108005523682,408
0.5191795825958252,411
0.5252971649169922,413
0.5294127464294434,415
0.5344738960266113,416
0.5385825634002686,418
0.5431735515594482,418
0.5481288433074951,419
0.5523576736450195,419
0.5575954914093018,420
0.5616424083709717,419
0.5672345161437988,419
0.5720384120941162,418
0.5777082443237305,418
0.5817732810974121,416
0.5872387886047363,415
0.5912983417510986,413
0.5963845252990723,411
0.6005110740661621,410
0.6058528423309326,408
0.6099874973297119,405
0.6153357028961182,403
0.6194791793823242,400
0.6256380081176758,397
0.6297616958618164,395
0.635277271270752,391
0.6394040584564209,388
0.644500732421875,384
0.648613452911377,382
0.6531960964202881,379
0.6581225395202637,376
0.6623811721801758,372
0.6676294803619385,368
0.6727125644683838,364
0.6779599189758301,361
0.6819939613342285,356
0.6874539852142334,353
0.6914818286895752,348
0.6967365741729736,346
0.7007994651794434,343
0.706244707107544,340
0.7103192806243896,338
0.715656042098999,336
0.7197561264038086,333
0.72580885887146,332
0.7299144268035889,331
0.7352313995361328,329
0.7393639087677002,329
0.7435972690582275,328
0.7484939098358154,328
0.7532804012298584,328
0.7581803798675537,328
0.7674508094787598,330
0.7714948654174805,331
0.7776389122009277,332
0.7816827297210693,334
0.7872564792633057,336
0.7912898063659668,338
0.7964777946472168,340
0.8006100654602051,342
0.8059375286102295,344
0.8100376129150391,348
0.8155524730682373,350
0.8196747303009033,352
0.8259181976318359,356
0.8300414085388184,360
0.8353724479675293,363
0.8395590782165527,366
0.8446810245513916,369
0.8487510681152344,372
0.853302001953125,374
0.8581812381744385,375
0.8625063896179199,378
0.8677172660827637,379
0.8717715740203857,380
0.8781142234802246,381
0.8823397159576416,382
0.8876101970672607,382
0.8916611671447754,382
0.897172212600708,382
0.901238203048706,381
0.906303882598877,380
0.9104225635528564,379
0.917435884475708,378
0.9214918613433838,376
0.9277682304382324,374
0.9318397045135498,372
0.9374475479125977,370
0.9415075778961182,367
0.9467029571533203,365
0.9508101940155029,362
0.9563565254211426,360
0.9605205059051514,357
0.9658634662628174,354
0.9700236320495605,351
0.975316047668457,349
0.9802141189575195,347
0.9855632781982422,346
0.9897792339324951,344
0.9952497482299805,343
0.9993686676025391,342
1.0041332244873047,342
1.008486032485962,341
1.0127809047698975,341
1.01792311668396,342
1.0219776630401611,342
1.0280706882476807,343
1.0323495864868164,344
1.037614345550537,345
1.0416326522827148,347
1.0466747283935547,348
1.0507514476776123,351
1.0562915802001953,352
1.060368299484253,354
1.065690040588379,356
1.0697932243347168,359
1.0751276016235352,362
1.0800440311431885,366
1.0857508182525635,368
1.089878797531128,370
1.0952460765838623,373
1.0993638038635254,375
1.104123830795288,377
1.1085119247436523,378
1.1132574081420898,379
1.1182317733764648,379
1.1225988864898682,380
1.127756118774414,380
1.1331140995025635,380
1.1380293369293213,380
1.1420440673828125,379
1.1474871635437012,378
1.151552438735962,376
1.1566181182861328,375
1.1607162952423096,372
1.169752597808838,370
1.1753547191619873,368
1.1801846027374268,365
1.1857519149780273,363
1.1898725032806396,360
1.195371389389038,358
1.199472427368164,355
1.204589605331421,352
1.2086639404296875,350
1.213348627090454,348
1.2182731628417969,347
1.2225847244262695,345
1.2277531623840332,344
1.2332570552825928,343
1.2381713390350342,343
1.242485761642456,342
1.2476286888122559,342
1.251692771911621,343
1.2570314407348633,344
1.2610998153686523,344
1.266249418258667,346
1.2703378200531006,347
1.2756788730621338,348
1.2798306941986084,350
1.285949468612671,352
1.2900428771972656,354
1.2961623668670654,356
1.300262689590454,360
1.3056962490081787,362
1.3098313808441162,364
1.3151731491088867,367
1.3193213939666748,369
1.3244998455047607,371
1.328618049621582,372
1.3348193168640137,374
1.339184284210205,375
1.3441274166107178,376
1.3485081195831299,376
1.3532695770263672,376
1.3581421375274658,376
1.3624498844146729,375
1.367708683013916,375
1.3717472553253174,374
1.3772296905517578,373
1.3812785148620605,371
1.3874449729919434,370
1.3914852142333984,367
1.3966379165649414,366
1.400742530822754,364
1.4060702323913574,362
1.4101765155792236,359
1.415717363357544,357
1.4198544025421143,354
1.425177812576294,352
1.4293274879455566,350
1.435429573059082,348
1.4395639896392822,347
1.4446868896484375,346
1.448718547821045,345
1.4533019065856934,344
1.4581735134124756,344
1.462496042251587,344
1.467613935470581,344
1.471635341644287,345
1.4772160053253174,345
1.4812657833099365,346
1.487393856048584,348
1.4913873672485352,349
1.4964590072631836,351
1.500535011291504,352
1.5058870315551758,354
1.5099892616271973,356
1.5153191089630127,359
1.5194127559661865,361
1.5245397090911865,364
1.5286600589752197,366
1.5333757400512695,369
1.5393779277801514,371
1.5444667339324951,373
1.5485684871673584,374
1.5531668663024902,375
1.5581607818603516,376
1.5624797344207764,377
1.5707063674926758,377
1.5762593746185303,377
1.5803601741790771,376
1.586618423461914,376
1.5907423496246338,374
1.596388339996338,374
1.6005280017852783,372
1.6060824394226074,371
1.610192060470581,369
1.6155636310577393,367
1.619722843170166,365
1.6250734329223633,362
1.6292085647583008,360
1.633481740951538,357
1.6393909454345703,355
1.644514560699463,352
1.648665189743042,350
1.6533777713775635,349
1.658231496810913,347
1.6625475883483887,346
1.6677148342132568,345
1.6717476844787598,344
1.677633285522461,344
1.6816866397857666,344
1.6879117488861084,344
1.6920180320739746,344
1.6976079940795898,345
1.7016398906707764,346
1.707197904586792,347
1.7112503051757812,349
1.7164967060089111,351
1.7206013202667236,352
1.7259397506713867,354
1.730048418045044,357
1.7355420589447021,360
1.7403879165649414,362
1.7458138465881348,364
1.7499771118164062,366
1.7553088665008545,369
1.759416103363037,370
1.764526605606079,372
1.7686264514923096,373
1.7733397483825684,374
1.778306245803833,375
1.7826049327850342,375
1.7877752780914307,375
1.7931225299835205,375
1.798034906387329,374
1.8020458221435547,373
1.8075244426727295,372
1.8115880489349365,371
1.8166251182556152,370
1.8207237720489502,368
1.8260815143585205,367
1.830183506011963,364
1.8357107639312744,362
1.8405497074127197,359
1.8459501266479492,357
1.8500654697418213,354
1.8554141521453857,352
1.8595292568206787,351
1.8647866249084473,348
1.8687958717346191,348
1.8733441829681396,347
1.878190040588379,346
1.8863685131072998,345
1.89156174659729,345
1.8971879482269287,345
1.9012236595153809,346
1.9062559604644775,347
1.910365343093872,348
1.9157500267028809,349
1.919867992401123,350
1.9252095222473145,352
1.9294147491455078,354
1.9345407485961914,356
1.9386014938354492,358
1.9447746276855469,362
1.948807716369629,364
1.9535479545593262,367
1.958467960357666,368
1.962796688079834,372
1.9717702865600586,373
1.9773662090301514,374
1.981377363204956,375
1.9866394996643066,376
1.9907240867614746,376
1.9974193572998047,376
2.001451253890991,375
2.006507396697998,375
2.0105831623077393,374
2.0161635875701904,374
2.020268440246582,372
2.0256869792938232,371
2.029801607131958,366
2.045186996459961,356
2.0677456855773926,343
2.09572434425354,333
2.1086740493774414,332
2.125415086746216,332
2.1427676677703857,335
2.1581411361694336,338
2.1665892601013184,345
2.1785595417022705,350
2.1905574798583984,356
2.2046408653259277,363
2.2126870155334473,372
2.2257461547851562,380
2.236473798751831,383
2.2457494735717773,388
2.2576205730438232,389
2.2617180347442627,390
2.2671914100646973,390
2.271221876144409,390
2.276284694671631,390
2.2803750038146973,390
2.285714864730835,390
2.289842367172241,389
2.295952081680298,388
2.300821304321289,386
2.3062472343444824,385
2.3103458881378174,383
2.315859317779541,382
2.3199849128723145,379
2.325397491455078,377
2.329547643661499,375
2.3346364498138428,372
2.3387091159820557,370
2.343269109725952,368
2.3492014408111572,364
2.353537082672119,360
2.3584535121917725,357
2.3627991676330566,355
2.3718955516815186,349
2.3776047229766846,347
2.3816444873809814,345
2.3873558044433594,343
2.3914031982421875,342
2.3966221809387207,341
2.401808023452759,340
2.4072608947753906,339
2.4112958908081055,339
2.41636061668396,339
2.420442581176758,339
2.425849676132202,340
2.4299428462982178,340
2.4353814125061035,341
2.439483642578125,342
2.4445881843566895,344
2.4486403465270996,345
2.454803466796875,348
2.4588091373443604,349
2.4633214473724365,351
2.46818470954895,353
2.4724643230438232,356
2.4776129722595215,358
2.481628656387329,362
2.486703634262085,364
2.49082350730896,368
2.4963555335998535,370
2.5015015602111816,373
2.5066092014312744,374
2.510698080062866,376
2.516296625137329,377
2.520399332046509,378
2.5257725715637207,379
2.5299105644226074,379
2.535240888595581,380
2.539357900619507,380
2.543614387512207,379
2.5485048294067383,379
2.5548205375671387,378
2.559216022491455,377
2.5635006427764893,375
2.5683417320251465,374
2.572645902633667,372
2.577763795852661,371
2.5818428993225098,368
2.587284564971924,366
2.5913450717926025,364
2.5964481830596924,361
2.6005771160125732,358
2.606631278991699,356
2.610724925994873,352
2.616250514984131,350
2.6203179359436035,348
2.625692844390869,347
2.6298184394836426,346
2.6351499557495117,344
2.6392672061920166,343
2.644540786743164,342
2.6486167907714844,342
2.654771089553833,342
2.65879487991333,342
2.6633222103118896,342
2.668180465698242,342
2.6726303100585938,343
2.6777658462524414,344
2.681769371032715,345
2.687174081802368,346
2.691187858581543,348
2.696254014968872,350
2.7003228664398193,353
2.706298589706421,354
2.710367202758789,356
2.715690851211548,359
2.7198116779327393,361
2.7251336574554443,364
2.729315757751465,367
2.734522581100464,370
2.7385857105255127,372
2.7431793212890625,373
2.7481184005737305,375
2.7523350715637207,376
2.7581846714019775,377
2.7624762058258057,378
2.7676217555999756,379
2.7765989303588867,378
2.780705213546753,378
2.786210298538208,378
2.7903027534484863,377
2.7958984375,376
2.8000476360321045,374
2.8061177730560303,373
2.8102171421051025,370
2.8155670166015625,369
2.8196957111358643,367
2.8247649669647217,364
2.828798294067383,362
2.8333725929260254,360
2.83823561668396,358
2.842515230178833,354
2.8476736545562744,352
2.8517210483551025,350
2.858046531677246,348
2.8620505332946777,346
2.8675007820129395,345
2.8715438842773438,344
2.8766260147094727,343
2.880743980407715,343
2.8861048221588135,342
2.8901915550231934,342
2.8956258296966553,343
2.8997437953948975,343
2.905245780944824,344
2.910106658935547,346
2.915588855743408,347
2.9197139739990234,348
2.924819231033325,350
2.928828477859497,352
2.933351516723633,354
2.9381942749023438,356
2.9424827098846436,359
2.947625160217285,361
2.951658248901367,364
2.9578802585601807,367
2.961948871612549,370
2.9673736095428467,371
2.9713847637176514,373
2.9766201972961426,374
2.980727195739746,375
2.986050844192505,376
2.9901695251464844,377
2.9955244064331055,377
2.999666690826416,377
