0.005314350128173828,2,292
0.012457132339477539,4,265
0.019827842712402344,6,260
0.02550816535949707,7,239
0.03244781494140625,8,229
0.03804183006286621,10,224
0.044353485107421875,11,213
0.050919532775878906,12,208
0.056638479232788086,14,199
0.06297826766967773,15,190
0.07054853439331055,16,189
0.07615351676940918,17,186
0.08260893821716309,18,183
0.08820796012878418,19,178
0.09467744827270508,20,173
0.10122299194335938,21,170
0.10697579383850098,22,167
0.11334729194641113,23,167
0.12091612815856934,25,166
0.12661409378051758,26,164
0.13288164138793945,26,163
0.13846826553344727,28,160 
0.14505672454833984,28,160
0.15198469161987305,30,157
0.16439318656921387,32,157
0.17229509353637695,32,154
0.17794275283813477,34,153
0.18440461158752441,34,153
0.191117525100708,36,152
0.1968386173248291,36,150
0.20313596725463867,37,150
0.20952129364013672,38,150
0.21539020538330078,40,151
0.22290706634521484,40,150
0.22847604751586914,41,149
0.23477935791015625,42,149
0.24140715599060059,43,148
0.24712061882019043,44,148
0.2533993721008301,45,148
0.2600085735321045,46,147
0.26548337936401367,47,149
0.2732198238372803,48,149
0.2795836925506592,49,149
0.2852921485900879,50,149
0.29199790954589844,50,148
0.2973809242248535,51,147
0.30387353897094727,52,148
0.3104894161224365,53,147
0.3161013126373291,54,148
0.32323122024536133,56,149
0.33389878273010254,57,147
0.34045839309692383,58,147
0.3459470272064209,58,147
0.35248661041259766,59,146
0.358074426651001,60,145
0.3644118309020996,61,146
0.3720712661743164,62,146
0.3774261474609375,63,146
0.38395142555236816,64,145
0.39073753356933594,65,146
0.39638710021972656,66,146
0.4029057025909424,67,145
0.4084746837615967,68,145
0.4147491455078125,69,147
0.4223499298095703,70,146
0.4279491901397705,71,148
0.4361724853515625,72,148
0.44260454177856445,72,147
0.4481992721557617,74,147
0.45467209815979004,74,146
0.4612400531768799,76,146
0.4669616222381592,76,148
0.47423791885375977,77,148
0.4841303825378418,79,147
0.5023601055145264,82,146
0.5170156955718994,86,144
0.5424919128417969,88,146
0.5670020580291748,92,146
0.5874338150024414,96,145
0.6112186908721924,98,146
0.6343531608581543,101,147
0.6483955383300781,103,146
0.6639907360076904,106,145
0.6769726276397705,108,147
0.6930668354034424,110,146
0.7054932117462158,112,145
0.7190268039703369,114,146
0.7335302829742432,116,148
0.7498669624328613,118,145
0.7632532119750977,120,145
0.7784099578857422,122,147
0.7940428256988525,125,146
0.806673526763916,126,146
0.8210670948028564,129,146
0.836803674697876,132,146
0.8524785041809082,133,145
0.8659961223602295,135,145
0.8780100345611572,136,144
0.884530782699585,137,145
0.8912365436553955,138,145
0.896949291229248,139,144
0.9035050868988037,140,147
0.9101543426513672,141,146
0.9159820079803467,142,146
0.922783613204956,143,146
0.9301056861877441,144,145
0.9359760284423828,145,146
0.9426190853118896,146,147
0.9481995105743408,147,146
0.95450758934021,148,146
0.9669227600097656,150,147
0.9733569622039795,150,146
0.981024980545044,152,146
0.9867284297943115,152,147
0.9933304786682129,153,146
0.9999210834503174,154,147
1.005385160446167,155,146
