0.005383729934692383,-5,-587
0.01193094253540039,-7,-552
0.018663883209228516,-12,-543
0.025484085083007812,-16,-562
0.032025814056396484,-20,-585
0.03865170478820801,-24,-600
0.04441022872924805,-27,-612
0.05088210105895996,-31,-624
0.05755162239074707,-35,-639
0.06328511238098145,-39,-653
0.06985282897949219,-44,-669
0.07697725296020508,-48,-680
0.08267545700073242,-53,-687
0.08949494361877441,-57,-694
0.09484124183654785,-61,-699
0.10141658782958984,-66,-709
0.1081242561340332,-70,-715
0.11387968063354492,-76,-722
0.12045073509216309,-80,-725
0.12807035446166992,-84,-725
0.13373756408691406,-90,-731
0.14014577865600586,-93,-738
0.14575839042663574,-99,-740
0.15205955505371094,-104,-744
0.15863466262817383,-108,-746
0.16442012786865234,-113,-747
0.17096519470214844,-119,-754
0.17864203453063965,-123,-754
0.18441367149353027,-128,-752
0.19073748588562012,-132,-755
0.19738411903381348,-137,-756
0.2029252052307129,-142,-760
0.20967721939086914,-146,-759
0.21530866622924805,-150,-759
0.2216343879699707,-156,-760
0.2295835018157959,-161,-761
0.23494863510131836,-166,-766
0.24149513244628906,-170,-764
0.2482748031616211,-176,-761
0.25402069091796875,-181,-763
0.26035141944885254,-186,-762
0.2662999629974365,-190,-764
0.2722513675689697,-199,-763
0.2855799198150635,-206,-763
0.2921619415283203,-210,-767
0.2989201545715332,-215,-768
0.30464935302734375,-219,-765
0.31145238876342773,-224,-763
0.31804847717285156,-228,-765
0.32370924949645996,-234,-765
0.33085036277770996,-239,-769
0.3374812602996826,-244,-767
0.343214750289917,-248,-764
0.34995603561401367,-253,-767
0.35556578636169434,-259,-770
0.3618943691253662,-262,-767
0.36851048469543457,-268,-766
0.37425732612609863,-274,-768
0.381758451461792,-278,-768
0.3892836570739746,-284,-769
0.39473605155944824,-288,-772
0.40132975578308105,-293,-770
0.4080824851989746,-298,-768
0.41371965408325195,-304,-769
0.420119047164917,-307,-768
0.42570018768310547,-313,-768
0.4329209327697754,-318,-765
0.43967247009277344,-322,-767
0.44530630111694336,-327,-763
0.4516441822052002,-332,-764
0.45826172828674316,-336,-768
0.464008092880249,-342,-767
0.4704718589782715,-346,-764
0.4764401912689209,-351,-764
0.4837338924407959,-358,-767
0.49012231826782227,-360,-770
0.4957113265991211,-366,-765
0.5020380020141602,-371,-764
0.508784294128418,-376,-764
0.5145502090454102,-380,-767
0.5208837985992432,-385,-769
0.5275270938873291,-391,-767
0.5344111919403076,-396,-765
0.5407474040985107,-400,-763
0.5474154949188232,-405,-768
0.552910566329956,-410,-767
0.5596823692321777,-414,-765
0.5652830600738525,-419,-766
0.5716471672058105,-424,-767
0.5782744884490967,-430,-767
0.5847246646881104,-434,-767
0.5914523601531982,-439,-764
0.5980165004730225,-443,-766
0.6037163734436035,-450,-766
0.6101219654083252,-452,-767
0.6157302856445312,-459,-766
0.6220386028289795,-463,-764
0.6286594867706299,-468,-766
0.6354501247406006,-474,-763
0.641942024230957,-477,-767
0.648700475692749,-483,-765
0.65444016456604,-488,-762
0.6608016490936279,-492,-763
0.6674373149871826,-497,-763
0.6729187965393066,-502,-768
0.6846127510070801,-512,-763
0.6927788257598877,-517,-764
0.6997487545013428,-522,-766
0.7053606510162354,-528,-767
0.7120993137359619,-532,-766
0.7186617851257324,-537,-760
0.724419355392456,-541,-765
0.730769157409668,-546,-767
0.7383811473846436,-552,-767
0.7441225051879883,-556,-762
0.7503995895385742,-561,-761
0.7563719749450684,-566,-762
0.7622678279876709,-570,-765
0.7693781852722168,-575,-767
0.7747902870178223,-580,-763
0.7813167572021484,-586,-760
0.7886776924133301,-590,-765
0.7944216728210449,-595,-765
0.8007867336273193,-600,-764
0.807443380355835,-604,-763
0.8129253387451172,-608,-763
0.8196790218353271,-613,-762
0.8253276348114014,-619,-765
0.8317999839782715,-624,-768
0.8395333290100098,-628,-763
0.8449153900146484,-633,-760
0.8514869213104248,-638,-764
0.8580923080444336,-642,-764
0.863731861114502,-648,-767
0.8700511455535889,-652,-767
0.8756511211395264,-657,-765
0.8819499015808105,-662,-763
0.8899056911468506,-666,-765
0.895535945892334,-672,-767
0.902031660079956,-677,-764
0.9086217880249023,-682,-763
0.9144182205200195,-686,-762
0.9207489490509033,-691,-765
0.9273679256439209,-695,-766
0.9328701496124268,-702,-762
0.9404332637786865,-706,-763
0.9463880062103271,-710,-763
0.9526762962341309,-715,-765
0.959465742111206,-720,-768
0.9648549556732178,-724,-766
0.9714438915252686,-729,-763
0.9780111312866211,-734,-766
0.9835987091064453,-740,-767
0.9906971454620361,-744,-766
0.9973342418670654,-749,-765
1.0028655529022217,-754,-761
