0.005682706832885742,4,447
0.012041330337524414,6,419
0.019596338272094727,9,394
0.02518916130065918,11,385
0.03184866905212402,14,382
0.03866767883300781,16,376
0.044135093688964844,18,373
0.05068206787109375,20,363
0.05726313591003418,22,363
0.06285405158996582,25,355
0.07005715370178223,27,350
0.07670307159423828,29,348
0.08218860626220703,31,342
0.08910799026489258,33,341
0.09472107887268066,35,339
0.10101175308227539,37,335
0.10755634307861328,39,338
0.11321711540222168,42,335
0.12033438682556152,44,332
0.1271827220916748,46,332
0.1326589584350586,48,329
0.13917851448059082,50,325
0.1447298526763916,52,326
0.15117955207824707,54,321
0.1577463150024414,56,322
0.16346263885498047,58,322
0.17078566551208496,60,320
0.17731690406799316,62,322
0.1829221248626709,64,323
0.1893610954284668,66,321
0.19495439529418945,68,323
0.20125293731689453,70,319
0.20794987678527832,72,317
0.21370506286621094,74,318
0.2210369110107422,76,314
0.22761988639831543,78,316
0.2333669662475586,80,316
0.23966479301452637,82,315
0.2452387809753418,84,317
0.2516639232635498,86,315
0.25826144218444824,88,316
0.26396751403808594,90,315
0.27136659622192383,92,316
0.27794575691223145,94,315
0.28368401527404785,96,316
0.2899754047393799,98,314
0.29635095596313477,100,312
0.3020601272583008,102,312
0.3088388442993164,104,310
0.31417322158813477,106,312
0.3214883804321289,108,314
0.3282153606414795,110,314
0.3339238166809082,112,314
0.34025001525878906,114,316
0.3468770980834961,116,315
0.35233521461486816,118,315
0.3591330051422119,119,313
0.3647196292877197,123,312
0.3791356086730957,126,311
0.38474202156066895,128,311
0.3912944793701172,130,313
0.39803242683410645,132,313
0.40378546714782715,134,314
0.4101274013519287,136,314
0.41670966148376465,138,314
0.4234330654144287,140,313
0.4296865463256836,142,313
0.4352235794067383,144,313
0.44153594970703125,146,311
0.4482860565185547,148,312
0.4539637565612793,150,312
0.46027541160583496,151,312
0.4669182300567627,153,314
0.4736340045928955,156,315
0.47995567321777344,158,315
0.48630428314208984,160,313
0.4920654296875,162,313
0.4994995594024658,163,315
0.5050678253173828,166,312
0.5115375518798828,168,312
0.5181264877319336,170,312
0.5249278545379639,172,310
0.5314476490020752,174,311
0.5379929542541504,176,313
0.5437204837799072,178,312
0.5500996112823486,180,313
0.5567169189453125,181,313
0.5621814727783203,183,314
0.5691187381744385,185,313
0.5762498378753662,188,312
0.5819733142852783,190,313
0.5886645317077637,192,312
0.5940735340118408,193,310
0.6006083488464355,195,311
0.6071903705596924,197,310
0.61273193359375,199,310
0.619267463684082,201,312
0.6265792846679688,203,311
0.6322779655456543,205,313
0.6392357349395752,207,315
0.6448156833648682,209,313
0.6511545181274414,211,313
0.657677412033081,213,311
0.663367509841919,215,312
0.6696300506591797,217,310
0.6768686771392822,219,311
0.6823365688323975,221,312
0.6892883777618408,222,310
0.6948721408843994,225,311
0.7011594772338867,226,312
0.7077162265777588,229,312
0.713397741317749,231,312
0.7196750640869141,232,313
0.7271618843078613,234,313
0.7327005863189697,236,314
0.7392294406890869,238,312
0.7448103427886963,241,309
0.7512483596801758,242,310
0.7578082084655762,244,309
0.7635462284088135,246,310
0.7750251293182373,250,311
0.7834489345550537,252,311
0.789891242980957,254,313
0.796201229095459,256,312
0.8021070957183838,258,313
0.8091897964477539,260,312
0.8147482872009277,262,312
0.8211560249328613,264,309
0.8287420272827148,266,310
0.8341331481933594,268,309
0.8406925201416016,270,309
0.8472700119018555,272,309
0.8528969287872314,274,310
0.8593997955322266,276,309
0.8650250434875488,278,312
0.8714685440063477,280,313
0.8791160583496094,282,312
0.8847224712371826,284,312
0.8910000324249268,286,312
0.8977744579315186,288,311
0.9035046100616455,290,309
0.9097800254821777,292,310
0.9157590866088867,294,310
0.9216575622558594,296,308
0.9287271499633789,297,310
0.935063362121582,300,310
0.941354513168335,301,310
0.9479260444641113,304,313
0.9536905288696289,306,315
0.9600279331207275,307,312
0.9665853977203369,309,312
0.9720561504364014,311,311
0.9788625240325928,314,309
0.985253095626831,316,310
0.9918241500854492,317,310
0.9982767105102539,319,310
1.0039982795715332,321,312
