0.006238698959350586,-1,-137
0.011889934539794922,-2,-131
0.018342256546020508,-3,-130
0.02621936798095703,-4,-133
0.03183579444885254,-5,-144
0.03831291198730469,-6,-174
0.045041799545288086,-8,-188
0.050752878189086914,-9,-192
0.05710458755493164,-10,-205
0.06374597549438477,-12,-215
0.06923103332519531,-14,-227
0.07672810554504395,-15,-232
0.08271598815917969,-16,-240
0.08874368667602539,-18,-243
0.09574675559997559,-20,-251
0.10113167762756348,-21,-258
0.10773348808288574,-23,-262
0.1185305118560791,-26,-271
0.12757563591003418,-28,-272
0.13426852226257324,-30,-275
0.13999104499816895,-32,-277
0.1465284824371338,-34,-278
0.15210413932800293,-36,-282
0.1586925983428955,-37,-280
0.16522622108459473,-39,-282
0.17096352577209473,-41,-286
0.17835712432861328,-43,-287
0.18492460250854492,-44,-287
0.19069337844848633,-46,-286
0.19702482223510742,-48,-291
0.20363759994506836,-50,-290
0.20914602279663086,-52,-292
0.21610379219055176,-54,-289
0.22166132926940918,-56,-294
0.2289564609527588,-58,-293
0.23576092720031738,-59,-293
0.24116778373718262,-61,-292
0.24772000312805176,-63,-289
0.25428271293640137,-64,-295
0.25985050201416016,-67,-296
0.26630640029907227,-68,-294
0.2719295024871826,-70,-295
0.27954697608947754,-72,-294
0.28613710403442383,-74,-298
0.2917771339416504,-76,-297
0.298093318939209,-78,-296
0.3048439025878906,-80,-296
0.31066441535949707,-82,-297
0.31700944900512695,-84,-295
0.32361769676208496,-86,-295
0.33031177520751953,-88,-294
0.3367762565612793,-90,-296
0.3431570529937744,-91,-295
0.34886980056762695,-93,-297
0.35561609268188477,-95,-295
0.36104536056518555,-96,-299
0.3676164150238037,-98,-297
0.3742094039916992,-101,-298
0.3807365894317627,-102,-298
0.38707709312438965,-104,-298
0.3936882019042969,-106,-296
0.399608850479126,-108,-296
0.40613818168640137,-110,-295
0.4117472171783447,-112,-297
0.4180450439453125,-113,-292
0.4246349334716797,-116,-295
0.4311800003051758,-118,-297
0.43857741355895996,-120,-297
0.4451563358306885,-122,-298
0.4508786201477051,-123,-299
0.45760107040405273,-125,-297
0.4642026424407959,-127,-299
0.4698057174682617,-129,-297
0.47631096839904785,-131,-298
0.48366332054138184,-133,-297
0.4891500473022461,-134,-296
0.49591970443725586,-136,-297
0.5012707710266113,-138,-297
0.5078282356262207,-140,-299
0.5146536827087402,-144,-299
0.5268864631652832,-146,-298
0.5346300601959229,-148,-300
0.5403730869293213,-150,-299
0.5468118190765381,-152,-300
0.5531980991363525,-154,-299
0.5588698387145996,-156,-296
0.5658202171325684,-157,-295
0.5711967945098877,-159,-294
0.5779032707214355,-162,-297
0.5856170654296875,-163,-300
0.5910382270812988,-165,-298
0.5976061820983887,-167,-299
0.6042115688323975,-169,-301
0.6098237037658691,-171,-299
0.6162674427032471,-172,-297
0.6218791007995605,-175,-296
0.6281864643096924,-176,-297
0.6360464096069336,-178,-298
0.6416435241699219,-181,-298
0.6480331420898438,-182,-297
0.6546854972839355,-184,-298
0.6603972911834717,-186,-296
0.6666789054870605,-188,-299
0.6726498603820801,-190,-298
0.678551197052002,-192,-299
0.6862213611602783,-193,-297
0.6918401718139648,-196,-298
0.6983649730682373,-198,-299
0.7049081325531006,-199,-298
0.710679292678833,-201,-298
0.7170031070709229,-203,-297
0.7236230373382568,-204,-296
0.7291045188903809,-207,-299
0.7365796566009521,-209,-298
0.7421774864196777,-210,-298
0.7484836578369141,-212,-296
0.7556006908416748,-214,-299
0.7610528469085693,-216,-299
0.7676050662994385,-218,-301
0.7742061614990234,-220,-297
0.7798137664794922,-222,-298
0.7870163917541504,-224,-297
0.7936179637908936,-226,-298
0.7991697788238525,-227,-297
0.8059573173522949,-229,-299
0.8115489482879639,-232,-295
0.8180208206176758,-232,-296
0.8247663974761963,-235,-297
0.8304944038391113,-237,-299
0.8377456665039062,-238,-299
0.8443021774291992,-240,-298
0.8499124050140381,-243,-299
0.8564257621765137,-244,-299
0.8620965480804443,-246,-301
0.8684029579162598,-248,-297
0.875145435333252,-250,-298
0.8808701038360596,-252,-297
0.8881180286407471,-254,-296
0.8946959972381592,-256,-298
0.9004182815551758,-258,-296
0.9067173004150391,-260,-298
0.9127020835876465,-261,-299
0.9257667064666748,-265,-299
0.931159496307373,-267,-298
0.9389066696166992,-269,-299
0.9458684921264648,-271,-296
0.9512147903442383,-272,-297
0.9579458236694336,-274,-298
0.9645545482635498,-276,-298
0.9703197479248047,-278,-296
0.9766113758087158,-280,-297
0.9821732044219971,-282,-296
0.9896745681762695,-284,-297
0.9964349269866943,-286,-298
1.0021190643310547,-288,-299
