0.005331754684448242,-3,-279
0.011971712112426758,-5,-272
0.017951250076293945,-6,-270
0.02538323402404785,-9,-287
0.03194737434387207,-11,-296
0.038336753845214844,-13,-312
0.04422330856323242,-15,-328
0.051000356674194336,-17,-341
0.056343793869018555,-19,-354
0.06290006637573242,-22,-364
0.06962776184082031,-24,-376
0.07617735862731934,-27,-386
0.08250927925109863,-29,-391
0.08932995796203613,-32,-396
0.0948646068572998,-34,-399
0.10157203674316406,-36,-404
0.1071937084197998,-40,-408
0.11353921890258789,-42,-415
0.12012743949890137,-45,-420
0.12690258026123047,-48,-422
0.13329672813415527,-50,-426
0.13988423347473145,-54,-430
0.14560270309448242,-56,-435
0.15190672874450684,-59,-433
0.15789437294006348,-61,-434
0.16414213180541992,-64,-437
0.17089581489562988,-67,-438
0.17727971076965332,-70,-441
0.18363428115844727,-73,-447
0.19021105766296387,-76,-443
0.1959688663482666,-78,-444
0.2024545669555664,-81,-448
0.20932483673095703,-84,-446
0.2148447036743164,-86,-446
0.22155404090881348,-90,-447
0.228973388671875,-92,-448
0.23449969291687012,-95,-451
0.24130773544311523,-98,-453
0.24690485000610352,-101,-454
0.25322723388671875,-104,-454
0.25981879234313965,-106,-452
0.2656073570251465,-110,-453
0.271942138671875,-112,-452
0.2797074317932129,-115,-454
0.2853710651397705,-119,-456
0.29195308685302734,-122,-453
0.2979459762573242,-124,-456
0.3111999034881592,-130,-455
0.3168528079986572,-134,-455
0.3233487606048584,-136,-451
0.3313877582550049,-139,-456
0.3370046615600586,-142,-455
0.3435800075531006,-146,-457
0.3501908779144287,-148,-457
0.35596585273742676,-151,-453
0.3622872829437256,-154,-456
0.36892127990722656,-156,-455
0.3744242191314697,-160,-453
0.3819854259490967,-163,-456
0.38797521591186523,-166,-456
0.3940129280090332,-168,-458
0.40100789070129395,-171,-458
0.40639615058898926,-174,-459
0.41295289993286133,-176,-459
0.4201369285583496,-180,-454
0.4258761405944824,-183,-453
0.4331362247467041,-186,-454
0.4397737979888916,-188,-458
0.4454202651977539,-192,-459
0.45180439949035645,-195,-458
0.4573862552642822,-198,-459
0.4640800952911377,-200,-460
0.4704890251159668,-203,-456
0.4762551784515381,-206,-458
0.4835498332977295,-210,-459
0.4901118278503418,-212,-457
0.49588727951049805,-215,-460
0.5022482872009277,-218,-462
0.5088653564453125,-220,-459
0.5143449306488037,-223,-460
0.5213737487792969,-226,-458
0.5269842147827148,-230,-456
0.5341031551361084,-232,-455
0.5404837131500244,-235,-458
0.5461926460266113,-238,-458
0.5525150299072266,-240,-457
0.5593538284301758,-243,-460
0.5648801326751709,-246,-459
0.5713961124420166,-249,-457
0.5770385265350342,-252,-458
0.5844326019287109,-255,-455
0.591437578201294,-258,-458
0.5970308780670166,-262,-459
0.6033499240875244,-264,-458
0.6099414825439453,-267,-459
0.6156773567199707,-270,-458
0.6219899654388428,-273,-459
0.6279561519622803,-276,-456
0.6351251602172852,-279,-455
0.6417756080627441,-282,-457
0.6473677158355713,-284,-459
0.6536576747894287,-288,-457
0.6602094173431396,-290,-460
0.6660027503967285,-293,-457
0.6723184585571289,-296,-462
0.6789298057556152,-299,-461
0.6856005191802979,-302,-458
0.6919221878051758,-305,-455
0.6979258060455322,-308,-459
0.7098002433776855,-313,-462
0.7164664268493652,-317,-458
0.7233140468597412,-319,-462
0.7300419807434082,-322,-460
0.7368569374084473,-326,-458
0.7434368133544922,-328,-459
0.7500848770141602,-332,-458
0.7558355331420898,-334,-461
0.7623145580291748,-337,-464
0.7689259052276611,-340,-460
0.7744624614715576,-342,-462
0.7812743186950684,-346,-459
0.7884223461151123,-349,-460
0.7941372394561768,-352,-460
0.8008396625518799,-354,-459
0.8063552379608154,-357,-462
0.8129129409790039,-360,-461
0.8196320533752441,-363,-462
0.8253273963928223,-366,-461
0.8316829204559326,-369,-458
0.8393080234527588,-372,-460
0.844820499420166,-375,-459
0.8515157699584961,-378,-460
0.8571252822875977,-381,-461
0.8634445667266846,-383,-463
0.8700647354125977,-387,-460
0.875816822052002,-390,-463
0.8823208808898926,-392,-460
0.8899481296539307,-396,-461
0.895679235458374,-399,-458
0.9019954204559326,-402,-459
0.9079484939575195,-404,-460
0.9139795303344727,-407,-460
0.9204380512237549,-410,-463
0.9261760711669922,-413,-463
0.9324920177459717,-416,-461
0.9402830600738525,-419,-460
0.9460139274597168,-422,-455
0.9523646831512451,-424,-460
0.9589757919311523,-428,-462
0.9645078182220459,-430,-459
0.971463680267334,-433,-462
0.9770927429199219,-437,-462
0.9835999011993408,-440,-463
0.9913301467895508,-442,-460
0.9969005584716797,-446,-457
1.0033576488494873,-448,-460
