0.00896143913269043,0
0.019877910614013672,1
0.025275707244873047,2
0.02953648567199707,3
0.0363008975982666,4
0.0406041145324707,6
0.046185970306396484,8
0.050398826599121094,10
0.05598187446594238,12
0.06023049354553223,15
0.0654451847076416,17
0.06998157501220703,20
0.07542896270751953,23
0.07994842529296875,27
0.0852658748626709,30
0.09061789512634277,34
0.09633922576904297,36
0.10055923461914062,41
0.10642647743225098,44
0.1106417179107666,48
0.11630630493164062,51
0.12050843238830566,56
0.12624406814575195,59
0.13043689727783203,64
0.13611745834350586,67
0.14139986038208008,72
0.14676165580749512,76
0.15140485763549805,81
0.1567249298095703,84
0.16113781929016113,90
0.1665935516357422,93
0.17076897621154785,98
0.17636704444885254,102
0.18054485321044922,107
0.1862039566040039,111
0.19148468971252441,116
0.19680380821228027,120
0.20147037506103516,125
0.2068166732788086,129
0.21157264709472656,134
0.2168745994567871,138
0.22135019302368164,144
0.22669720649719238,147
0.2311420440673828,153
0.23654437065124512,158
0.24214458465576172,164
0.24724578857421875,168
0.25205159187316895,172
0.2571442127227783,177
0.2618229389190674,181
0.26690173149108887,185
0.27155256271362305,190
0.2769176959991455,194
0.28137969970703125,200
0.286724328994751,206
0.2922353744506836,211
0.29725027084350586,215
0.30202627182006836,219
0.3071572780609131,225
0.31188130378723145,228
0.31694626808166504,232
0.3214430809020996,238
0.3267207145690918,242
0.33140039443969727,248
0.3367922306060791,251
0.3422548770904541,259
0.34728026390075684,263
0.3520359992980957,267
0.35707950592041016,272
0.3615593910217285,276
0.36687636375427246,280
0.37136244773864746,286
0.3766815662384033,290
0.3811018466949463,296
0.38655853271484375,300
0.3966355323791504,309
0.40128421783447266,315
0.4066274166107178,319
0.4112515449523926,324
0.4166557788848877,328
0.4212329387664795,334
0.42656922340393066,338
0.4307725429534912,344
0.4363288879394531,348
0.44053053855895996,353
0.4467778205871582,357
0.451434850692749,363
0.45671749114990234,367
0.46141743659973145,373
0.46675825119018555,376
0.47124505043029785,382
0.47656846046447754,386
0.48077893257141113,392
0.48642659187316895,396
0.49065566062927246,402
0.4969515800476074,406
0.5014321804046631,411
0.5066955089569092,415
0.5113346576690674,421
0.5167076587677002,425
0.5211374759674072,430
0.5266222953796387,434
0.5308260917663574,440
0.5364358425140381,444
0.5406713485717773,450
0.5470068454742432,454
0.5514876842498779,460
0.5568990707397461,464
0.561396598815918,469
0.5666735172271729,473
0.5712563991546631,479
0.5766198635101318,483
0.5807840824127197,489
0.5864500999450684,492
0.5906486511230469,498
0.5971677303314209,504
0.6018621921539307,508
0.6069240570068359,512
0.6114389896392822,518
0.616706371307373,522
0.6211285591125488,527
0.6265368461608887,531
0.630725622177124,537
0.6364765167236328,541
0.640679121017456,547
0.6470410823822021,552
0.6515591144561768,556
0.6569395065307617,560
0.6614499092102051,566
0.6667218208312988,570
0.6711173057556152,576
0.6765387058258057,580
0.6807374954223633,585
0.6863307952880859,589
0.6905372142791748,595
0.6970601081848145,601
0.701575756072998,605
0.7068748474121094,609
0.7113652229309082,614
0.7167174816131592,618
0.7214043140411377,624
0.7266936302185059,628
0.7311060428619385,634
0.7365686893463135,638
0.7407646179199219,644
0.747169017791748,649
0.7521100044250488,653
0.7571468353271484,659
0.7618057727813721,663
0.7669486999511719,667
0.7714438438415527,672
0.7767894268035889,676
0.7812638282775879,682
0.7866251468658447,686
0.7908203601837158,696
0.8013265132904053,702
0.8066768646240234,705
0.8114147186279297,711
0.8167545795440674,715
0.8214073181152344,721
0.8266942501068115,725
0.8311104774475098,730
0.8365488052368164,734
0.8407797813415527,740
0.8470032215118408,746
0.8535633087158203,752
0.8580951690673828,756
0.8633573055267334,762
0.8675894737243652,766
0.8735053539276123,771
0.8780233860015869,775
0.8833589553833008,781
0.8875877857208252,785
0.8922784328460693,790
0.897320032119751,794
0.9038999080657959,800
0.9081909656524658,804
0.9134654998779297,810
0.9179694652557373,814
0.9223897457122803,820
0.9274158477783203,824
0.9328598976135254,829
0.937488317489624,833
0.942251443862915,839
0.9473390579223633,843
0.9540069103240967,848
0.9583382606506348,852
0.963979959487915,858
0.9683184623718262,862
0.9738621711730957,867
0.9782240390777588,871
0.9851105213165283,878
0.9894723892211914,883
0.9953711032867432,886
1.000690221786499,892
1.0065572261810303,895
1.0107979774475098,900
1.0166237354278564,903
1.0210411548614502,907
1.02656888961792,910
1.0308043956756592,915
1.0364534854888916,918
1.0407164096832275,922
1.04634690284729,925
1.0519640445709229,929
1.057072401046753,932
1.0615568161010742,935
1.0669200420379639,938
1.0714242458343506,941
1.0767619609832764,943
1.0812959671020508,947
1.0867116451263428,949
1.091296672821045,952
1.0966720581054688,954
1.102144479751587,958
1.1072947978973389,959
1.1122384071350098,962
1.1173360347747803,964
1.1221733093261719,966
1.127284049987793,968
1.1320772171020508,969
1.1371798515319824,971
1.14192533493042,972
1.147110939025879,974
1.1523559093475342,976
1.1575682163238525,977
1.1623647212982178,979
1.1674349308013916,980
1.1723368167877197,981
1.1774356365203857,982
1.1822149753570557,984
1.187342643737793,984
1.1921124458312988,986
1.2007930278778076,987
1.207303524017334,988
1.2122249603271484,988
1.2173421382904053,989
1.2222259044647217,990
1.227262020111084,990
1.2321844100952148,991
1.2372713088989258,991
1.2422051429748535,992
1.247269630432129,992
1.2520430088043213,992
1.2581679821014404,993
1.26346755027771,993
1.2680392265319824,994
1.2733733654022217,994
1.277921199798584,994
1.2823741436004639,994
1.2874515056610107,994
1.2923147678375244,995
1.2973730564117432,995
1.302154779434204,995
1.3083596229553223,995
1.313875436782837,995
1.318166732788086,995
1.3234751224517822,996
1.3280351161956787,996
1.3333103656768799,996
1.3375604152679443,996
1.3423411846160889,996
1.3473658561706543,996
1.352257490158081,996
1.3584175109863281,995
1.3639488220214844,995
1.3682825565338135,995
1.374044418334961,995
1.3783462047576904,995
1.3838133811950684,995
1.3881840705871582,995
1.3934707641601562,995
1.3980209827423096,995
1.4033966064453125,995
1.4086933135986328,995
1.414386510848999,995
1.418677568435669,995
1.4241695404052734,995
1.4285006523132324,995
1.4340713024139404,995
1.4383854866027832,995
1.443882942199707,995
1.4482054710388184,995
1.4534804821014404,995
1.458773136138916,995
1.4643042087554932,995
1.4686357975006104,995
1.4743285179138184,995
1.4786489009857178,995
1.4841430187225342,995
1.488424301147461,995
1.4938957691192627,995
1.4982280731201172,995
1.503938913345337,995
1.509068250656128,995
1.514608383178711,995
1.5189037322998047,995
1.5244746208190918,995
1.5287582874298096,995
1.5344903469085693,995
1.5387914180755615,995
1.5443100929260254,995
1.5486226081848145,995
1.5541551113128662,995
1.5591659545898438,995
1.5647788047790527,995
1.5690617561340332,995
1.5746254920959473,995
1.57891845703125,995
1.5844120979309082,995
1.588733196258545,995
1.5944602489471436,995
1.6035621166229248,995
1.6081161499023438,995
1.6146483421325684,995
1.6189391613006592,995
1.624652624130249,995
1.628943681716919,995
1.6345956325531006,995
1.6389002799987793,995
1.6444275379180908,995
1.648716688156128,995
1.6543991565704346,995
1.6587064266204834,995
1.6650266647338867,995
1.6692852973937988,995
1.6748075485229492,995
1.679060459136963,995
1.6845836639404297,995
1.6888794898986816,995
1.6943364143371582,995
1.698643684387207,995
1.704153299331665,995
1.7084577083587646,995
1.7149057388305664,995
1.719212532043457,995
1.7247252464294434,995
1.7290008068084717,995
1.734513521194458,995
1.7387950420379639,995
1.7442436218261719,995
1.7485814094543457,995
1.7540783882141113,995
1.7583575248718262,995
1.764709234237671,995
1.768979787826538,995
1.7746682167053223,995
1.7789416313171387,995
1.7845122814178467,995
1.7887821197509766,995
1.7942719459533691,995
1.7985727787017822,995
1.8040895462036133,995
1.8083775043487549,995
1.8145217895507812,995
1.8188679218292236,995
1.8243401050567627,995
1.8286685943603516,995
1.8374836444854736,995
1.8440659046173096,995
1.8483519554138184,995
1.8538529872894287,995
1.8581657409667969,995
1.8644707202911377,995
1.868788719177246,995
1.8743901252746582,995
1.8786773681640625,995
1.8841965198516846,995
1.8884837627410889,995
1.894212007522583,995
1.898522138595581,995
1.9040687084197998,995
1.9084076881408691,995
1.913905143737793,995
1.9189143180847168,995
1.9244468212127686,995
1.9287171363830566,995
1.9342236518859863,995
1.9385533332824707,995
1.944108486175537,995
1.9484000205993652,995
1.9540691375732422,995
1.9583625793457031,995
1.9638476371765137,995
1.9689908027648926,995
1.974538803100586,995
1.9788239002227783,995
1.9842822551727295,995
1.9885838031768799,995
1.9941110610961914,995
2.0022597312927246,995
2.0072927474975586,995
2.0122663974761963,995
2.0183351039886475,995
2.0241806507110596,995
2.0284676551818848,995
2.0340359210968018,995
2.0383224487304688,995
2.043806552886963,995
2.048133373260498,995
2.053429365158081,995
2.057940721511841,995
2.063231945037842,995
2.068570613861084,995
2.0742549896240234,995
2.0785984992980957,995
2.0841875076293945,995
2.0884850025177,995
2.0940518379211426,995
2.0983123779296875,995
2.103849411010742,995
2.1081626415252686,995
2.113525867462158,995
2.1187994480133057,995
2.1244118213653564,995
2.1287176609039307,995
2.134413957595825,995
2.138725757598877,995
2.1442129611968994,995
2.1485342979431152,995
2.1542246341705322,995
2.158552408218384,995
2.1640968322753906,995
2.1691558361053467,995
2.174694299697876,995
2.178962230682373,995
2.184502363204956,995
2.188840389251709,995
2.194551467895508,995
2.1988420486450195,995
2.2043728828430176,995
2.2087042331695557,995
2.2142162322998047,995
2.2192201614379883,995
2.2248497009277344,995
2.2291316986083984,995
2.2346384525299072,995
2.238919973373413,995
2.244464635848999,995
2.248765707015991,995
2.2544562816619873,995
2.2587521076202393,995
2.264249563217163,995
2.268557548522949,995
2.274836301803589,995
2.279081106185913,995
2.2848379611968994,995
2.289125919342041,995
2.2946794033050537,995
2.298971652984619,995
2.304523229598999,995
2.308818817138672,995
2.3145577907562256,995
2.3188517093658447,995
2.325160264968872,995
2.329439401626587,995
2.3350064754486084,995
2.33927321434021,995
2.3448076248168945,995
2.3490846157073975,995
2.3546128273010254,995
2.358901262283325,995
2.364410161972046,995
2.3687052726745605,995
2.375089645385742,995
2.3793954849243164,995
2.384901762008667,995
2.3891518115997314,995
2.3946986198425293,995
2.4035534858703613,995
2.4081337451934814,995
2.4139404296875,995
2.4182629585266113,995
2.424593448638916,995
2.428887128829956,995
2.43461012840271,995
2.4389162063598633,995
2.444486618041992,995
2.4487991333007812,995
2.454331398010254,995
2.4586474895477295,995
2.464200496673584,995
2.4684908390045166,995
2.4746687412261963,995
2.478952646255493,995
2.4844963550567627,995
2.4887943267822266,995
2.4945268630981445,995
2.4988553524017334,995
2.5044116973876953,995
2.5087037086486816,995
2.514213800430298,995
2.5185294151306152,995
2.524808883666992,995
2.529059410095215,995
2.534621477127075,995
2.5389156341552734,995
2.5446417331695557,995
2.5489323139190674,995
2.5545947551727295,995
2.558910846710205,995
2.5644383430480957,995
2.5687365531921387,995
2.5749685764312744,995
2.579282760620117,995
2.584784984588623,995
2.5890488624572754,995
2.594649076461792,995
2.598942279815674,995
2.60448956489563,995
2.608794927597046,995
2.6144614219665527,995
2.618764877319336,995
2.62428879737854,995
2.6293368339538574,995
2.634875535964966,995
2.639127731323242,995
2.6446614265441895,995
2.6489431858062744,995
2.6544618606567383,995
2.6587555408477783,995
2.6642630100250244,995
2.6685633659362793,995
2.674307346343994,995
2.6793296337127686,995
2.6848649978637695,995
2.6891326904296875,995
2.694697380065918,995
2.698970317840576,995
2.7045178413391113,995
2.70881986618042,995
2.714341640472412,995
2.7186999320983887,995
2.7242701053619385,995
2.7293121814727783,995
2.734983205795288,995
2.7392418384552,995
2.7447385787963867,995
2.7490620613098145,995
2.7546372413635254,995
2.7589070796966553,995
2.7644283771514893,995
2.7686803340911865,995
2.7742183208465576,995
2.779294729232788,995
2.784806966781616,995
2.7891008853912354,995
2.794769287109375,995
2.799008846282959,995
2.8079559803009033,995
2.8133819103240967,995
2.8179478645324707,995
2.8234572410583496,995
2.828714609146118,995
2.8344030380249023,995
2.838693380355835,995
2.8448286056518555,995
2.8491177558898926,995
2.854795455932617,995
2.859046220779419,995
2.8683385848999023,995
2.8739700317382812,995
2.8782923221588135,995
2.889533519744873,995
2.903486490249634,995
2.915938138961792,995
2.924302577972412,995
2.9365200996398926,995
2.9470698833465576,995
2.957519769668579,995
2.968322277069092,995
2.980433702468872,995
2.991093635559082,995
