0.009014129638671875,0
0.013402938842773438,0
0.02683115005493164,2
0.03841686248779297,4
0.05052590370178223,9
0.06316518783569336,16
0.07600784301757812,23
0.08725523948669434,30
0.09881234169006348,37
0.11088085174560547,46
0.12250685691833496,55
0.1351466178894043,67
0.14669418334960938,75
0.1587986946105957,85
0.17025375366210938,96
0.18189740180969238,107
0.19329500198364258,117
0.20597290992736816,128
0.21809124946594238,139
0.23006868362426758,151
0.24074840545654297,162
0.2530696392059326,173
0.2664518356323242,184
0.2780437469482422,195
0.29007411003112793,207
0.3014202117919922,218
0.3140556812286377,232
0.32626986503601074,241
0.3376326560974121,253
0.3489108085632324,264
0.3612387180328369,276
0.3726463317871094,287
0.3858306407928467,299
0.40100979804992676,315
0.4141509532928467,328
0.4264700412750244,337
0.4379873275756836,349
0.44915103912353516,361
0.46071600914001465,371
0.4733541011810303,384
0.48595261573791504,395
0.49721240997314453,407
0.5086493492126465,417
0.5206894874572754,429
0.5324063301086426,440
0.5451183319091797,454
0.556591272354126,463
0.5687971115112305,475
0.5803868770599365,487
0.5921342372894287,498
0.603806734085083,510
0.6166009902954102,521
0.6280431747436523,533
0.6398344039916992,545
0.6508550643920898,554
0.6623649597167969,566
0.6761767864227295,579
0.6873326301574707,591
0.698965311050415,603
0.7106106281280518,613
0.7231922149658203,626
0.7358005046844482,638
0.7472882270812988,649
0.7589144706726074,661
0.7711353302001953,673
0.7826323509216309,684
0.7953238487243652,696
0.8104894161224365,709
0.8238420486450195,723
0.8367447853088379,735
0.8481040000915527,746
0.8621687889099121,760
0.8759875297546387,773
0.8872864246368408,785
0.8988957405090332,797
0.9104862213134766,806
0.9231340885162354,820
0.9357292652130127,831
0.9472911357879639,843
0.9588792324066162,853
0.9705424308776855,864
0.9829168319702148,877
0.9957330226898193,888
1.0073394775390625,898
1.0191080570220947,908
1.0318119525909424,917
1.043229579925537,926
1.0559301376342773,934
1.0671937465667725,942
1.080157995223999,949
1.0913722515106201,956
1.1030728816986084,962
1.115781307220459,967
1.1283974647521973,973
1.140146017074585,977
1.151689052581787,981
1.163255214691162,984
1.176684856414795,987
1.1883704662322998,990
1.2039611339569092,993
1.216409683227539,994
1.2287466526031494,995
1.2402355670928955,997
1.2519521713256836,997
1.2633442878723145,998
1.2759289741516113,999
1.2882649898529053,999
1.3001940250396729,999
1.311779260635376,999
1.3233520984649658,999
1.3366725444793701,999
1.348092794418335,999
1.359966516494751,999
1.3711533546447754,999
1.3833849430084229,999
1.3959245681762695,999
1.4072515964508057,999
1.4190196990966797,999
1.4312770366668701,999
1.4426422119140625,999
1.4556903839111328,999
1.467123031616211,999
1.4785091876983643,999
1.4908881187438965,999
1.5023438930511475,999
1.51475191116333,999
1.5265076160430908,999
1.5387778282165527,999
1.5502543449401855,999
1.5618126392364502,999
1.573197364807129,999
1.5864684581756592,999
1.5980463027954102,999
1.6137731075286865,999
1.6261990070343018,999
1.6385219097137451,999
1.650118112564087,999
1.6613070964813232,999
1.6733570098876953,999
1.6867382526397705,999
1.6980061531066895,999
1.7097678184509277,999
1.7208096981048584,999
1.7324316501617432,999
1.7459802627563477,999
1.757645606994629,999
1.7691078186035156,999
1.7804358005523682,999
1.7931852340698242,999
1.8061299324035645,999
1.8172590732574463,999
1.8286588191986084,999
1.841247320175171,999
1.8531863689422607,999
1.865846872329712,999
1.8771288394927979,999
1.8898696899414062,999
1.9008586406707764,999
1.9124400615692139,999
1.9251115322113037,999
1.9371814727783203,999
1.9499883651733398,999
1.9609174728393555,999
1.972529411315918,999
1.9851937294006348,999
1.9978203773498535,999
2.0132806301116943,999
2.026188373565674,999
2.0373337268829346,999
2.0500333309173584,999
2.0609078407287598,999
2.0724937915802,999
2.0853607654571533,999
2.0973541736602783,999
2.1090047359466553,999
2.1203863620758057,999
2.1318588256835938,999
2.1456563472747803,999
2.1571452617645264,999
2.168586015701294,999
2.17997670173645,999
2.1909971237182617,999
2.204118013381958,999
2.2162811756134033,999
2.2277777194976807,999
2.2389156818389893,999
2.2509353160858154,999
2.2624595165252686,999
2.275355815887451,999
2.287047863006592,999
2.2993457317352295,999
2.3109066486358643,999
2.322418451309204,999
2.3353302478790283,999
2.346850633621216,999
2.3591840267181396,999
2.370758533477783,999
2.382359027862549,999
2.3952012062072754,999
2.4108729362487793,999
2.4224658012390137,999
2.4357149600982666,999
2.447266101837158,999
2.460113048553467,999
2.471414089202881,999
2.4829041957855225,999
2.4954047203063965,999
2.508042335510254,999
2.5198233127593994,999
2.530860424041748,999
2.542494773864746,999
2.556185722351074,999
2.5673229694366455,999
2.578902006149292,999
2.590651750564575,999
2.6033499240875244,999
2.615957021713257,999
2.6271286010742188,999
2.638597011566162,999
2.650088310241699,999
2.662386655807495,999
2.6752874851226807,999
2.6870827674865723,999
2.6986007690429688,999
2.7108876705169678,999
2.722569465637207,999
2.7352347373962402,999
2.7468008995056152,999
2.7589192390441895,999
2.7705259323120117,999
2.7821199893951416,999
2.7938995361328125,999
2.8103649616241455,999
2.822054624557495,999
2.835966110229492,999
2.8471333980560303,999
2.863342761993408,999
2.8760836124420166,999
2.887338876724243,999
2.9086618423461914,999
2.920178174972534,999
2.9319217205047607,999
2.9439022541046143,999
2.956063747406006,999
2.9683151245117188,999
2.98067307472229,999
2.9925670623779297,999
3.005295753479004,999
