0.01646709442138672,0
0.0205380916595459,0
0.03339743614196777,3
0.046134233474731445,7
0.05765080451965332,12
0.09935164451599121,42
0.1311817169189453,66
0.1597883701324463,86
0.18055248260498047,104
0.2002112865447998,122
0.22422385215759277,149
0.2500016689300537,168
0.2713608741760254,193
0.29729580879211426,213
0.309431791305542,225
0.320934534072876,237
0.3339073657989502,248
0.34624266624450684,259
0.3581554889678955,271
0.3700368404388428,283
0.3822629451751709,294
0.39888834953308105,311
0.41069459915161133,321
0.42531347274780273,336
0.437910795211792,348
0.44974303245544434,359
0.4610605239868164,371
0.47290945053100586,383
0.4864964485168457,394
0.49794840812683105,406
0.5097455978393555,417
0.5209522247314453,429
0.5326597690582275,441
0.5461022853851318,452
0.5573453903198242,464
0.5690305233001709,475
0.5808639526367188,485
0.5933680534362793,499
0.6061840057373047,511
0.6176388263702393,522
0.6297883987426758,534
0.6421835422515869,545
0.6547713279724121,559
0.6667349338531494,569
0.6781563758850098,580
0.6906826496124268,592
0.7024574279785156,603
0.7153639793395996,617
0.7272472381591797,629
0.7400290966033936,640
0.7512898445129395,652
0.7631819248199463,663
0.775975227355957,675
0.7885117530822754,687
0.805429220199585,704
0.8172557353973389,715
0.8324363231658936,729
0.8518011569976807,749
0.8720455169677734,768
0.8918635845184326,787
0.9100010395050049,805
0.9294297695159912,826
0.947216272354126,843
0.9669408798217773,863
0.9880876541137695,880
1.006037712097168,898
1.0218613147735596,913
1.0338973999023438,925
1.051640510559082,942
1.067171335220337,961
1.0862140655517578,975
1.097914457321167,987
1.1099176406860352,998
1.1221976280212402,1009
1.1352486610412598,1020
1.146946907043457,1028
1.1587014198303223,1033
1.1712086200714111,1040
1.1832587718963623,1043
1.1961617469787598,1045
1.2122423648834229,1045
1.2264738082885742,1043
1.2380471229553223,1039
1.2501394748687744,1035
1.2620611190795898,1029
1.2758140563964844,1022
1.2872188091278076,1016
1.2991266250610352,1009
1.3109488487243652,1003
1.323939323425293,997
1.3361289501190186,992
1.3479063510894775,988
1.3592376708984375,984
1.3710203170776367,981
1.384002447128296,979
1.3962838649749756,979
1.407975673675537,979
1.4192397594451904,979
1.4318132400512695,981
1.4438400268554688,983
1.4562981128692627,986
1.4679889678955078,989
1.4805243015289307,992
1.4923145771026611,995
1.5053071975708008,998
1.5171456336975098,1001
1.5293827056884766,1003
1.5409722328186035,1005
1.552619218826294,1007
1.5661003589630127,1008
1.5790212154388428,1009
1.5907268524169922,1009
1.608067512512207,1008
1.6201958656311035,1008
1.6332805156707764,1007
1.6461329460144043,1006
1.6583244800567627,1005
1.6700289249420166,1003
1.6826694011688232,1002
1.6959600448608398,1001
1.7072629928588867,1000
1.71891450881958,999
1.7311911582946777,999
1.7431881427764893,998
1.7559409141540527,998
1.7671542167663574,997
1.7787065505981445,997
1.7909739017486572,997
1.802929401397705,997
1.8162269592285156,998
1.8322343826293945,998
1.845438003540039,998
1.8577704429626465,999
1.8693630695343018,999
1.881091833114624,999
1.8938920497894287,999
1.9063408374786377,999
1.918161392211914,999
1.930006980895996,999
1.9422979354858398,999
1.9553186893463135,999
1.9672150611877441,999
1.9789226055145264,999
1.9911062717437744,999
2.0070717334747314,999
2.0186960697174072,999
2.0305356979370117,999
2.04317045211792,999
2.0558419227600098,999
2.0671167373657227,999
2.0786454677581787,999
2.09090518951416,999
2.1026716232299805,999
2.115414619445801,999
2.127274990081787,999
2.1399879455566406,999
2.152073383331299,999
2.1647446155548096,999
2.1767032146453857,999
2.1889240741729736,999
2.2004029750823975,999
2.21199369430542,999
2.224778413772583,999
2.2367050647735596,999
2.249077558517456,999
2.260791301727295,999
2.2726006507873535,999
2.2859439849853516,999
2.298238754272461,999
2.3099241256713867,999
2.320976734161377,999
2.332535982131958,999
2.3464832305908203,999
2.3582305908203125,999
2.370157480239868,999
2.3814377784729004,999
2.394721031188965,999
2.4103477001190186,999
2.4222350120544434,999
2.4357097148895264,999
2.4479615688323975,999
2.4600412845611572,999
2.4713358879089355,999
2.4832305908203125,999
2.496522903442383,999
2.5079963207244873,999
2.5200657844543457,999
2.5312864780426025,999
2.543942928314209,999
2.556262969970703,999
2.5679047107696533,999
2.579861640930176,999
2.5909221172332764,999
2.6037654876708984,999
2.616074800491333,999
2.6272714138031006,999
2.6390323638916016,999
2.6512441635131836,999
2.6628706455230713,999
2.675682544708252,999
2.6872706413269043,999
2.700005531311035,999
2.7113232612609863,999
2.7228734493255615,999
2.7358901500701904,999
2.748317241668701,999
2.7600924968719482,999
2.7713184356689453,999
2.7829749584198,999
2.795802116394043,999
2.8124537467956543,999
2.8267135620117188,999
2.8383913040161133,999
2.8508527278900146,999
2.8624300956726074,999
2.8758180141448975,999
2.8873379230499268,999
2.8986940383911133,999
2.910879373550415,999
2.9224154949188232,999
2.9357059001922607,999
2.94734787940979,999
2.960080862045288,999
2.971299409866333,999
2.982915163040161,999
2.995922565460205,999
3.0085091590881348,999
