0.009505748748779297,0
0.019803524017333984,0
0.02537703514099121,0
0.029454469680786133,1
0.034740447998046875,2
0.03889036178588867,3
0.043091535568237305,4
0.04788398742675781,6
0.05221295356750488,7
0.05818367004394531,10
0.06274914741516113,12
0.0676417350769043,13
0.07183980941772461,17
0.07714724540710449,19
0.08117866516113281,23
0.08681821823120117,25
0.09087014198303223,29
0.09600281715393066,31
0.10010361671447754,34
0.10546350479125977,39
0.11033320426940918,43
0.11618471145629883,46
0.12025594711303711,49
0.12578034400939941,53
0.12989306449890137,57
0.13528776168823242,60
0.1394495964050293,65
0.1449570655822754,68
0.1490635871887207,71
0.1541752815246582,76
0.15932083129882812,80
0.16469693183898926,85
0.16882538795471191,88
0.1730959415435791,93
0.17795443534851074,97
0.18225955963134766,100
0.18740606307983398,104
0.19143891334533691,109
0.19695663452148438,113
0.20099234580993652,118
0.20619654655456543,122
0.21138596534729004,127
0.21684980392456055,131
0.2208995819091797,136
0.22600865364074707,140
0.23011326789855957,143
0.23549818992614746,147
0.23967862129211426,153
0.2451176643371582,157
0.24925827980041504,160
0.2548351287841797,166
0.25893616676330566,171
0.2652323246002197,175
0.26936793327331543,179
0.27481913566589355,185
0.2789585590362549,188
0.28406572341918945,194
0.2881748676300049,198
0.2927248477935791,201
0.2976827621459961,205
0.3021209239959717,211
0.30735111236572266,217
0.3127288818359375,221
0.31765317916870117,224
0.3221278190612793,230
0.32730746269226074,234
0.3313567638397217,239
0.3368797302246094,243
0.3409149646759033,249
0.3459925651550293,253
0.35010719299316406,257
0.3554859161376953,260
0.35959506034851074,266
0.36574697494506836,272
0.36991024017333984,276
0.3753218650817871,279
0.37948036193847656,285
0.3850288391113281,289
0.3891768455505371,297
0.39772844314575195,301
0.4021952152252197,306
0.40732669830322266,310
0.4128446578979492,316
0.4177999496459961,320
0.42228198051452637,325
0.4274277687072754,329
0.43145203590393066,335
0.43691229820251465,339
0.44093990325927734,345
0.4462087154388428,349
0.45029711723327637,353
0.45565366744995117,356
0.45979785919189453,364
0.46584415435791016,368
0.4699549674987793,372
0.47532153129577637,375
0.4794728755950928,379
0.48478245735168457,385
0.4889256954193115,389
0.4936957359313965,395
0.498105525970459,399
0.502849817276001,403
0.5077574253082275,407
0.5122556686401367,414
0.5179197788238525,418
0.5222451686859131,422
0.5274343490600586,426
0.5315060615539551,431
0.5369899272918701,435
0.541046142578125,441
0.5461769104003906,445
0.5502710342407227,449
0.5557031631469727,453
0.5598165988922119,461
0.5660715103149414,464
0.5702078342437744,468
0.5756106376647949,472
0.5796880722045898,478
0.5851316452026367,482
0.5892786979675293,486
0.5946400165557861,491
0.598762035369873,495
0.603062629699707,501
0.607903242111206,505
0.6122024059295654,511
0.6181838512420654,515
0.622901201248169,519
0.6278207302093506,522
0.6321926116943359,528
0.6373379230499268,532
0.6413717269897461,538
0.6469428539276123,542
0.6509947776794434,547
0.6560852527618408,551
0.6602053642272949,555
0.666271448135376,561
0.6707019805908203,567
0.6758260726928711,571
0.679926872253418,575
0.6854538917541504,578
0.6895792484283447,584
0.6948978900909424,588
0.6990392208099365,592
0.7041122913360596,598
0.7081751823425293,602
0.7127292156219482,607
0.7187767028808594,611
0.7230820655822754,617
0.727968692779541,621
0.7323296070098877,625
0.7374789714813232,629
0.7415306568145752,635
0.7472000122070312,639
0.7512621879577637,644
0.7566959857940674,648
0.7607486248016357,654
0.7658274173736572,658
0.770970344543457,663
0.7762091159820557,667
0.7802951335906982,671
0.7856550216674805,675
0.7897608280181885,685
0.7983238697052002,689
0.8031356334686279,695
0.8080551624298096,699
0.8127765655517578,702
0.818751335144043,708
0.8236939907073975,714
0.8280668258666992,718
0.8326408863067627,721
0.8375799655914307,725
0.8415982723236084,731
0.8471100330352783,735
0.8511631488800049,741
0.8572940826416016,745
0.8613100051879883,751
0.8669240474700928,755
0.8720583915710449,762
0.8779425621032715,766
0.8823368549346924,770
0.8875002861022949,774
0.8916075229644775,780
0.8970391750335693,784
0.901113748550415,789
0.906702995300293,793
0.9107587337493896,799
0.9158356189727783,803
0.9209461212158203,809
0.92616868019104,813
0.9302728176116943,817
0.9356160163879395,821
0.9397344589233398,826
0.9451377391815186,830
0.9493014812469482,834
0.9546637535095215,840
0.9588003158569336,844
0.9630751609802246,849
0.9679398536682129,853
0.9741849899291992,859
0.9782426357269287,863
0.9829528331756592,867
0.9878442287445068,873
0.9921972751617432,877
0.9973635673522949,881
1.0013892650604248,887
1.0068323612213135,890
1.0108623504638672,896
1.0159649848937988,900
1.0210638046264648,906
1.0262243747711182,910
1.0303075313568115,915
1.035872220993042,919
1.0399632453918457,923
1.0454907417297363,927
1.0496132373809814,933
1.0549890995025635,937
1.0591678619384766,941
1.0642495155334473,947
1.0682692527770996,951
1.074608325958252,956
1.0787396430969238,960
1.0830185413360596,966
1.0878827571868896,970
1.0921988487243652,974
1.0972962379455566,977
1.101313591003418,983
1.1069612503051758,987
1.1109929084777832,993
1.116074562072754,997
1.1201858520507812,1003
1.1262693405151367,1007
1.1306931972503662,1012
1.1358652114868164,1015
1.1400024890899658,1019
1.1454129219055176,1021
1.1495587825775146,1025
1.1554899215698242,1028
1.1596460342407227,1031
1.165299415588379,1033
1.1694390773773193,1035
1.1755414009094238,1037
1.1796414852142334,1038
1.1852338314056396,1039
1.1894006729125977,1040
1.199458360671997,1040
1.2049455642700195,1040
1.2091038227081299,1040
1.2146868705749512,1039
1.2188563346862793,1038
1.2252051830291748,1037
1.2293965816497803,1036
1.2347948551177979,1034
1.2389287948608398,1032
1.244100570678711,1029
1.2482936382293701,1028
1.2528810501098633,1026
1.257791519165039,1023
1.2621288299560547,1020
1.2673070430755615,1018
1.2713747024536133,1014
1.2775890827178955,1012
1.282116174697876,1008
1.2873337268829346,1005
1.2914049625396729,1001
1.2970199584960938,998
1.3010849952697754,993
1.3062074184417725,991
1.3103406429290771,988
1.3156883716583252,986
1.3197777271270752,983
1.3251473903656006,980
1.3300049304962158,979
1.3353495597839355,977
1.3394548892974854,976
1.3449633121490479,975
1.3490827083587646,974
1.3541746139526367,974
1.3582329750061035,974
1.3627829551696777,974
1.3676762580871582,974
1.3718807697296143,975
1.3779358863830566,976
1.3822686672210693,977
1.3874034881591797,979
1.3914344310760498,981
1.396878719329834,982
1.4009027481079102,985
1.406207799911499,987
1.4102988243103027,989
1.4156453609466553,991
1.4197533130645752,995
1.4252722263336182,999
1.4301886558532715,1001
1.435619592666626,1004
1.4397528171539307,1008
1.4451241493225098,1010
1.4493014812469482,1012
1.4546940326690674,1015
1.4588887691497803,1016
1.4641518592834473,1018
1.4682652950286865,1019
1.4728496074676514,1020
1.4789187908172607,1021
1.4840340614318848,1021
1.4881668090820312,1021
1.492760419845581,1021
1.4977185726165771,1021
1.5020768642425537,1020
1.5072581768035889,1019
1.511335849761963,1018
1.5168251991271973,1017
1.520911693572998,1015
1.5261962413787842,1013
1.53145170211792,1011
1.5369205474853516,1009
1.540977954864502,1006
1.5460481643676758,1004
1.550173282623291,1002
1.5557105541229248,999
1.559830904006958,995
1.5652284622192383,993
1.569333553314209,991
1.5746793746948242,988
1.5788118839263916,986
1.5851261615753174,985
1.589294195175171,983
1.5977444648742676,982
1.6022348403930664,981
1.6073558330535889,981
1.611377239227295,981
1.616941213607788,981
1.621105670928955,982
1.6265933513641357,983
1.6314582824707031,984
1.6369297504425049,985
1.640953540802002,987
1.6462032794952393,989
1.6502902507781982,991
1.6556923389434814,993
1.6597809791564941,995
1.6651580333709717,997
1.669295072555542,1000
1.674654245376587,1003
1.6788303852081299,1007
1.6852190494537354,1009
1.689382553100586,1011
1.6947593688964844,1013
1.6989400386810303,1014
1.7042136192321777,1016
1.7082569599151611,1017
1.7128431797027588,1017
1.7177927494049072,1018
1.7221508026123047,1018
1.727365255355835,1018
1.7367193698883057,1017
1.7407865524291992,1016
1.7458715438842773,1015
1.7500278949737549,1013
1.7553963661193848,1012
1.7595946788787842,1010
1.765169382095337,1008
1.7693159580230713,1006
1.7746787071228027,1003
1.7788608074188232,1001
1.7849130630493164,998
1.7890427112579346,996
1.7941665649414062,992
1.798232078552246,990
1.802788496017456,989
1.807661771774292,987
1.8120896816253662,985
1.8173413276672363,984
1.821378469467163,983
1.8270044326782227,982
1.8310387134552002,982
1.8370649814605713,982
1.841113567352295,982
1.8461732864379883,983
1.8502545356750488,984
1.8562920093536377,985
1.860706090927124,987
1.8658435344696045,988
1.8699188232421875,993
1.882988452911377,998
1.8971424102783203,1003
1.9055414199829102,1009
1.9152939319610596,1014
1.9250524044036865,1019
1.9350409507751465,1022
1.9471156597137451,1025
1.9574978351593018,1025
1.9677774906158447,1024
1.9781208038330078,1022
1.9862875938415527,1018
2.000127077102661,1013
2.012784481048584,1009
2.0201668739318848,1007
2.025683879852295,1004
2.0298237800598145,1001
2.0352108478546143,998
2.0393636226654053,995
2.044809341430664,992
2.0489299297332764,990
2.053692102432251,987
2.0580670833587646,985
2.067148208618164,982
2.077627420425415,979
2.087068557739258,979
2.092949628829956,979
2.098175525665283,979
2.102728843688965,979
2.1076552867889404,980
2.11187481880188,981
2.117203950881958,983
2.12272047996521,984
2.1276540756225586,986
2.131843090057373,988
2.137140989303589,990
2.1411614418029785,993
2.1462371349334717,995
2.1503686904907227,997
2.155745506286621,1000
2.159883737564087,1004
2.1652474403381348,1006
2.169415235519409,1009
2.175506353378296,1011
2.179636001586914,1014
2.185251474380493,1015
2.189389705657959,1016
2.1947546005249023,1018
2.198918104171753,1019
2.203678607940674,1019
2.2080636024475098,1019
2.212853193283081,1019
2.2177939414978027,1019
2.223085880279541,1018
2.227942705154419,1017
2.2322475910186768,1016
2.237401008605957,1015
2.2414398193359375,1013
2.2471373081207275,1012
2.2512130737304688,1009
2.2562923431396484,1007
2.2607526779174805,1005
2.265838146209717,1002
2.2699368000030518,999
2.276103973388672,997
2.2802200317382812,995
2.285548686981201,993
2.2896454334259033,990
2.294922351837158,988
2.2990164756774902,987
2.3042752742767334,985
2.3083150386810303,985
2.312865734100342,984
2.31773042678833,983
2.322875499725342,983
2.327805995941162,983
2.332159996032715,984
2.3372888565063477,984
2.341336965560913,985
2.346933603286743,986
2.350947380065918,988
2.3560235500335693,989
2.360138177871704,991
2.3656234741210938,993
2.369708299636841,996
2.3756752014160156,998
2.379760503768921,1001
2.3851075172424316,1003
2.3892858028411865,1005
2.3946666717529297,1010
2.40415358543396,1012
2.4082202911376953,1013
2.4129483699798584,1015
2.4178807735443115,1015
2.42267107963562,1016
2.4283175468444824,1017
2.432893991470337,1017
2.4378011226654053,1016
2.4421513080596924,1016
2.4473860263824463,1015
2.4514408111572266,1014
2.4569337368011475,1013
2.4609835147857666,1011
2.4661099910736084,1010
2.4702436923980713,1009
2.476900815963745,1006
2.480955123901367,1003
2.4861526489257812,1001
2.4902760982513428,999
2.4956984519958496,997
2.4998342990875244,993
2.5052285194396973,992
2.509354591369629,990
2.514708995819092,988
2.5188283920288086,987
2.52309513092041,985
2.529075860977173,984
2.534174680709839,983
2.53821063041687,983
2.5429024696350098,983
2.5477888584136963,983
2.5521788597106934,984
2.5573253631591797,985
2.5613553524017334,986
2.566772222518921,987
2.5708091259002686,989
2.5769224166870117,990
2.5810463428497314,993
2.586097240447998,995
2.5902345180511475,997
2.5955748558044434,999
2.599674940109253,1002
2.605210304260254,1004
2.6093533039093018,1006
2.6147167682647705,1009
2.618863105773926,1011
2.6231675148010254,1013
2.629093647003174,1015
2.6342196464538574,1016
2.638256072998047,1017
2.642848491668701,1017
2.647752523422241,1018
2.652073383331299,1018
2.6572866439819336,1018
2.661330461502075,1017
2.666924238204956,1017
2.670959234237671,1015
2.676036834716797,1015
2.6812503337860107,1013
2.6867330074310303,1011
2.690788984298706,1009
2.695875883102417,1007
2.699988842010498,1005
2.705348253250122,1003
2.7094717025756836,1001
2.714867115020752,998
2.7189908027648926,996
2.72422194480896,993
2.729282855987549,991
2.7348268032073975,988
2.7389440536499023,987
2.743701219558716,985
2.7480947971343994,984
2.7526538372039795,983
2.757585048675537,983
2.7615859508514404,982
2.7670388221740723,982
2.7710695266723633,982
2.77618670463562,983
2.7813010215759277,984
2.7869184017181396,985
2.7909324169158936,986
2.7960305213928223,989
2.805194139480591,991
2.8093507289886475,992
2.814840793609619,995
2.818942070007324,997
2.8241546154022217,1000
2.8282394409179688,1003
2.834766387939453,1006
2.8389575481414795,1008
2.8442063331604004,1011
2.848263740539551,1013
2.8542463779449463,1014
2.8587350845336914,1015
2.864013910293579,1017
2.868128776550293,1017
2.872748851776123,1017
2.877657890319824,1017
2.8830883502960205,1017
2.8879566192626953,1017
2.892296075820923,1016
2.8974883556365967,1015
2.901538848876953,1014
2.9071638584136963,1012
2.911217451095581,1010
2.917172908782959,1009
2.921218156814575,1006
2.9267210960388184,1004
2.9307785034179688,1001
2.9369864463806152,999
2.941007137298584,996
2.9460880756378174,993
2.9502017498016357,992
2.955544948577881,990
2.9596354961395264,988
2.965231418609619,987
2.9693427085876465,985
2.9746484756469727,984
2.9787890911102295,984
2.9848458766937256,983
2.9889636039733887,983
2.9942781925201416,984
2.9983224868774414,984
