0.008772850036621094,0
0.02677178382873535,1
0.03890633583068848,4
0.0505673885345459,8
0.0626821517944336,13
0.07309675216674805,19
0.08563423156738281,26
0.09720015525817871,32
0.10855364799499512,42
0.12001466751098633,49
0.13248205184936523,59
0.14464783668518066,67
0.1572127342224121,77
0.16857624053955078,88
0.18000102043151855,98
0.19338369369506836,106
0.2046363353729248,117
0.21566534042358398,127
0.22693395614624023,135
0.23887205123901367,147
0.2506599426269531,158
0.26249027252197266,167
0.27396202087402344,177
0.28519177436828613,188
0.2980492115020752,198
0.30919313430786133,209
0.3208014965057373,220
0.3319118022918701,229
0.34474730491638184,239
0.3592658042907715,253
0.37196779251098633,264
0.38259291648864746,275
0.39569878578186035,285
0.40711259841918945,296
0.4186692237854004,306
0.43001794815063477,313
0.44281864166259766,323
0.45459866523742676,331
0.4658958911895752,339
0.47716617584228516,345
0.48854851722717285,352
0.5007467269897461,357
0.5127291679382324,361
0.5239560604095459,365
0.5348737239837646,368
0.5476086139678955,371
0.5589725971221924,374
0.5706751346588135,375
0.5824687480926514,376
0.5947575569152832,377
0.6056549549102783,377
0.6170654296875,377
0.6285018920898438,376
0.6391847133636475,375
0.6526031494140625,375
0.663893461227417,374
0.6748373508453369,373
0.6867878437042236,372
0.698847770690918,371
0.7105250358581543,370
0.7228853702545166,369
0.7338848114013672,369
0.74564528465271,368
0.7623369693756104,367
0.7733650207519531,366
0.7864749431610107,365
0.7985546588897705,364
0.8187286853790283,364
0.8305966854095459,363
0.8425073623657227,363
0.8618762493133545,363
0.881976842880249,363
0.8972775936126709,363
0.9168968200683594,363
0.9331669807434082,363
0.9519963264465332,363
0.97052001953125,363
0.9904859066009521,363
1.009950876235962,363
1.0259790420532227,363
1.0371630191802979,363
1.04848313331604,363
1.0669152736663818,363
1.0855462551116943,363
1.09855318069458,363
1.109860897064209,363
1.1225602626800537,363
1.1334657669067383,363
1.1445932388305664,363
1.156045913696289,363
1.1706047058105469,363
1.1838719844818115,363
1.195397138595581,363
1.2064731121063232,363
1.218642234802246,363
1.2319104671478271,363
1.243204116821289,363
1.2544276714324951,363
1.2654008865356445,363
1.2773358821868896,363
1.2886838912963867,363
1.300025224685669,363
1.3119666576385498,363
1.322969675064087,363
1.3348278999328613,363
1.3465306758880615,363
1.3576669692993164,363
1.3688769340515137,363
1.3823192119598389,363
1.3930187225341797,363
1.4050986766815186,363
1.4165000915527344,363
1.4280006885528564,363
1.43916654586792,363
1.4504578113555908,363
1.4627861976623535,363
1.4745850563049316,363
1.4867558479309082,363
1.4977428913116455,363
1.5089688301086426,363
1.5206124782562256,363
1.5330865383148193,363
1.5438523292541504,363
1.5548522472381592,363
1.5689830780029297,363
1.5827739238739014,363
1.5944523811340332,363
1.6052043437957764,363
1.6165542602539062,363
1.6276168823242188,363
1.6392755508422852,363
1.6508197784423828,363
1.662527322769165,363
1.6735873222351074,363
1.6865761280059814,363
1.6976075172424316,363
1.7088892459869385,363
1.7207095623016357,363
1.7319118976593018,363
1.7438271045684814,363
1.7554800510406494,363
1.7667596340179443,363
1.7777659893035889,363
1.7908103466033936,363
1.8027517795562744,363
1.8143680095672607,363
1.8251779079437256,363
1.8370754718780518,363
1.8476903438568115,363
1.8599579334259033,363
1.8719754219055176,363
1.883481502532959,363
1.895606279373169,363
1.9067509174346924,363
1.9176256656646729,363
1.9288532733917236,363
1.9419260025024414,363
1.9530181884765625,363
1.9674527645111084,363
1.981837511062622,363
1.9944515228271484,363
2.0054268836975098,363
2.0171408653259277,363
2.028557062149048,363
2.0404834747314453,363
2.0528030395507812,363
2.0642521381378174,363
2.0749573707580566,363
2.086747169494629,363
2.098759412765503,363
2.1104824542999268,363
2.1224939823150635,363
2.133901357650757,363
2.146517515182495,363
2.157550811767578,363
2.168958902359009,363
2.1806540489196777,363
2.1931347846984863,363
2.2042644023895264,363
2.2151870727539062,363
2.2267189025878906,363
2.2375223636627197,363
2.2492053508758545,363
2.2607765197753906,363
2.2724733352661133,363
2.284355401992798,363
2.2957935333251953,363
2.307173013687134,363
2.318463087081909,363
2.3292455673217773,363
2.3406946659088135,363
2.353750228881836,363
2.368403911590576,363
2.380620241165161,363
2.392836570739746,363
2.4047749042510986,363
2.416414260864258,363
2.4272186756134033,363
2.438547372817993,363
2.450655221939087,363
2.4625134468078613,363
2.473341464996338,363
2.4849233627319336,363
2.496943950653076,363
2.508749485015869,363
2.520846128463745,363
2.532748222351074,363
2.5431392192840576,363
2.556553363800049,363
2.5673186779022217,363
2.578730821609497,363
2.590635061264038,363
2.6032652854919434,363
2.6144628524780273,363
2.6252334117889404,363
2.6366028785705566,363
2.648714542388916,363
2.660295009613037,363
2.671938180923462,363
2.683103561401367,363
2.6947290897369385,363
2.7070183753967285,363
2.717216730117798,363
2.7289481163024902,363
2.7406413555145264,363
2.7529726028442383,363
2.767251491546631,363
2.7787463665008545,363
2.7919585704803467,363
2.8037259578704834,363
2.8154563903808594,363
2.8268659114837646,363
2.8379969596862793,363
2.849196434020996,363
2.8619675636291504,363
2.873096466064453,363
2.8835482597351074,363
2.895277261734009,363
2.9072084426879883,363
2.9186010360717773,363
2.9295294284820557,363
2.9408133029937744,363
2.9525034427642822,363
2.9645419120788574,363
2.9759135246276855,363
2.9872312545776367,363
2.9985709190368652,363
