0.009247541427612305,0
0.013170480728149414,0
0.025135040283203125,2
0.03730273246765137,5
0.048972129821777344,9
0.06098675727844238,15
0.0726919174194336,20
0.08428454399108887,28
0.09607815742492676,37
0.10888099670410156,45
0.12045121192932129,52
0.1320512294769287,62
0.14329934120178223,71
0.15490126609802246,80
0.168015718460083,90
0.17915773391723633,100
0.19071459770202637,108
0.2022533416748047,119
0.2144629955291748,129
0.22672438621520996,141
0.2384788990020752,150
0.2500135898590088,160
0.26229286193847656,170
0.2737009525299072,181
0.2856411933898926,192
0.2979555130004883,202
0.3093264102935791,213
0.3218517303466797,224
0.3327503204345703,232
0.3442556858062744,243
0.36069440841674805,258
0.3730618953704834,270
0.384446382522583,281
0.3976860046386719,292
0.4089984893798828,302
0.42117857933044434,313
0.43280720710754395,322
0.44431042671203613,333
0.4561901092529297,346
0.46930646896362305,356
0.4811537265777588,367
0.49288487434387207,377
0.5041537284851074,385
0.5179760456085205,394
0.5292177200317383,402
0.5410976409912109,407
0.5527334213256836,410
0.5656483173370361,413
0.5779397487640381,413
0.5891556739807129,412
0.600614070892334,410
0.6121411323547363,406
0.6242415904998779,401
0.636106014251709,394
0.6484420299530029,388
0.6600987911224365,381
0.6723754405975342,373
0.6840059757232666,365
0.6958968639373779,358
0.708322286605835,350
0.7204899787902832,344
0.7320129871368408,338
0.7432427406311035,333
0.7597355842590332,328
0.7728292942047119,326
0.7845683097839355,324
0.7980637550354004,325
0.8096668720245361,326
0.8219189643859863,329
0.8331527709960938,332
0.844658374786377,337
0.8574144840240479,342
0.8691325187683105,347
0.8818957805633545,352
0.8929221630096436,358
0.9043164253234863,362
0.9171509742736816,368
0.9301514625549316,372
0.9417774677276611,376
0.952972412109375,379
0.9644138813018799,381
0.9783279895782471,382
0.989987850189209,383
1.0014183521270752,383
1.012753963470459,382
1.0257132053375244,381
1.0379266738891602,378
1.0491399765014648,376
1.0608022212982178,374
1.0722644329071045,370
1.0844650268554688,366
1.0973243713378906,363
1.1091341972351074,360
1.1206016540527344,357
1.132840633392334,354
1.144329309463501,352
1.1612937450408936,349
1.1727828979492188,348
1.1876661777496338,347
1.19905424118042,347
1.2103703022003174,347
1.2217447757720947,347
1.234065055847168,348
1.245833396911621,350
1.2579193115234375,351
1.2690613269805908,353
1.2810704708099365,355
1.2926099300384521,356
1.3042423725128174,359
1.3311495780944824,363
1.3619201183319092,366
1.3890790939331055,368
1.408355474472046,369
1.4320056438446045,369
1.452829122543335,368
1.473144292831421,366
1.4992129802703857,364
1.5177233219146729,362
1.5360298156738281,360
1.5623860359191895,358
1.5809893608093262,357
1.5979773998260498,356
1.6139209270477295,356
1.6258721351623535,356
1.6389622688293457,356
1.6503241062164307,356
1.6618897914886475,356
1.6727180480957031,356
1.685762643814087,356
1.6978118419647217,356
1.7092318534851074,357
1.720935344696045,357
1.732424020767212,358
1.744494915008545,358
1.7572004795074463,359
1.7696409225463867,359
1.780749797821045,360
1.799149990081787,360
1.8105189800262451,360
1.8218719959259033,360
1.8328945636749268,361
1.8557841777801514,361
1.8718843460083008,360
1.8887395858764648,360
1.9098193645477295,360
1.9258410930633545,360
1.9432625770568848,360
1.9661602973937988,360
1.9840285778045654,360
2.004009246826172,360
2.0207042694091797,360
2.03196120262146,360
2.0427086353302,360
2.0542571544647217,360
2.0744738578796387,360
2.0921788215637207,360
2.104271650314331,360
2.1162216663360596,360
2.1290318965911865,360
2.140347957611084,360
2.1517579555511475,360
2.1627004146575928,360
2.1751468181610107,360
2.18768310546875,360
2.199082374572754,360
2.2103917598724365,360
2.2226638793945312,360
2.2342422008514404,360
2.245877981185913,360
2.258073329925537,360
2.269002914428711,360
2.2811522483825684,360
2.292679786682129,360
2.304302215576172,360
2.3161654472351074,360
2.3290929794311523,360
2.3409204483032227,360
2.352139949798584,360
2.3684582710266113,360
2.380476474761963,360
2.392179012298584,360
2.4032294750213623,360
2.414911985397339,360
2.4281628131866455,360
2.4391767978668213,360
2.450403928756714,360
2.462054491043091,360
2.473370313644409,360
2.4871511459350586,360
2.4985644817352295,360
2.509892463684082,360
2.5212485790252686,360
2.5338668823242188,360
2.5449020862579346,360
2.5572571754455566,360
2.568490982055664,360
2.5805516242980957,360
2.5918898582458496,360
2.6027395725250244,360
2.614243984222412,360
2.6262073516845703,360
2.638964891433716,360
2.650514841079712,360
2.661881685256958,360
2.6726765632629395,360
2.6849470138549805,360
2.6973137855529785,360
2.7089717388153076,360
2.7204415798187256,360
2.7326788902282715,360
2.7440881729125977,360
2.755967855453491,360
2.772247076034546,360
2.7844083309173584,360
2.797386407852173,360
2.808993101119995,360
2.820329427719116,360
2.8326871395111084,360
2.844330072402954,360
2.8561694622039795,360
2.8681116104125977,360
2.879157066345215,360
2.89188551902771,360
2.902740478515625,360
2.914238452911377,360
2.9252617359161377,360
2.9384841918945312,360
2.9503586292266846,360
2.9609925746917725,360
2.9728636741638184,360
2.9831531047821045,360
2.9971630573272705,360
3.008646011352539,360
