0.017307519912719727,0
0.022390365600585938,1
0.035750389099121094,3
0.04731130599975586,7
0.05869650840759277,11
0.07013750076293945,17
0.08253812789916992,23
0.09422016143798828,32
0.10635709762573242,39
0.11817574501037598,47
0.1305696964263916,57
0.14232444763183594,66
0.15418004989624023,77
0.16634297370910645,85
0.17857623100280762,95
0.190108060836792,105
0.20137238502502441,115
0.21300005912780762,126
0.22633790969848633,136
0.23798179626464844,147
0.24942564964294434,157
0.26110076904296875,168
0.2731363773345947,179
0.2863187789916992,189
0.2978487014770508,200
0.31345176696777344,215
0.3263735771179199,227
0.33863210678100586,237
0.3501861095428467,247
0.3614077568054199,258
0.3727226257324219,269
0.38632965087890625,280
0.39800024032592773,291
0.40947437286376953,302
0.4210343360900879,313
0.433990478515625,324
0.4468350410461426,335
0.45827245712280273,346
0.473987340927124,360
0.48772573471069336,373
0.49944019317626953,383
0.5109882354736328,391
0.5221729278564453,395
0.5360167026519775,401
0.5478146076202393,403
0.558988094329834,403
0.5706629753112793,402
0.5833492279052734,399
0.5960264205932617,395
0.6071910858154297,389
0.6186947822570801,384
0.6301641464233398,377
0.6425588130950928,369
0.6554820537567139,360
0.6671411991119385,352
0.6787540912628174,346
0.6909735202789307,339
0.7025420665740967,335
0.7193827629089355,333
0.7310810089111328,333
0.7438821792602539,336
0.7560012340545654,339
0.7669363021850586,345
0.7785983085632324,349
0.7912323474884033,357
0.8030352592468262,364
0.8158042430877686,370
0.8274178504943848,375
0.8402140140533447,379
0.8518493175506592,381
0.8640012741088867,381
0.8762650489807129,379
0.8885319232940674,376
0.900254487991333,371
0.9118340015411377,366
0.923959493637085,360
0.9362373352050781,354
0.9486021995544434,349
0.9602270126342773,345
0.9717726707458496,343
0.9834542274475098,342
0.9970483779907227,343
1.0086770057678223,345
1.0204720497131348,349
1.0320868492126465,354
1.046081781387329,360
1.0577235221862793,365
1.0691978931427002,369
1.0806519985198975,372
1.0937981605529785,375
1.1093995571136475,375
1.121122121810913,374
1.1333768367767334,371
1.146946907043457,367
1.1587026119232178,363
1.1702454090118408,359
1.1819684505462646,355
1.1952130794525146,351
1.2067632675170898,348
1.2184748649597168,347
1.2301857471466064,346
1.2414064407348633,347
1.2547986507415771,350
1.2664899826049805,352
1.2781405448913574,356
1.2899622917175293,360
1.3022751808166504,363
1.315213680267334,367
1.3267607688903809,369
1.3383088111877441,371
1.3504993915557861,371
1.3620860576629639,369
1.3734521865844727,367
1.3860132694244385,365
1.3986144065856934,361
1.410207748413086,358
1.421203851699829,355
1.4332034587860107,353
1.4472057819366455,351
1.4587857723236084,350
1.470216989517212,350
1.4814660549163818,351
1.4931409358978271,353
1.5106444358825684,356
1.5225260257720947,359
1.5357470512390137,362
1.5481696128845215,364
1.5600495338439941,366
1.5713691711425781,367
1.5858080387115479,367
1.5973010063171387,366
1.61033296585083,364
1.6221904754638672,362
1.6342098712921143,360
1.6463823318481445,358
1.658874273300171,356
1.6704118251800537,355
1.6820082664489746,354
1.6937615871429443,353
1.7069885730743408,354
1.7183613777160645,355
1.7301990985870361,356
1.7414214611053467,358
1.75425386428833,360
1.7662956714630127,361
1.7781484127044678,362
1.7900753021240234,363
1.8020524978637695,363
1.814171314239502,363
1.8265728950500488,362
1.8384428024291992,361
1.8500847816467285,360
1.8625731468200684,359
1.8754069805145264,357
1.8868579864501953,357
1.8984906673431396,356
1.9153287410736084,356
1.927095651626587,357
1.9387965202331543,357
1.950319766998291,358
1.962294340133667,359
1.9760081768035889,359
1.9871630668640137,360
1.9987702369689941,360
2.010758876800537,361
2.022397041320801,360
2.0351405143737793,360
2.0463969707489014,360
2.0589077472686768,359
2.0705511569976807,359
2.0822081565856934,359
2.0948309898376465,358
2.106428384780884,358
2.1187613010406494,358
2.130239963531494,359
2.141958236694336,359
2.1532320976257324,359
2.166383743286133,359
2.1782188415527344,359
2.190260648727417,359
2.201449394226074,359
2.2148032188415527,359
2.2263529300689697,359
2.237874984741211,359
2.249297857284546,359
2.2614967823028564,359
2.273155689239502,359
2.2858633995056152,359
2.29729962348938,359
2.3131814002990723,359
2.326030969619751,359
2.3372738361358643,359
2.348712205886841,359
2.3610599040985107,359
2.37264084815979,359
2.3854012489318848,359
2.3968498706817627,359
2.408494472503662,359
2.4210262298583984,359
2.4325103759765625,359
2.44610333442688,359
2.457242012023926,359
2.480933904647827,359
2.502338171005249,359
2.5192649364471436,359
2.540182590484619,359
2.5569534301757812,359
2.576417922973633,359
2.5953943729400635,359
2.6127140522003174,359
2.6294472217559814,359
2.650184154510498,359
2.669956922531128,359
2.686940908432007,359
2.700133800506592,359
2.716280698776245,359
2.7339489459991455,359
2.751100778579712,359
2.7672502994537354,359
2.779265880584717,359
2.7918448448181152,359
2.803173780441284,359
2.817033529281616,359
2.8286166191101074,359
2.8401098251342773,359
2.852661371231079,359
2.865318536758423,359
2.8767497539520264,359
2.8884241580963135,359
2.900777578353882,359
2.912363052368164,359
2.9251716136932373,359
2.93664288520813,359
2.948596954345703,359
2.960367202758789,359
2.971914291381836,359
2.9832863807678223,359
2.996508836746216,359
3.008078098297119,359
