0.01999068260192871,0
0.0240938663482666,0
0.037871360778808594,2
0.04930567741394043,5
0.062323808670043945,9
0.07444119453430176,15
0.08765769004821777,22
0.09927630424499512,30
0.11223483085632324,38
0.12408757209777832,46
0.13723039627075195,56
0.14959979057312012,66
0.16204142570495605,75
0.17395901679992676,85
0.18603777885437012,98
0.20270490646362305,108
0.21605134010314941,121
0.22869110107421875,130
0.24052095413208008,140
0.2523372173309326,150
0.2653336524963379,162
0.27834272384643555,173
0.2900395393371582,183
0.3020796775817871,194
0.31520771980285645,206
0.32820820808410645,217
0.34014201164245605,228
0.3520545959472656,238
0.36585569381713867,250
0.37842655181884766,261
0.39013171195983887,272
0.4021792411804199,283
0.41523027420043945,295
0.4283316135406494,306
0.4399566650390625,316
0.45216870307922363,327
0.46512341499328613,340
0.4780600070953369,350
0.49013590812683105,361
0.5020580291748047,371
0.5152509212493896,382
0.5282437801361084,391
0.5404326915740967,399
0.5522298812866211,406
0.5632901191711426,413
0.5776069164276123,420
0.5929887294769287,426
0.6058595180511475,430
0.6191370487213135,433
0.6310529708862305,434
0.6429224014282227,435
0.6552605628967285,435
0.6689538955688477,433
0.6806850433349609,432
0.6926321983337402,429
0.7045440673828125,425
0.7187068462371826,420
0.7307109832763672,416
0.7426245212554932,410
0.7545852661132812,404
0.7685165405273438,398
0.7803161144256592,392
0.7925357818603516,386
0.8045792579650879,378
0.8179075717926025,372
0.8303492069244385,366
0.8419833183288574,361
0.8539435863494873,355
0.8671634197235107,350
0.8801496028900146,345
0.8921828269958496,341
0.9040045738220215,337
0.9171984195709229,334
0.9304471015930176,332
0.9422378540039062,330
0.9542808532714844,328
0.9676826000213623,328
0.9801628589630127,328
0.9960474967956543,328
1.0085995197296143,329
1.0220136642456055,330
1.0341825485229492,332
1.0600886344909668,337
1.078150987625122,341
1.0901410579681396,344
1.1019542217254639,346
1.1136925220489502,350
1.127244472503662,353
1.1392366886138916,356
1.1518378257751465,359
1.1631042957305908,362
1.176147222518921,365
1.1888694763183594,368
1.200742483139038,370
1.2124958038330078,372
1.2232871055603027,374
1.238001823425293,375
1.2499456405639648,377
1.2621114253997803,378
1.274303674697876,378
1.2883265018463135,379
1.3002963066101074,379
1.3123557567596436,379
1.324371576309204,378
1.3383183479309082,378
1.350085735321045,378
1.3619389533996582,377
1.3737759590148926,376
1.3890609741210938,375
1.4051966667175293,374
1.418271780014038,373
1.431086778640747,372
1.4430263042449951,371
1.4551012516021729,370
1.468076229095459,369
1.4809279441833496,368
1.492842674255371,367
1.5052130222320557,366
1.5180864334106445,366
1.5305445194244385,365
1.5424842834472656,364
1.5545036792755127,364
1.567955493927002,364
1.5799379348754883,364
1.5925590991973877,363
1.6044929027557373,363
1.6178138256072998,363
1.6297013759613037,363
1.6422042846679688,364
1.6541130542755127,364
1.667149543762207,364
1.6791181564331055,364
1.6922717094421387,364
1.7043111324310303,364
1.7176556587219238,364
1.7297606468200684,364
1.7421813011169434,364
1.7542767524719238,364
1.767228364944458,364
1.779130458831787,364
1.7922186851501465,364
1.8085389137268066,364
1.8203747272491455,364
1.8322017192840576,364
1.8448569774627686,364
1.8577778339385986,364
1.869232416152954,364
1.8811662197113037,364
1.8940787315368652,364
1.9071142673492432,364
1.919083595275879,364
1.931190013885498,364
1.9439482688903809,364
1.9560832977294922,364
1.968566656112671,364
1.9803290367126465,364
1.9928479194641113,364
2.00454044342041,364
2.018482208251953,364
2.030017852783203,364
2.042813777923584,364
2.0550599098205566,364
2.0673837661743164,364
2.0792648792266846,364
2.0922155380249023,364
2.104320526123047,364
2.1176631450653076,364
2.1293094158172607,364
2.1422102451324463,364
2.1540749073028564,364
2.165928363800049,364
2.1784543991088867,364
2.1901190280914307,364
2.2070846557617188,364
2.219099760055542,364
2.231738328933716,364
2.243950128555298,364
2.2560606002807617,364
2.2686314582824707,364
2.2805280685424805,364
2.292897939682007,364
2.304924726486206,364
2.317906618118286,364
2.3297312259674072,364
2.34173583984375,364
2.354499578475952,364
2.3679471015930176,364
2.37971568107605,364
2.3917312622070312,364
2.404235363006592,364
2.4173521995544434,364
2.4292168617248535,364
2.441009521484375,364
2.453845977783203,364
2.4661762714385986,364
2.478816032409668,364
2.4905874729156494,364
2.5030479431152344,364
2.5150249004364014,364
2.5283029079437256,364
2.540351390838623,364
2.552813768386841,364
2.5645854473114014,364
2.5770938396453857,364
2.5891306400299072,364
2.6056666374206543,364
2.6184825897216797,364
2.63029146194458,364
2.642364263534546,364
2.655179738998413,364
2.6679728031158447,364
2.679703950881958,364
2.6911356449127197,364
2.7038626670837402,364
2.7159430980682373,364
2.728402853012085,364
2.740028142929077,364
2.7529382705688477,364
2.7651681900024414,364
2.7779502868652344,364
2.7897112369537354,364
2.802544593811035,364
2.8145153522491455,364
2.8279571533203125,364
2.839747905731201,364
2.851066827774048,364
2.864070415496826,364
2.876166582107544,364
2.888749599456787,364
2.900386095046997,364
2.913029909133911,364
2.9250404834747314,364
2.937816619873047,364
2.9492993354797363,364
2.9624860286712646,364
2.974445343017578,364
2.9876465797424316,364
3.002495288848877,364
