0.010036230087280273,1
0.020612478256225586,1
0.02632284164428711,1
0.030607223510742188,2
0.03645801544189453,2
0.040787696838378906,3
0.04700040817260742,4
0.05159783363342285,5
0.05799746513366699,6
0.06222677230834961,7
0.06789088249206543,8
0.07211613655090332,9
0.07787442207336426,10
0.08211088180541992,11
0.08772921562194824,12
0.09200191497802734,14
0.09785342216491699,15
0.10211467742919922,17
0.10848498344421387,17
0.11297821998596191,19
0.11835598945617676,20
0.12288904190063477,22
0.12821078300476074,23
0.13273930549621582,25
0.13814830780029297,25
0.14260363578796387,27
0.14809703826904297,28
0.15233063697814941,30
0.15875029563903809,32
0.1636943817138672,33
0.16880559921264648,35
0.17361760139465332,35
0.17869186401367188,37
0.18346691131591797,39
0.18856430053710938,40
0.1930677890777588,43
0.20288515090942383,45
0.2089688777923584,46
0.21385860443115234,47
0.21895480155944824,49
0.22369909286499023,50
0.22881102561950684,51
0.2336132526397705,53
0.2388908863067627,54
0.24366521835327148,55
0.2487480640411377,57
0.25353574752807617,59
0.25969934463500977,60
0.26508331298828125,61
0.27373600006103516,64
0.2787942886352539,65
0.2837202548980713,67
0.2887692451477051,68
0.2938096523284912,70
0.3015787601470947,71
0.30797290802001953,73
0.31224560737609863,74
0.3178987503051758,75
0.32216310501098633,77
0.32785558700561523,78
0.3320887088775635,79
0.33790016174316406,80
0.34215569496154785,82
0.3500850200653076,83
0.3556556701660156,85
0.3607006072998047,87
0.36629462242126465,87
0.37058353424072266,89
0.37612032890319824,90
0.3804352283477783,91
0.38603830337524414,92
0.39036083221435547,94
0.39605283737182617,95
0.40040087699890137,96
0.4059114456176758,98
0.4109842777252197,99
0.4165956974029541,100
0.4208798408508301,101
0.42659974098205566,103
0.4309382438659668,103
0.43644213676452637,104
0.44074034690856934,106
0.4462606906890869,107
0.4505443572998047,108
0.45624232292175293,109
0.4616987705230713,111
0.4669320583343506,112
0.4715292453765869,113
0.47684693336486816,114
0.48148393630981445,115
0.48675084114074707,116
0.49106550216674805,117
0.49660396575927734,118
0.5008962154388428,119
0.5063998699188232,120
0.5117959976196289,122
0.517589807510376,123
0.5218265056610107,124
0.5273280143737793,125
0.5316653251647949,126
0.5369396209716797,127
0.5415267944335938,128
0.5468733310699463,129
0.5514400005340576,130
0.5569162368774414,131
0.5622317790985107,132
0.5678572654724121,133
0.5720953941345215,134
0.5779495239257812,135
0.5821735858917236,136
0.5878133773803711,137
0.5920274257659912,138
0.597667932510376,139
0.6018903255462646,140
0.6075575351715088,141
0.6128721237182617,142
0.6181955337524414,143
0.6226389408111572,144
0.6281278133392334,145
0.6327619552612305,146
0.6381886005401611,147
0.6425998210906982,148
0.6480762958526611,149
0.6523094177246094,149
0.6579773426055908,150
0.6635382175445557,151
0.6686217784881592,153
0.6779096126556396,154
0.6821672916412354,155
0.6880998611450195,156
0.6923480033874512,157
0.6982152462005615,157
0.7026581764221191,159
0.7080931663513184,159
0.7136032581329346,161
0.7186791896820068,161
0.7234327793121338,162
0.7285430431365967,163
0.7330591678619385,164
0.7384083271026611,165
0.742919921875,165
0.7482209205627441,166
0.752892017364502,167
0.7582001686096191,168
0.763730525970459,169
0.7688210010528564,170
0.7736215591430664,171
0.7786655426025391,171
0.7834672927856445,172
0.7886149883270264,173
0.7930951118469238,174
0.7984573841094971,174
0.8029673099517822,175
0.8084027767181396,176
0.814845085144043,177
0.8191168308258057,178
0.8238756656646729,179
0.8289551734924316,179
0.8336870670318604,180
0.8387372493743896,181
0.8434975147247314,182
0.8485970497131348,183
0.8530826568603516,183
0.8584182262420654,184
0.8629295825958252,185
0.8689985275268555,185
0.8738811016082764,186
0.8789470195770264,187
0.8836958408355713,188
0.8888087272644043,189
0.8935821056365967,189
0.89864182472229,190
0.9033350944519043,191
0.9084270000457764,191
0.9129767417907715,192
0.9190874099731445,193
0.9238753318786621,194
0.928947925567627,194
0.9338312149047852,195
0.9388322830200195,195
0.9437463283538818,196
0.9488072395324707,197
0.9536077976226807,197
0.958655595779419,198
0.9633550643920898,199
0.9695413112640381,199
0.9749002456665039,200
0.9794542789459229,201
0.9839050769805908,202
0.98899245262146,202
0.9938931465148926,203
0.9989254474639893,203
1.0037155151367188,204
1.0087826251983643,205
1.013559103012085,206
1.019780158996582,206
1.0250742435455322,207
1.0296342372894287,207
1.0350010395050049,208
1.039562463760376,209
1.045762300491333,209
1.0500836372375488,210
1.0557942390441895,211
1.060091257095337,212
1.0784680843353271,214
1.0869693756103516,215
1.101499080657959,216
1.109891414642334,218
1.122065544128418,219
1.1305129528045654,220
1.1426160335540771,221
1.1508703231811523,222
1.1630258560180664,224
1.174907922744751,225
1.18560791015625,226
1.1957218647003174,227
1.201550006866455,227
1.2070159912109375,228
1.2116036415100098,229
1.216900110244751,229
1.2214083671569824,230
1.2267553806304932,230
1.2310497760772705,231
1.242201328277588,232
1.2530450820922852,233
1.262012004852295,234
1.2680542469024658,234
1.2723145484924316,235
1.2779040336608887,235
1.2821400165557861,236
1.2877788543701172,236
1.292008638381958,237
1.29783034324646,237
1.3031022548675537,238
1.3084702491760254,238
1.3129801750183105,239
1.3183224201202393,239
1.3229026794433594,239
1.3282277584075928,240
1.332883596420288,241
1.3382048606872559,241
1.3426589965820312,241
1.3481159210205078,242
1.3538298606872559,243
1.358837604522705,243
1.363630771636963,243
1.3686702251434326,244
1.3733675479888916,244
1.3784399032592773,245
1.382978916168213,245
1.3882606029510498,245
1.3927557468414307,246
1.3981406688690186,246
1.4036734104156494,247
1.4088623523712158,247
1.4137883186340332,248
1.4188165664672852,248
1.4236066341400146,249
1.4286458492279053,249
1.4333455562591553,249
1.4384393692016602,250
1.4429824352264404,250
1.4483599662780762,251
1.453730583190918,251
1.4587781429290771,251
1.4637038707733154,252
1.4687845706939697,253
1.4777898788452148,253
1.4820191860198975,253
1.4878261089324951,254
1.492081642150879,254
1.4978783130645752,255
1.503525972366333,255
1.508624792098999,255
1.5131077766418457,256
1.518418550491333,256
1.522925615310669,257
1.5282628536224365,257
1.5329432487487793,257
1.5382905006408691,257
1.542794942855835,258
1.5481796264648438,258
1.553514003753662,259
1.5586273670196533,259
1.5631012916564941,259
1.5684096813201904,260
1.572962760925293,260
1.5782575607299805,261
1.5827593803405762,261
1.5881073474884033,261
1.5923402309417725,262
1.5982043743133545,262
1.6026442050933838,263
1.608743667602539,263
1.6135287284851074,263
1.618596076965332,263
1.6230792999267578,264
1.6283702850341797,264
1.632899522781372,265
1.6382215023040771,265
1.6427478790283203,265
1.6480801105499268,265
1.6522812843322754,266
1.658634901046753,266
1.6631124019622803,267
1.6684510707855225,267
1.6729495525360107,267
1.6782195568084717,267
1.6826434135437012,268
1.688072681427002,268
1.6923046112060547,268
1.6980094909667969,269
1.7022359371185303,269
1.7084779739379883,269
1.7133843898773193,270
1.7184455394744873,270
1.7230982780456543,270
1.7284388542175293,271
1.733018159866333,271
1.7383246421813965,271
1.7429139614105225,271
1.7482178211212158,272
1.7527456283569336,272
1.7588300704956055,273
1.7636630535125732,273
1.768712043762207,273
1.7736358642578125,273
1.7787559032440186,274
1.783559799194336,274
1.7886083126068115,274
1.793100118637085,275
1.7984764575958252,275
1.8030037879943848,275
1.809058666229248,275
1.8138048648834229,276
1.8188183307647705,276
1.8236076831817627,276
1.8287599086761475,277
1.8337156772613525,277
1.8388047218322754,277
1.8436033725738525,277
1.8486714363098145,278
1.8535370826721191,278
1.8596315383911133,278
1.8649625778198242,279
1.8695061206817627,279
1.8786537647247314,279
1.8836097717285156,280
1.8886981010437012,280
1.8937079906463623,280
1.8987500667572021,281
1.903665542602539,281
1.909841775894165,281
1.9153509140014648,281
1.9196996688842773,281
1.925363302230835,282
1.9297089576721191,282
1.9350414276123047,282
1.9395947456359863,283
1.9448833465576172,283
1.9529533386230469,283
1.9583325386047363,283
1.9637928009033203,284
1.9688889980316162,284
1.9736332893371582,284
1.9787428379058838,285
1.9836997985839844,285
1.988797903060913,285
1.9935779571533203,285
1.9986844062805176,285
2.003420114517212,286
2.008507013320923,286
2.0150203704833984,286
2.0195822715759277,286
2.0248756408691406,287
2.029106378555298,287
2.0338926315307617,287
2.0390353202819824,287
2.0455539226531982,287
2.049863338470459,288
2.0553855895996094,288
2.0597410202026367,288
2.0660247802734375,289
2.0703516006469727,289
2.0761168003082275,289
2.080430746078491,289
2.0859689712524414,289
2.090303659439087,290
2.095780849456787,290
2.100078582763672,290
2.105670213699341,290
2.1099772453308105,291
2.116410493850708,291
2.120724678039551,291
2.1262969970703125,291
2.130596399307251,291
2.136359453201294,291
2.1406731605529785,292
2.1462082862854004,292
2.1504952907562256,292
2.1560611724853516,292
2.1603755950927734,293
2.1665420532226562,293
2.1708579063415527,293
2.17641019821167,293
2.1806747913360596,293
2.1862058639526367,293
2.1905357837677,294
2.1962382793426514,294
2.2005112171173096,294
2.2061026096343994,294
2.2104058265686035,295
2.2167251110076904,295
2.221039056777954,295
2.226597547531128,295
2.23088002204895,295
2.2364320755004883,295
2.2407331466674805,295
2.246405839920044,296
2.2507011890411377,296
2.2564070224761963,296
2.2606773376464844,296
2.26689076423645,296
2.271456480026245,297
2.280327081680298,297
2.285993814468384,297
2.2902991771698,297
2.2960383892059326,297
2.300344228744507,297
2.305999755859375,298
2.3103272914886475,298
2.3166704177856445,298
2.320976734161377,298
2.32662296295166,299
2.330922842025757,299
2.33644700050354,299
2.340752124786377,299
2.346275568008423,299
2.3505377769470215,299
2.3561289310455322,299
2.3604705333709717,300
2.366697311401367,300
2.371016502380371,300
2.3767244815826416,300
2.381016969680786,301
2.3865315914154053,301
2.3908650875091553,301
2.3963840007781982,301
2.400672197341919,301
2.406262159347534,301
2.410552740097046,301
2.416839361190796,301
2.421421527862549,302
2.4267330169677734,302
2.4310214519500732,302
2.436758279800415,302
2.4410412311553955,302
2.4465584754943848,303
2.4508168697357178,303
2.456386089324951,303
2.4606566429138184,303
2.4669480323791504,303
2.471590280532837,303
2.476870536804199,303
2.4814252853393555,303
2.4867823123931885,303
2.4910881519317627,304
2.4967751502990723,304
2.5010902881622314,304
2.5067999362945557,304
2.511108636856079,304
2.5178287029266357,305
2.522103786468506,305
2.5277137756347656,305
2.5319600105285645,305
2.5375986099243164,305
2.541821241378784,305
2.547438859939575,305
2.551699638366699,305
2.5575225353240967,305
2.561765193939209,306
2.5674307346343994,306
2.572639226913452,306
2.578071355819702,306
2.582317352294922,306
2.5879905223846436,306
2.5922183990478516,306
2.597851276397705,306
2.602072238922119,307
2.6076889038085938,307
2.611912727355957,307
2.6177000999450684,307
2.623013734817505,307
2.628319501876831,307
2.6330718994140625,307
2.6384060382843018,307
2.642915964126587,308
2.6482255458831787,308
2.6526565551757812,308
2.6581318378448486,308
2.6625492572784424,308
2.668059825897217,308
2.6737771034240723,309
2.682929277420044,309
2.6882073879241943,309
2.6928551197052,309
2.6982109546661377,309
2.702853202819824,309
2.7081971168518066,309
2.7127466201782227,309
2.718079090118408,309
2.7236528396606445,310
2.728717088699341,310
2.7336549758911133,310
2.7387659549713135,310
2.7435550689697266,310
2.7486088275909424,310
2.7530975341796875,311
2.7584028244018555,311
2.763110876083374,311
2.768479347229004,311
2.7748630046844482,311
2.7791059017181396,311
2.783862590789795,311
2.7888877391815186,311
2.7937848567962646,311
2.798875331878662,311
2.803649663925171,311
2.8086998462677,312
2.8134713172912598,312
2.818549871444702,312
2.824904203414917,312
2.8294832706451416,312
2.834425687789917,312
2.8390212059020996,312
2.8437721729278564,312
2.848778009414673,312
2.8537039756774902,313
2.85874605178833,313
2.8635687828063965,313
2.868635416030884,313
2.874966621398926,313
2.8795087337493896,313
2.884805202484131,313
2.88907790184021,313
2.8948171138763428,313
2.899080991744995,313
2.9038000106811523,313
2.908818483352661,313
2.913743257522583,313
2.9187655448913574,313
2.9254372119903564,313
2.9297924041748047,313
2.9350852966308594,313
2.9396512508392334,313
2.944984197616577,313
2.9495503902435303,313
2.9548890590667725,313
2.9594640731811523,313
2.9644155502319336,313
2.9689955711364746,313
2.97560453414917,313
2.9799399375915527,313
2.9855453968048096,314
2.989863157272339,314
2.995396375656128,314
2.999722957611084,314
