0.00858163833618164,0
0.012490272521972656,0
0.019115447998046875,1
0.024718046188354492,2
0.029753923416137695,2
0.03530168533325195,3
0.04080963134765625,4
0.04665780067443848,5
0.05115771293640137,7
0.057186126708984375,9
0.06199812889099121,10
0.06795620918273926,11
0.07236242294311523,13
0.0782461166381836,15
0.08285880088806152,17
0.0892643928527832,20
0.09505939483642578,22
0.0998687744140625,24
0.1054234504699707,27
0.11020183563232422,29
0.11611485481262207,32
0.12062835693359375,34
0.12647056579589844,37
0.13098454475402832,41
0.13671231269836426,43
0.14229178428649902,46
0.1481914520263672,50
0.15261340141296387,53
0.1583852767944336,56
0.16307425498962402,60
0.16857409477233887,63
0.17368388175964355,67
0.17891836166381836,71
0.18381500244140625,74
0.18908452987670898,78
0.19606852531433105,83
0.2006676197052002,85
0.20645642280578613,90
0.21088790893554688,93
0.2166588306427002,98
0.22110724449157715,103
0.2268543243408203,107
0.23132967948913574,111
0.23790955543518066,115
0.24341487884521484,120
0.2489783763885498,125
0.2539103031158447,128
0.2591581344604492,133
0.26848363876342773,140
0.27335333824157715,145
0.27881741523742676,148
0.2839233875274658,153
0.28913211822509766,159
0.29619789123535156,164
0.3007338047027588,167
0.3064849376678467,172
0.3109419345855713,177
0.31658244132995605,181
0.3211038112640381,186
0.32705140113830566,191
0.33176255226135254,195
0.33714723587036133,200
0.3426191806793213,205
0.34836506843566895,209
0.3532443046569824,214
0.3587357997894287,217
0.3636894226074219,223
0.36892127990722656,228
0.3738129138946533,231
0.37906432151794434,237
0.3840219974517822,242
0.38930749893188477,245
0.39618968963623047,251
0.4007561206817627,254
0.40654993057250977,259
0.41107630729675293,264
0.41695332527160645,269
0.4217236042022705,273
0.4272477626800537,278
0.43202972412109375,281
0.43785786628723145,287
0.4422481060028076,292
0.4486582279205322,295
0.4538147449493408,300
0.45905399322509766,305
0.4639766216278076,309
0.46930670738220215,314
0.4753553867340088,319
0.4801311492919922,322
0.4859733581542969,327
0.4905059337615967,331
0.49692392349243164,337
0.5016939640045166,341
0.5071280002593994,346
0.5119173526763916,349
0.5178420543670654,354
0.5222928524017334,358
0.5281617641448975,363
0.5325973033905029,367
0.5386388301849365,371
0.5433800220489502,377
0.5499835014343262,381
0.5556566715240479,385
0.560239315032959,389
0.5659983158111572,393
0.5705502033233643,396
0.5763623714447021,401
0.5809221267700195,405
0.5868215560913086,410
0.5913372039794922,413
0.5984241962432861,417
0.6032466888427734,422
0.608776330947876,425
0.6137797832489014,429
0.6190409660339355,434
0.6240561008453369,438
0.6293895244598389,441
0.6352338790893555,445
0.6400210857391357,448
0.6457664966583252,452
0.651068925857544,456
0.6570188999176025,460
0.6617918014526367,463
0.670997142791748,469
0.6769616603851318,473
0.6817018985748291,475
0.6876318454742432,479
0.6922144889831543,481
0.6990106105804443,486
0.7040209770202637,488
0.7092933654785156,491
0.7152974605560303,495
0.720069169998169,497
0.7258450984954834,500
0.7303600311279297,502
0.7361748218536377,505
0.7407078742980957,507
0.7464869022369385,510
0.7520415782928467,512
0.7578716278076172,515
0.7623059749603271,517
0.7682199478149414,519
0.772658109664917,521
0.7786846160888672,523
0.7833993434906006,525
0.7888815402984619,527
0.7938446998596191,529
0.8003051280975342,530
0.806086540222168,532
0.8106875419616699,533
0.8164455890655518,535
0.8209693431854248,537
0.8267538547515869,537
0.8313255310058594,539
0.8372578620910645,540
0.8421368598937988,541
0.8481519222259521,542
0.8539412021636963,543
0.8591907024383545,544
0.8641934394836426,545
0.8697259426116943,545
0.875321626663208,546
0.8801019191741943,546
0.8859057426452637,546
0.8903851509094238,547
0.8963582515716553,547
0.9019041061401367,547
0.9073450565338135,547
0.9121260643005371,547
0.9179532527923584,547
0.9223668575286865,546
0.9283013343811035,546
0.9329235553741455,545
0.9385530948638916,545
0.9433257579803467,545
0.9487872123718262,544
0.9557976722717285,543
0.960329532623291,543
0.9661335945129395,541
0.9706554412841797,541
0.9765756130218506,540
0.9810864925384521,539
0.9868631362915039,538
0.9914016723632812,537
0.9971625804901123,536
1.0029590129852295,534
1.0086078643798828,533
1.013763189315796,531
1.0200390815734863,531
1.025707483291626,529
1.0302700996398926,528
1.0368287563323975,526
1.0413432121276855,525
1.0471386909484863,523
1.0519776344299316,521
1.0585908889770508,520
1.0633385181427002,518
1.0723912715911865,515
1.0784780979156494,513
1.0833721160888672,511
1.0889225006103516,509
1.0940396785736084,507
1.0993452072143555,505
1.106243371963501,503
1.1107478141784668,502
1.1165781021118164,499
1.1210989952087402,497
1.1268553733825684,495
1.1313621997833252,493
1.1373109817504883,491
1.1421234607696533,489
1.147958517074585,486
1.1523780822753906,485
1.1587820053100586,482
1.1637637615203857,479
1.1690378189086914,477
1.1740493774414062,474
1.1793293952941895,472
1.1892130374908447,468
1.1953132152557373,465
1.200087547302246,463
1.206632375717163,460
1.211160659790039,457
1.21694016456604,455
1.221717357635498,453
1.2271478176116943,450
1.2319495677947998,448
1.2380201816558838,445
1.2424793243408203,443
1.248326063156128,441
1.2531917095184326,437
1.2597639560699463,435
1.2652945518493652,432
1.2700870037078857,430
1.303731918334961,412
1.324098825454712,401
1.336583137512207,397
1.3479068279266357,391
1.352341651916504,389
1.3590011596679688,385
1.3642010688781738,383
1.3698194026947021,381
1.3756930828094482,378
1.380265474319458,376
1.3861002922058105,373
1.3906404972076416,371
1.3964347839355469,369
1.400928020477295,366
1.4066548347473145,364
1.4122319221496582,361
1.4180221557617188,359
1.4224560260772705,357
1.428356409072876,354
1.4331932067871094,352
1.4387516975402832,350
1.443711519241333,347
1.4489645957946777,345
1.453934907913208,343
1.4603004455566406,341
1.466125249862671,339
1.4754188060760498,335
1.4801807403564453,333
1.4861154556274414,331
1.4906318187713623,329
1.4966561794281006,327
1.5011391639709473,325
1.5068769454956055,323
1.5124366283416748,322
1.5183393955230713,319
1.5229449272155762,318
1.5286617279052734,316
1.5333752632141113,314
1.538895606994629,313
1.5438637733459473,311
1.5491557121276855,309
1.5551567077636719,308
1.559894323348999,307
1.566467523574829,305
1.5709621906280518,303
1.5766997337341309,302
1.5812010765075684,301
1.5870251655578613,299
1.5917952060699463,298
1.5973472595214844,297
1.6021616458892822,296
1.607922077178955,295
1.6138255596160889,293
1.6191446781158447,293
1.6250545978546143,291
1.629817247390747,291
1.636970043182373,289
1.6417737007141113,289
1.6472864151000977,288
1.6521272659301758,287
1.6579041481018066,286
1.6633899211883545,285
1.6688711643218994,285
1.674025535583496,284
1.6793808937072754,284
1.6852221488952637,283
1.690037727355957,283
1.6957430839538574,282
1.7003157138824463,282
1.7061002254486084,282
1.71063232421875,281
1.7170848846435547,281
1.721864938735962,281
1.727302074432373,281
1.7320425510406494,281
1.7379155158996582,281
1.7423412799835205,281
1.748157024383545,281
1.7525529861450195,281
1.7584843635559082,281
1.7640182971954346,281
1.769317388534546,281
1.775155782699585,281
1.7798535823822021,281
1.7852859497070312,282
1.7900364398956299,282
1.7959723472595215,282
1.8004460334777832,282
1.8062219619750977,283
1.8107330799102783,283
1.8171031475067139,283
1.821850061416626,284
1.8273344039916992,284
1.8321011066436768,285
1.8379919528961182,285
1.8424146175384521,285
1.848252773284912,286
1.8531029224395752,287
1.8586647510528564,287
1.8633811473846436,288
1.8739588260650635,289
1.8792200088500977,289
1.885274887084961,290
1.8900165557861328,291
1.8961076736450195,291
1.9006195068359375,292
1.906435251235962,293
1.9109559059143066,293
1.9179902076721191,294
1.9224352836608887,295
1.9282820224761963,295
1.9329278469085693,296
1.9386143684387207,297
1.9433295726776123,298
1.948958158493042,299
1.9539010524749756,299
1.9591164588928223,300
1.9640960693359375,301
1.970458984375,302
1.9764020442962646,303
1.9809904098510742,304
1.9867463111877441,304
1.9912009239196777,305
1.9970190525054932,306
2.006180763244629,308
2.010704517364502,308
2.018367290496826,310
2.023104429244995,311
2.0286452770233154,311
2.0364973545074463,313
2.0410170555114746,314
2.0468616485595703,315
2.051337957382202,315
2.0570828914642334,316
2.0618410110473633,317
2.067317247390747,318
2.0734174251556396,319
2.078899383544922,320
2.0838401317596436,321
2.0891597270965576,322
2.0947608947753906,323
2.099843740463257,323
2.1052916049957275,324
2.1100497245788574,325
2.1157937049865723,326
2.121062994003296,327
2.126859188079834,328
2.131350517272949,329
2.13708233833313,330
2.1418368816375732,330
2.1478450298309326,331
2.1522791385650635,332
2.1583051681518555,333
2.162916421890259,334
2.1685283184051514,335
2.1751155853271484,336
2.1798713207244873,337
2.185333013534546,337
2.190054178237915,338
2.1957428455352783,339
2.200305700302124,340
2.206057548522949,341
2.210561752319336,341
2.216545820236206,342
2.2220561504364014,343
2.2278716564178467,344
2.2322874069213867,345
2.238098382949829,345
2.242537260055542,346
2.2483036518096924,347
2.2529373168945312,348
2.2586286067962646,349
2.263359308242798,349
2.268869638442993,350
2.278923511505127,351
2.2840054035186768,352
2.289306163787842,353
2.2953238487243652,353
2.3000593185424805,354
2.305994749069214,355
2.3105220794677734,355
2.316713809967041,356
2.32220196723938,356
2.3281354904174805,357
2.332599639892578,357
2.3386523723602295,358
2.3433785438537598,359
2.348905563354492,359
2.353844165802002,359
2.3590433597564697,360
2.3640451431274414,360
2.3693063259124756,361
2.37619686126709,361
2.380692481994629,361
2.3864586353302,362
2.3909413814544678,362
2.3969595432281494,363
2.401782512664795,363
2.4078004360198975,363
2.4121789932250977,363
2.417959451675415,364
2.4223573207855225,364
2.4290127754211426,364
2.4339871406555176,365
2.4392597675323486,365
2.4442172050476074,365
2.4494168758392334,365
2.455361843109131,365
2.4600744247436523,366
2.46592116355896,366
2.470405101776123,366
2.4766643047332764,366
2.4811058044433594,366
2.486891746520996,367
2.491398572921753,367
2.4971206188201904,367
2.5018832683563232,367
2.507295846939087,367
2.5120813846588135,367
2.5180068016052246,367
2.5223770141601562,367
2.5289063453674316,367
2.533984422683716,367
2.539238452911377,367
2.5441718101501465,367
2.549391269683838,367
2.5551817417144775,367
2.5599019527435303,367
2.5653152465820312,367
2.5700478553771973,367
2.576573610305786,368
2.5811617374420166,368
2.5869123935699463,368
2.591384172439575,368
2.5970754623413086,368
2.601794958114624,368
2.6072165966033936,368
2.6119742393493652,368
2.6176445484161377,368
2.6221442222595215,368
2.6287271976470947,368
2.6338043212890625,367
2.639064073562622,367
2.6440162658691406,367
2.6492397785186768,367
2.6547420024871826,367
2.659762382507324,367
2.6653950214385986,367
2.6701297760009766,367
2.6802268028259277,368
2.686129570007324,368
2.690667152404785,368
2.696645498275757,368
2.701072931289673,368
2.706936836242676,368
2.711371898651123,368
2.7170679569244385,368
2.721774101257324,368
2.727205753326416,368
2.732898473739624,368
2.73846435546875,367
2.743187189102173,367
2.7487435340881348,367
2.7538070678710938,367
2.7590479850769043,367
2.76397705078125,367
2.769205093383789,367
2.7741575241088867,367
2.7805564403533936,368
2.786393642425537,368
2.790855884552002,368
2.796703815460205,368
2.801138401031494,368
2.806887626647949,368
2.811318874359131,368
2.8171536922454834,368
2.8218963146209717,368
2.827643632888794,368
2.833176851272583,368
2.838693141937256,367
2.843404531478882,367
2.848898410797119,367
2.8538272380828857,367
2.859041690826416,367
2.863975763320923,367
2.8691675662994385,367
2.87516188621521,367
2.8798511028289795,368
2.8863980770111084,368
2.891012191772461,368
2.896709680557251,368
2.9011459350585938,368
2.9069066047668457,368
2.9113547801971436,368
2.9170539379119873,368
2.9217653274536133,368
2.927762031555176,368
2.9333584308624268,368
2.938901901245117,368
2.9437968730926514,367
2.949049472808838,367
2.9539966583251953,367
2.9592602252960205,367
2.9647207260131836,367
2.9698026180267334,367
2.9753198623657227,367
2.9800140857696533,367
2.9864981174468994,367
2.990957260131836,368
2.9968879222869873,368
3.0013577938079834,368
