0.008041858673095703,0
0.013454198837280273,0
0.025932788848876953,2
0.05075693130493164,8
0.07351875305175781,14
0.09902811050415039,21
0.12482786178588867,27
0.1436142921447754,34
0.17377305030822754,41
0.1869497299194336,45
0.19869208335876465,48
0.21046948432922363,52
0.22284317016601562,55
0.23538422584533691,58
0.24681806564331055,62
0.2579467296600342,65
0.2738382816314697,69
0.28688597679138184,73
0.29867100715637207,76
0.3106095790863037,79
0.3226184844970703,82
0.3349013328552246,85
0.34657859802246094,89
0.35764145851135254,92
0.3690807819366455,95
0.3829004764556885,98
0.3947594165802002,101
0.40677905082702637,104
0.41843199729919434,107
0.4299914836883545,110
0.44327735900878906,113
0.4546961784362793,115
0.465925931930542,119
0.47745728492736816,121
0.48999714851379395,124
0.5028579235076904,127
0.5143964290618896,130
0.5256619453430176,133
0.5378055572509766,135
0.5495254993438721,138
0.5623152256011963,141
0.5737893581390381,143
0.5859801769256592,146
0.5976161956787109,149
0.6091208457946777,151
0.6218478679656982,154
0.6333434581756592,156
0.6463704109191895,159
0.657590389251709,162
0.6737306118011475,165
0.6853039264678955,168
0.697643518447876,171
0.7098779678344727,173
0.7224233150482178,176
0.7337756156921387,179
0.746619701385498,181
0.7576091289520264,184
0.7692465782165527,186
0.781987190246582,189
0.7939801216125488,191
0.8057024478912354,194
0.8172774314880371,196
0.8290326595306396,198
0.8426463603973389,201
0.8537399768829346,204
0.8652677536010742,206
0.8767709732055664,208
0.8886687755584717,211
0.9026544094085693,214
0.9143848419189453,216
0.9256045818328857,219
0.9371516704559326,221
0.9497036933898926,223
0.9623312950134277,226
0.973862886428833,229
0.9852933883666992,231
0.99745774269104,233
1.0090887546539307,235
1.0219643115997314,239
1.0345988273620605,241
1.0471649169921875,243
1.0638999938964844,247
1.0791113376617432,251
1.0931284427642822,253
1.104701280593872,255
1.115969181060791,258
1.1276154518127441,261
1.1395070552825928,263
1.1529881954193115,265
1.164609670639038,268
1.176015853881836,271
1.187648057937622,273
1.200026512145996,276
1.2126250267028809,278
1.2237820625305176,281
1.235203742980957,283
1.2474656105041504,285
1.2590973377227783,288
1.2718689441680908,291
1.2833995819091797,293
1.2948381900787354,296
1.3070921897888184,299
1.3186075687408447,301
1.3304901123046875,304
1.3425788879394531,307
1.35481595993042,309
1.3666915893554688,312
1.378479242324829,315
1.3899471759796143,317
1.4033660888671875,320
1.4148774147033691,323
1.4266626834869385,326
1.4377391338348389,329
1.4505443572998047,331
1.4626359939575195,334
1.4773404598236084,337
1.4891331195831299,341
1.5030317306518555,343
1.5145037174224854,346
1.5256671905517578,349
1.5372240543365479,351
1.550027847290039,355
1.5626604557037354,358
1.573904275894165,361
1.5852117538452148,363
1.596625804901123,366
1.6091065406799316,369
1.6218652725219727,372
1.6333329677581787,375
1.6447930335998535,378
1.6571640968322754,381
1.6688640117645264,384
1.681772232055664,387
1.6956632137298584,391
1.7129883766174316,395
1.7247881889343262,398
1.7366952896118164,401
1.7478911876678467,405
1.7616918087005615,408
1.7729430198669434,411
1.7845885753631592,414
1.7958571910858154,417
1.8086364269256592,421
1.8199992179870605,424
1.8325855731964111,427
1.843764066696167,430
1.8559257984161377,433
1.867706060409546,437
1.8842930793762207,441
1.8959698677062988,445
1.9088342189788818,448
1.9206104278564453,452
1.9329628944396973,455
1.9444942474365234,459
1.956533670425415,462
1.967519760131836,465
1.9791209697723389,469
1.9918701648712158,473
2.0033209323883057,475
2.0152716636657715,479
2.026808261871338,483
2.0391716957092285,486
2.0555853843688965,492
2.0765113830566406,498
2.093640089035034,504
2.1149473190307617,510
2.132916212081909,516
2.1524057388305664,522
2.1690196990966797,541
2.246546983718872,553
2.27876353263855,567
2.3151185512542725,577
2.336937665939331,584
2.3677525520324707,596
2.39335036277771,604
2.4230475425720215,615
2.447767496109009,625
2.4599156379699707,630
2.4728431701660156,635
2.485032081604004,639
2.4967639446258545,644
2.507951259613037,649
2.519726037979126,653
2.533059597015381,658
2.544588327407837,663
2.555729866027832,668
2.5672945976257324,672
2.5791149139404297,678
2.5927698612213135,683
2.6039767265319824,688
2.6155810356140137,693
2.627145290374756,697
2.639847993850708,703
2.653636932373047,709
2.6653549671173096,714
2.6807289123535156,722
2.6939761638641357,727
2.705636978149414,732
2.7172658443450928,737
2.7289116382598877,742
2.742457628250122,749
2.754281997680664,754
2.7656314373016357,760
2.777108669281006,764
2.7897329330444336,771
2.8023974895477295,777
2.813955545425415,782
2.8254756927490234,787
2.8375794887542725,794
2.8492422103881836,799
2.8619277477264404,805
2.8735134601593018,811
2.8852908611297607,816
2.89764666557312,823
2.9091405868530273,828
2.921900749206543,835
2.9335265159606934,841
2.945838689804077,848
2.9574382305145264,853
2.9690403938293457,859
2.981942653656006,867
2.994255542755127,873
3.0054445266723633,878
