0.028887033462524414,0
0.034424543380737305,0
0.04674696922302246,1
0.05824470520019531,5
0.06993770599365234,9
0.08142781257629395,15
0.09496212005615234,21
0.10658073425292969,29
0.11811184883117676,37
0.1294102668762207,46
0.14077973365783691,55
0.15421795845031738,65
0.16577792167663574,74
0.17729711532592773,85
0.18902897834777832,93
0.20195722579956055,105
0.2140965461730957,115
0.22543883323669434,126
0.2370140552520752,135
0.2493896484375,148
0.260761022567749,159
0.27727532386779785,173
0.28897976875305176,183
0.3020758628845215,195
0.3142549991607666,207
0.32576942443847656,217
0.33733034133911133,229
0.34995222091674805,240
0.36213088035583496,251
0.3743574619293213,262
0.3873610496520996,275
0.39987897872924805,287
0.4122276306152344,300
0.42455101013183594,309
0.4361248016357422,321
0.44747161865234375,332
0.46024537086486816,343
0.4720473289489746,354
0.48441600799560547,365
0.49628138542175293,377
0.5085132122039795,388
0.5200097560882568,399
0.5318708419799805,411
0.5443265438079834,422
0.5566012859344482,433
0.5681350231170654,445
0.579430103302002,456
0.5911190509796143,467
0.6047303676605225,479
0.616140604019165,490
0.6279263496398926,501
0.6390295028686523,511
0.65057373046875,524
0.6675646305084229,539
0.6790661811828613,550
0.6912131309509277,561
0.7048051357269287,573
0.7164041996002197,583
0.7281455993652344,594
0.7392165660858154,603
0.7507948875427246,613
0.7643487453460693,622
0.7759490013122559,630
0.7880222797393799,637
0.7990796566009521,643
0.8114979267120361,648
0.8242437839508057,652
0.8358018398284912,654
0.8474860191345215,654
0.8595635890960693,652
0.8713436126708984,649
0.8841118812561035,645
0.8954026699066162,639
0.9083137512207031,633
0.9195411205291748,625
0.931220293045044,617
0.9438841342926025,609
0.955409049987793,600
0.9682221412658691,591
0.9792819023132324,581
0.9912774562835693,571
1.0047447681427002,561
1.0167012214660645,551
1.028325080871582,541
1.040208339691162,530
1.0520737171173096,520
1.0689079761505127,505
1.0806097984313965,493
1.0940237045288086,482
1.1053087711334229,471
1.1179821491241455,461
1.1291139125823975,450
1.141380786895752,439
1.1539642810821533,428
1.1665034294128418,417
1.178217887878418,407
1.189441442489624,396
1.2013494968414307,385
1.2146687507629395,374
1.2262425422668457,363
1.237569808959961,352
1.2491164207458496,341
1.26063871383667,330
1.274165391921997,319
1.2858061790466309,308
1.297093391418457,297
1.3087139129638672,288
1.3215079307556152,276
1.334245204925537,265
1.3451738357543945,255
1.3578801155090332,245
1.3702754974365234,236
1.3822071552276611,225
1.394599437713623,219
1.406266212463379,211
1.4188239574432373,205
1.4305851459503174,200
1.4438414573669434,195
1.4553706645965576,193
1.4722731113433838,193
1.4846420288085938,195
1.4961974620819092,198
1.5075500011444092,203
1.5200684070587158,209
1.5320451259613037,216
1.5442655086517334,223
1.5554633140563965,231
1.5680949687957764,240
1.5790989398956299,249
1.5910115242004395,259
1.60353684425354,269
1.6152119636535645,279
1.6275568008422852,289
1.6392462253570557,300
1.6513478755950928,310
1.6640326976776123,321
1.6765077114105225,331
1.6879899501800537,342
1.699016809463501,351
1.710559606552124,362
1.724327802658081,375
1.7354400157928467,386
1.7474725246429443,397
1.7590982913970947,409
1.7718472480773926,420
1.784334659576416,431
1.7954485416412354,442
1.807056188583374,453
1.8185336589813232,463
1.830796241760254,476
1.8434679508209229,487
1.8552677631378174,498
1.8667247295379639,508
1.884511947631836,525
1.8962981700897217,536
1.907921314239502,547
1.919273853302002,559
1.9322948455810547,572
1.9446218013763428,581
1.9563870429992676,593
1.9679880142211914,604
1.9801726341247559,615
1.992173671722412,628
2.0050814151763916,639
2.016843795776367,648
2.0289039611816406,659
2.040654420852661,671
2.053863763809204,681
2.0653445720672607,691
2.077565908432007,701
2.089062213897705,710
2.100681781768799,718
2.1135590076446533,726
2.125305652618408,733
2.138139009475708,738
2.1491806507110596,742
2.160811185836792,745
2.174116849899292,746
2.186318874359131,746
2.1982007026672363,744
2.209522247314453,740
2.221345901489258,735
2.234663724899292,729
2.2462148666381836,722
2.2575416564941406,715
2.274386167526245,704
2.2870962619781494,693
2.29868745803833,686
2.3105628490448,676
2.3234238624572754,665
2.3361005783081055,655
2.3475613594055176,645
2.359002113342285,636
2.370753765106201,624
2.3846542835235596,613
2.3960556983947754,603
2.408066511154175,592
2.41923189163208,582
2.431288003921509,571
2.4444611072540283,560
2.456094980239868,549
2.4679765701293945,539
2.479088306427002,527
2.4915072917938232,517
2.504099130630493,506
2.5152578353881836,495
2.526820421218872,486
2.5389602184295654,475
2.550621509552002,464
2.563807725906372,451
2.5754590034484863,440
2.5882387161254883,429
2.5994393825531006,418
2.6111104488372803,407
2.6239380836486816,396
2.6365315914154053,385
2.6484665870666504,374
2.6601216793060303,364
2.6763486862182617,351
2.6888890266418457,341
2.7007791996002197,330
2.7141451835632324,322
2.725963830947876,314
2.738553285598755,307
2.7502951622009277,302
2.762255907058716,297
2.774686574935913,295
2.7862792015075684,294
2.798602819442749,295
2.8103525638580322,297
2.8229079246520996,302
2.834618091583252,307
2.8474154472351074,314
2.8590784072875977,321
2.870608329772949,328
2.883549213409424,338
2.8963308334350586,347
2.9081928730010986,357
2.919405460357666,366
2.9310576915740967,376
2.9446985721588135,386
2.956195592880249,397
2.9675002098083496,407
2.9790825843811035,418
2.990614652633667,428
3.0049145221710205,439
