0.008523941040039062,0
0.021331071853637695,0
0.025369644165039062,1
0.030095338821411133,2
0.03493857383728027,2
0.03924202919006348,4
0.04436683654785156,5
0.0483555793762207,8
0.05336809158325195,12
0.06336498260498047,14
0.06744933128356934,17
0.07399606704711914,19
0.0779886245727539,23
0.08318877220153809,25
0.08730387687683105,28
0.09264326095581055,30
0.09673500061035156,33
0.10207891464233398,37
0.10614967346191406,40
0.11036491394042969,44
0.1151893138885498,48
0.12136268615722656,52
0.1253955364227295,55
0.12993502616882324,58
0.1348552703857422,62
0.1392967700958252,66
0.1444993019104004,70
0.14849281311035156,74
0.15382122993469238,78
0.15790152549743652,81
0.16299128532409668,84
0.16707992553710938,91
0.1734323501586914,95
0.17749810218811035,100
0.1831367015838623,103
0.18723368644714355,107
0.1927657127380371,110
0.1968231201171875,116
0.20236659049987793,119
0.20649147033691406,123
0.21186470985412598,128
0.21599769592285156,132
0.2203047275543213,137
0.22618746757507324,141
0.23123741149902344,146
0.2353057861328125,150
0.24001526832580566,154
0.244981050491333,157
0.24924874305725098,162
0.25438427925109863,166
0.2584116458892822,172
0.2634422779083252,176
0.2675037384033203,181
0.27416038513183594,185
0.27837157249450684,190
0.2833850383758545,194
0.28744959831237793,198
0.29277801513671875,201
0.2968614101409912,207
0.30234265327453613,210
0.3064718246459961,214
0.3115818500518799,220
0.31558728218078613,224
0.3201560974121094,229
0.32610011100769043,233
0.33035898208618164,239
0.33518338203430176,242
0.33945202827453613,246
0.34462594985961914,250
0.3486347198486328,256
0.35402560234069824,259
0.35807061195373535,265
0.36457347869873047,269
0.36864638328552246,274
0.3748605251312256,278
0.379209041595459,310
0.4150259494781494,331
0.4331843852996826,344
0.4545903205871582,365
0.4699721336364746,369
0.474926233291626,374
0.4813578128814697,379
0.4854116439819336,382
0.490098237991333,385
0.4950101375579834,388
0.49934816360473633,391
0.5045394897460938,393
0.508551836013794,396
0.5139820575714111,398
0.5180416107177734,400
0.5231184959411621,400
0.5282595157623291,402
0.5334911346435547,402
0.5375797748565674,402
0.5431532859802246,402
0.5472311973571777,402
0.552619457244873,402
0.556751012802124,402
0.5621216297149658,401
0.5662252902984619,400
0.5712487697601318,398
0.5752997398376465,397
0.5814976692199707,395
0.5855166912078857,393
0.5900859832763672,392
0.5949459075927734,390
0.5993940830230713,387
0.6045525074005127,384
0.6085858345031738,381
0.6139941215515137,379
0.6180505752563477,375
0.6231856346130371,372
0.6273086071014404,368
0.6333932876586914,366
0.6374919414520264,363
0.6428420543670654,360
0.6469342708587646,356
0.6523544788360596,353
0.6565113067626953,350
0.6620404720306396,347
0.6661458015441895,345
0.6703741550445557,342
0.6752192974090576,340
0.6813549995422363,338
0.685427188873291,337
0.6899583339691162,336
0.6949019432067871,336
0.6992137432098389,335
0.7043499946594238,334
0.7083499431610107,335
0.7133536338806152,335
0.7174680233001709,335
0.7229187488555908,336
0.7269814014434814,338
0.7345681190490723,339
0.7385756969451904,341
0.7439641952514648,342
0.7480051517486572,345
0.7530322074890137,347
0.7571055889129639,349
0.7624406814575195,351
0.7665388584136963,353
0.7715833187103271,356
0.7758791446685791,359
0.7820460796356201,363
0.7861552238464355,366
0.7914423942565918,369
0.7954676151275635,371
0.8000292778015137,373
0.8049404621124268,375
0.8092386722564697,377
0.8143997192382812,379
0.8184702396392822,380
0.8237824440002441,381
0.8279273509979248,382
0.8341443538665771,382
0.838165283203125,382
0.8434019088745117,382
0.8474869728088379,381
0.8528294563293457,381
0.8569104671478271,378
0.8666837215423584,376
0.8722143173217773,375
0.8763535022735596,373
0.8818786144256592,371
0.8867692947387695,368
0.8922460079193115,366
0.8963894844055176,364
0.9019439220428467,360
0.9060933589935303,358
0.9103541374206543,354
0.9153969287872314,352
0.920112133026123,350
0.9249961376190186,349
0.9293422698974609,346
0.9352493286132812,345
0.9397976398468018,344
0.9447414875030518,343
0.9487428665161133,342
0.954197883605957,342
0.9581670761108398,342
0.9633469581604004,342
0.9674427509307861,343
0.9727375507354736,343
0.9768121242523193,344
0.9820942878723145,346
0.9869992733001709,347
0.9923179149627686,349
0.9964511394500732,350
1.001582145690918,353
1.0055851936340332,355
1.010096788406372,357
1.0149798393249512,359
1.019394874572754,362
1.0245037078857422,364
1.0285704135894775,368
1.034001111984253,370
1.0387773513793945,372
1.0442571640014648,374
1.0482900142669678,376
1.0534992218017578,377
1.057859182357788,378
1.0630745887756348,378
1.067176103591919,378
1.0725083351135254,378
1.076636791229248,378
1.082139492034912,378
1.086996078491211,377
1.0924155712127686,376
1.0965394973754883,375
1.1019303798675537,373
1.1060519218444824,372
1.1103403568267822,370
1.1151912212371826,368
1.1195175647735596,366
1.1246347427368164,364
1.1286678314208984,361
1.134134292602539,358
1.139392375946045,355
1.1445083618164062,353
1.1485199928283691,350
1.1539249420166016,348
1.1579716205596924,346
1.1630470752716064,344
1.1670942306518555,344
1.1724178791046143,342
1.1765258312225342,342
1.1820435523986816,341
1.18678879737854,341
1.192251443862915,341
1.1963419914245605,341
1.2015745639801025,342
1.2055745124816895,343
1.2100880146026611,344
1.2149529457092285,344
1.2192234992980957,346
1.224433422088623,348
1.2284603118896484,350
1.2334849834442139,352
1.2386319637298584,355
1.2440521717071533,357
1.2480621337890625,360
1.253171443939209,362
1.257275104522705,365
1.2665584087371826,369
1.2720532417297363,371
1.2761640548706055,372
1.281383991241455,374
1.2854197025299072,375
1.2919888496398926,376
1.2961103916168213,376
1.3003826141357422,377
1.3052504062652588,376
1.310004472732544,376
1.314934253692627,376
1.3193862438201904,375
1.3245034217834473,374
1.3285269737243652,372
1.3339967727661133,371
1.3380217552185059,369
1.3441896438598633,367
1.3481805324554443,364
1.35322904586792,362
1.3573193550109863,359
1.3633058071136475,357
1.367401361465454,355
1.372696876525879,353
1.376807689666748,349
1.386789321899414,347
1.3980743885040283,346
1.4066197872161865,345
1.4162802696228027,346
1.4261186122894287,348
1.4333713054656982,352
1.4453678131103516,356
1.4579060077667236,361
1.4682135581970215,366
1.476515531539917,371
1.4862239360809326,374
1.495525598526001,378
1.5222828388214111,376
1.537311315536499,374
1.544520616531372,373
1.5485258102416992,371
1.5540034770965576,370
1.5580401420593262,368
1.5633325576782227,366
1.5674347877502441,362
1.5783860683441162,357
1.587329387664795,350
1.597529649734497,347
1.6029608249664307,344
1.6073439121246338,343
1.6126933097839355,341
1.6167707443237305,340
1.6223249435424805,339
1.6264443397521973,338
1.631500005722046,337
1.635486125946045,337
1.6419506072998047,337
1.6460425853729248,337
1.650285005569458,338
1.655155897140503,339
1.6594212055206299,340
1.6680693626403809,342
1.6732478141784668,344
1.6773090362548828,346
1.6829259395599365,347
1.688000202178955,351
1.693192720413208,353
1.6972973346710205,355
1.702782154083252,358
1.7068521976470947,361
1.7122039794921875,364
1.7163670063018799,366
1.7214438915252686,369
1.7254693508148193,371
1.7300329208374023,373
1.734898328781128,374
1.7403028011322021,377
1.7451534271240234,378
1.7494351863861084,378
1.7545514106750488,379
1.7585828304290771,379
1.7640700340270996,379
1.7681050300598145,379
1.7731714248657227,378
1.7772831916809082,378
1.7826473712921143,377
1.7867743968963623,375
1.7928905487060547,374
1.796987533569336,372
1.8024654388427734,370
1.806607961654663,369
1.8119432926177979,366
1.8160319328308105,364
1.8203108310699463,361
1.8251383304595947,358
1.8295667171478271,356
1.8347570896148682,354
1.8387727737426758,351
1.8448693752288818,349
1.8490540981292725,347
1.8542728424072266,346
1.8582911491394043,344
1.863499402999878,343
1.8675529956817627,342
1.872896671295166,342
1.8769385814666748,342
1.8822205066680908,342
1.886335849761963,342
1.8922805786132812,343
1.8964025974273682,344
1.9014701843261719,345
1.905463457107544,346
1.9100091457366943,348
1.9148497581481934,349
1.9192759990692139,351
1.924473762512207,353
1.9327659606933594,357
1.9368689060211182,360
1.942812204360962,363
1.9468939304351807,366
1.9522483348846436,368
1.956394910812378,370
1.961883306503296,372
1.9660038948059082,374
1.9702894687652588,376
1.975163459777832,377
1.982215166091919,377
1.9863629341125488,378
1.9914467334747314,378
1.9965941905975342,378
2.0019173622131348,377
2.006025552749634,377
2.0103683471679688,376
2.0152745246887207,374
2.0198235511779785,373
2.0247275829315186,372
2.0287463665008545,370
2.0341670513153076,368
2.0381641387939453,366
2.0445215702056885,364
2.048563003540039,361
2.053968667984009,358
2.0580320358276367,355
2.063098907470703,351
2.072201728820801,349
2.0763092041015625,348
2.0815281867980957,346
2.085524320602417,345
2.0903055667877197,344
2.0962014198303223,343
2.101405620574951,343
2.1054155826568604,343
2.1099777221679688,343
2.114882230758667,344
2.1190476417541504,344
2.12424898147583,345
2.1282734870910645,347
2.1333484649658203,348
2.137425422668457,350
2.1427290439605713,352
2.1475820541381836,354
2.1529321670532227,356
2.156981945037842,358
2.1624679565429688,361
2.1665713787078857,363
2.171902894973755,366
2.176011323928833,368
2.1802656650543213,370
2.1851301193237305,372
2.189405918121338,373
2.194530963897705,374
2.1998517513275146,375
2.204749345779419,376
2.208768367767334,376
2.2141740322113037,376
2.2182130813598633,376
2.22344708442688,376
2.227534055709839,375
2.232844591140747,375
2.236921548843384,374
2.2422444820404053,372
2.24715518951416,371
2.2525222301483154,369
2.2566514015197754,368
2.261953115463257,365
2.266031503677368,363
2.270298480987549,360
2.2751147747039795,358
2.2795703411102295,356
2.284822702407837,354
2.2891011238098145,352
2.2943296432495117,350
2.299372911453247,348
2.3044662475585938,348
2.308485984802246,346
2.3139150142669678,346
2.3179373741149902,346
2.3230319023132324,346
2.3271148204803467,346
2.332432746887207,346
2.3365068435668945,347
2.3420321941375732,348
2.3461215496063232,350
2.3523659706115723,351
2.3564798831939697,352
2.3624839782714844,355
2.3666012287139893,356
2.3719356060028076,359
2.3760712146759033,361
2.3803718090057373,365
2.3852593898773193,367
2.3898777961730957,368
2.3947865962982178,371
2.400266408920288,373
2.405118703842163,374
2.4093923568725586,375
2.414501428604126,376
2.4185118675231934,376
2.424006700515747,376
2.4280283451080322,376
2.43306303024292,376
2.4371747970581055,376
2.442511796951294,375
2.4466447830200195,374
2.452732563018799,373
2.4568586349487305,372
2.4623794555664062,370
2.466500997543335,367
2.4749457836151123,365
2.4794886112213135,362
2.4846107959747314,360
2.4886393547058105,357
2.494246006011963,355
2.4983410835266113,352
2.5045206546783447,350
2.5085129737854004,348
2.5139801502227783,347
2.5179874897003174,346
2.523207187652588,345
2.5272812843322754,345
2.5326454639434814,344
2.536761522293091,344
2.5424907207489014,344
2.5466229915618896,345
2.552530288696289,346
2.5566258430480957,347
2.5619614124298096,348
2.566063404083252,350
2.570289373397827,352
2.5750715732574463,353
2.5795178413391113,355
2.5846078395843506,357
2.5886056423187256,360
2.5940277576446533,362
2.5980794429779053,365
2.604267120361328,367
2.608304023742676,370
2.6135098934173584,371
2.617891550064087,372
2.6229970455169678,373
2.627082347869873,374
2.632434129714966,374
2.6365418434143066,375
2.6420528888702393,375
2.646146535873413,374
2.6512417793273926,374
2.6564362049102783,373
2.6615235805511475,372
2.66552734375,371
2.67008376121521,370
2.6749484539031982,368
2.679269313812256,366
2.6844708919525146,364
2.688542127609253,362
2.6939947605133057,360
2.6980350017547607,356
2.7043604850769043,354
2.708444595336914,352
2.71348237991333,350
2.7175610065460205,349
2.722907066345215,348
2.7269630432128906,346
2.7322871685028076,345
2.7363860607147217,345
2.741847515106201,344
2.745936632156372,344
2.7501938343048096,345
2.7561302185058594,345
2.761357069015503,346
2.7653703689575195,347
2.769958019256592,348
2.7748141288757324,349
2.7788002490997314,351
2.7842164039611816,353
2.7882208824157715,356
2.7932915687561035,358
2.797375202178955,360
2.8027091026306152,363
2.807563304901123,365
2.8129379749298096,367
2.8170042037963867,369
2.822531223297119,371
2.8266336917877197,372
2.831944465637207,373
2.8360326290130615,374
2.840296983718872,375
2.8451430797576904,375
2.8494246006011963,375
2.855252981185913,375
2.8599343299865723,374
2.864825487136841,374
2.873786211013794,372
2.8779406547546387,371
2.8832671642303467,370
2.887373685836792,368
2.892843723297119,366
2.8969051837921143,364
2.9023609161376953,362
2.9072811603546143,359
2.912659168243408,357
2.9167771339416504,355
2.9220614433288574,352
2.9261467456817627,350
2.930371046066284,348
2.935173749923706,348
2.9398701190948486,346
2.944767951965332,346
2.9487550258636475,345
2.954136848449707,345
2.9590847492218018,345
2.964362144470215,345
2.9683735370635986,346
2.9733924865722656,346
2.9774723052978516,347
2.982800245285034,348
2.9868555068969727,350
2.9921066761016846,351
2.996170997619629,353
