0.009344816207885742,0
0.01988506317138672,1
0.025591135025024414,1
0.02988719940185547,2
0.035712242126464844,3
0.04003286361694336,5
0.04623818397521973,7
0.05078291893005371,9
0.05609583854675293,11
0.06041312217712402,13
0.06601834297180176,16
0.07028627395629883,18
0.07584095001220703,22
0.08011627197265625,24
0.08562612533569336,26
0.08991384506225586,32
0.09618711471557617,34
0.10561609268188477,40
0.11000633239746094,44
0.11590099334716797,48
0.12025570869445801,52
0.12600922584533691,56
0.1303551197052002,60
0.13611078262329102,64
0.1407766342163086,68
0.14717435836791992,71
0.15152311325073242,76
0.15739893913269043,79
0.16187548637390137,84
0.16739320755004883,87
0.17194247245788574,92
0.1774132251739502,95
0.1818540096282959,99
0.18738508224487305,102
0.19189047813415527,109
0.1981499195098877,112
0.20302963256835938,116
0.2081437110900879,119
0.2131059169769287,124
0.21818256378173828,127
0.22301983833312988,131
0.22813653945922852,134
0.2329998016357422,138
0.23810720443725586,142
0.24309730529785156,146
0.24937844276428223,148
0.25496745109558105,153
0.25942254066467285,156
0.2650771141052246,160
0.2694840431213379,164
0.2752652168273926,166
0.2796328067779541,170
0.285172700881958,173
0.28952932357788086,177
0.2952303886413574,180
0.30037379264831543,183
0.3059883117675781,187
0.31032395362854004,189
0.3159759044647217,192
0.3203246593475342,195
0.3258981704711914,198
0.3302724361419678,202
0.3360612392425537,204
0.3406796455383301,207
0.34607434272766113,210
0.351503849029541,212
0.3571898937225342,215
0.36150193214416504,218
0.36722564697265625,220
0.3715369701385498,223
0.37795138359069824,226
0.38277244567871094,228
0.38791322708129883,230
0.3928976058959961,232
0.39909934997558594,235
0.40478038787841797,237
0.40915942192077637,239
0.414736270904541,242
0.41914820671081543,243
0.42477941513061523,246
0.42914485931396484,247
0.4347085952758789,250
0.43912529945373535,251
0.444683313369751,254
0.44980478286743164,256
0.4556608200073242,257
0.45999574661254883,259
0.46563267707824707,260
0.46998071670532227,263
0.4756295680999756,264
0.47995495796203613,266
0.48561811447143555,267
0.48996901512145996,269
0.49562740325927734,270
0.50103759765625,274
0.5108554363250732,276
0.5167922973632812,277
0.5210964679718018,278
0.5269405841827393,280
0.5311977863311768,281
0.537010669708252,282
0.5413222312927246,284
0.547011137008667,285
0.5526447296142578,286
0.557793140411377,287
0.5623531341552734,288
0.5677225589752197,290
0.5726697444915771,291
0.5778272151947021,292
0.58237624168396,293
0.5877079963684082,294
0.592261791229248,295
0.5976231098175049,296
0.603203296661377,298
0.6083312034606934,298
0.6132023334503174,300
0.6183011531829834,300
0.6230895519256592,302
0.6281278133392334,302
0.6331250667572021,303
0.6382019519805908,304
0.6430184841156006,305
0.6481354236602783,306
0.654749870300293,306
0.6591286659240723,307
0.6646814346313477,308
0.6691057682037354,309
0.6746776103973389,310
0.6790711879730225,310
0.6844077110290527,311
0.6890175342559814,312
0.6947674751281738,313
0.6991357803344727,314
0.7054884433746338,314
0.7098150253295898,315
0.7154366970062256,315
0.7197742462158203,316
0.7253303527832031,316
0.7296810150146484,317
0.7352879047393799,318
0.7396795749664307,318
0.7452948093414307,319
0.7496650218963623,320
0.755986213684082,320
0.7603261470794678,321
0.7661218643188477,322
0.7707536220550537,322
0.7760865688323975,322
0.7806911468505859,323
0.7860753536224365,324
0.7904176712036133,324
0.7960577011108398,324
0.8006978034973145,325
0.8070785999298096,325
0.8113555908203125,326
0.8172540664672852,326
0.8215208053588867,327
0.827157735824585,327
0.8314681053161621,328
0.8371541500091553,328
0.8414487838745117,328
0.8471288681030273,329
0.8513977527618408,329
0.8576481342315674,330
0.8622078895568848,330
0.8676056861877441,330
0.8723459243774414,331
0.8777282238006592,331
0.8822977542877197,331
0.887704610824585,332
0.8926424980163574,332
0.8977971076965332,332
0.9023442268371582,333
0.9123239517211914,333
0.9177563190460205,334
0.9226808547973633,334
0.9279067516326904,334
0.9329133033752441,334
0.9380114078521729,335
0.9429671764373779,335
0.9480559825897217,336
0.9528548717498779,336
0.9591107368469238,336
0.9646408557891846,336
0.969017505645752,336
0.9743387699127197,337
0.9789535999298096,337
0.9843087196350098,337
0.9889276027679443,338
0.9944143295288086,338
0.9990074634552002,338
1.0043447017669678,338
1.0096545219421387,338
1.0151817798614502,339
1.0195603370666504,339
1.025331974029541,339
1.0296905040740967,339
1.035233974456787,340
1.0395774841308594,340
1.0451006889343262,340
1.049497365951538,340
1.055201768875122,340
1.0603053569793701,340
1.0658528804779053,341
1.0701355934143066,341
1.075709342956543,341
1.080026626586914,341
1.0856027603149414,341
1.0898897647857666,342
1.0954279899597168,342
1.0997600555419922,342
1.1053130626678467,342
1.110410451889038,342
1.1161413192749023,342
1.1207244396209717,343
1.1260645389556885,343
1.130417823791504,343
1.1359848976135254,343
1.140282154083252,343
1.1458392143249512,343
1.150136947631836,344
1.1558594703674316,344
1.1611578464508057,344
1.1668410301208496,344
1.1711161136627197,344
1.1769657135009766,344
1.1812245845794678,344
1.1868953704833984,344
1.1911303997039795,344
1.1967191696166992,345
1.2009975910186768,345
1.2062788009643555,345
1.2118680477142334,345
1.2173595428466797,345
1.2216386795043945,345
1.2273433208465576,345
1.2316091060638428,345
1.2373788356781006,345
1.2416393756866455,346
1.2473084926605225,346
1.251572608947754,346
1.2572450637817383,346
1.262810230255127,346
1.267911672592163,346
1.2726404666900635,346
1.277824878692627,346
1.2827799320220947,346
1.2878763675689697,346
1.2928030490875244,346
1.2978975772857666,346
1.3024060726165771,346
1.312741994857788,346
1.3178613185882568,346
1.3227696418762207,346
1.3279273509979248,346
1.332820177078247,346
1.3379669189453125,346
1.3427314758300781,346
1.3478329181671143,346
1.352757453918457,347
1.357877492904663,347
1.3643553256988525,347
1.368950605392456,347
1.3752171993255615,347
1.3795421123504639,347
1.3850831985473633,347
1.3894250392913818,347
1.395052194595337,347
1.39939546585083,347
1.4050250053405762,347
1.4094150066375732,347
1.415757656097412,347
1.420076608657837,347
1.4256157875061035,348
1.4299721717834473,348
1.4355170726776123,348
1.4398362636566162,348
1.4453821182250977,348
1.4497337341308594,348
1.4553649425506592,348
1.459831953048706,348
1.4661316871643066,348
1.4707112312316895,348
1.4762074947357178,348
1.4808409214019775,348
1.4862098693847656,348
1.4908287525177002,348
1.4961795806884766,348
1.5007965564727783,348
1.5060920715332031,348
1.5106806755065918,348
1.5171194076538086,348
1.5213968753814697,348
1.5270509719848633,348
1.5313482284545898,348
1.5371804237365723,348
1.5414714813232422,348
1.5472853183746338,348
1.5515494346618652,348
1.5572664737701416,348
1.5615241527557373,348
1.5679070949554443,348
1.5724148750305176,348
1.577803134918213,348
1.5823519229888916,348
1.587782382965088,348
1.5927097797393799,348
1.5978271961212158,348
1.6023683547973633,348
1.6077187061309814,348
1.6123003959655762,348
1.618739128112793,348
1.6240534782409668,348
1.6283295154571533,348
1.6331064701080322,348
1.6381464004516602,348
1.6429510116577148,348
1.6480140686035156,348
1.6530189514160156,348
1.658111810684204,348
1.6629023551940918,348
1.6691336631774902,348
1.6748342514038086,348
1.6791579723358154,348
1.6847031116485596,348
1.689068078994751,348
1.6944003105163574,348
1.698986530303955,348
1.704300880432129,348
1.712902545928955,348
1.7190930843353271,348
1.7248039245605469,348
1.7291414737701416,348
1.7348618507385254,348
1.7391679286956787,348
1.7447047233581543,348
1.7490744590759277,348
1.7543952465057373,348
1.7589857578277588,348
1.764319896697998,348
1.769636869430542,348
1.7754266262054443,348
1.7797646522521973,348
1.7853658199310303,348
1.789686918258667,348
1.795208215713501,348
1.7995305061340332,348
1.8052685260772705,348
1.8096106052398682,348
1.8151512145996094,348
1.8202323913574219,348
1.8258256912231445,348
1.8301029205322266,348
1.835827350616455,348
1.8401196002960205,348
1.8456814289093018,348
1.8499794006347656,348
1.8555619716644287,348
1.8643033504486084,348
1.8689332008361816,348
1.875309944152832,348
1.8796522617340088,348
1.8851289749145508,348
1.8894786834716797,348
1.8951666355133057,348
1.8995318412780762,348
1.9051144123077393,348
1.909496545791626,348
1.9150619506835938,348
1.9193990230560303,348
1.925689935684204,348
1.9299898147583008,348
1.9357247352600098,348
1.940018892288208,348
1.9455726146697998,348
1.9499037265777588,348
1.9555919170379639,348
1.9599065780639648,348
1.96549391746521,348
1.9698238372802734,348
1.9760637283325195,348
1.980677843093872,348
1.9859883785247803,348
1.9903013706207275,348
1.9959557056427002,348
2.000253677368164,348
2.0057783126831055,348
2.010101795196533,348
2.0158424377441406,348
2.020159959793091,348
2.026857376098633,348
2.0310962200164795,348
2.036773681640625,348
2.041044235229492,348
2.046325206756592,348
2.0509140491485596,348
2.0562291145324707,348
2.0608441829681396,348
2.0662922859191895,348
2.070925712585449,348
2.0773837566375732,348
2.0816352367401123,348
2.087257146835327,348
2.0915236473083496,348
2.0971672534942627,348
2.1014657020568848,348
2.107104539871216,348
2.1160688400268555,348
2.120692729949951,348
2.127258062362671,348
2.1315155029296875,348
2.1373934745788574,348
2.1416354179382324,348
2.1472740173339844,348
2.1515440940856934,348
2.1572093963623047,348
2.1614747047424316,348
2.1671142578125,348
2.1713638305664062,348
2.1777305603027344,348
2.182281970977783,348
2.187636613845825,348
2.192376136779785,348
2.1977145671844482,348
2.2022509574890137,348
2.2075750827789307,348
2.2120797634124756,348
2.217451333999634,348
2.2218852043151855,348
2.228062629699707,348
2.232856035232544,348
2.237947940826416,348
2.242678642272949,348
2.247802257537842,348
2.2527413368225098,348
2.257829427719116,348
2.2623469829559326,348
2.2676610946655273,348
2.272212266921997,348
2.2783098220825195,348
2.283073663711548,348
2.2880940437316895,348
2.2928659915924072,348
2.2979395389556885,348
2.302659511566162,348
2.307792901992798,348
2.3127548694610596,348
2.317929267883301,348
2.322840929031372,348
2.3290014266967773,348
2.3343453407287598,348
2.338911294937134,348
2.344266176223755,348
2.3488638401031494,348
2.354220390319824,348
2.358814239501953,348
2.3642578125,348
2.368866205215454,348
2.375264883041382,348
2.380375623703003,348
2.385887861251831,348
2.3901753425598145,348
2.395714521408081,348
2.400040864944458,348
2.405686378479004,348
2.410020112991333,348
2.415576457977295,348
2.419856309890747,348
2.4254250526428223,348
2.430826187133789,348
2.4366331100463867,348
2.4409899711608887,348
2.446235418319702,348
2.4508297443389893,348
2.456300735473633,348
2.460923194885254,348
2.4662399291992188,348
2.470834970474243,348
2.4761276245117188,348
2.481482744216919,348
2.487149238586426,348
2.4913909435272217,348
2.4972872734069824,348
2.501521110534668,348
2.5071699619293213,348
2.516110897064209,348
2.5206844806671143,348
2.5261590480804443,348
2.53153395652771,348
2.537363290786743,348
2.541620969772339,348
2.5472774505615234,348
2.551537275314331,348
2.5573370456695557,348
2.561596632003784,348
2.567234992980957,348
2.571500301361084,348
2.577132225036621,348
2.582812786102295,348
2.5879104137420654,348
2.592663049697876,348
2.597778797149658,348
2.6023342609405518,348
2.607637643814087,348
2.612339973449707,348
2.6176984310150146,348
2.6222176551818848,348
2.627654790878296,348
2.6331074237823486,348
2.638146162033081,348
2.6429481506347656,348
2.6480278968811035,348
2.6528191566467285,348
2.6579716205596924,348
2.662656307220459,348
2.6677463054656982,348
2.6726605892181396,348
2.677778482437134,348
2.684173345565796,348
2.6887612342834473,348
2.6941609382629395,348
2.6987202167510986,348
2.7037105560302734,348
2.708301305770874,348
2.7137019634246826,348
2.7183282375335693,348
2.7230751514434814,348
2.72810435295105,348
2.7347183227539062,348
2.7390990257263184,348
2.7446305751800537,348
2.749026298522949,348
2.7548911571502686,348
2.759207010269165,348
2.7647364139556885,348
2.7690930366516113,348
2.774385452270508,348
2.7789618968963623,348
2.7852704524993896,348
2.7896060943603516,348
2.7953073978424072,348
2.799638032913208,348
2.805121421813965,348
2.8094537258148193,348
2.8150386810302734,348
2.8193588256835938,348
2.8249058723449707,348
2.829265594482422,348
2.8355321884155273,348
2.839864492416382,348
2.845571279525757,348
2.8498685359954834,348
2.8555712699890137,348
2.859879493713379,348
2.865427255630493,348
2.8697669506073,348
2.8753280639648438,348
2.8796772956848145,348
2.885962963104248,348
2.890310287475586,348
2.8958492279052734,348
2.900149345397949,348
2.9057021141052246,348
2.914980411529541,348
2.9193315505981445,348
2.9250450134277344,348
2.929393768310547,348
2.935117244720459,348
2.9401655197143555,348
2.9458537101745605,348
2.9501266479492188,348
2.955685615539551,348
2.9599835872650146,348
2.965519428253174,348
2.9698569774627686,348
2.975578546524048,348
2.979862689971924,348
2.9854116439819336,348
2.9907169342041016,348
2.996051788330078,348
