0.007771492004394531,0
0.012798309326171875,0
0.017182588577270508,0
0.02307271957397461,1
0.027968168258666992,2
0.03359103202819824,4
0.03861379623413086,5
0.045041799545288086,6
0.05101275444030762,6
0.05551600456237793,7
0.06144523620605469,8
0.06595206260681152,9
0.07172799110412598,10
0.07653188705444336,11
0.08202028274536133,12
0.08687758445739746,13
0.09347248077392578,14
0.09852957725524902,14
0.1073613166809082,16
0.11346101760864258,16
0.11856508255004883,18
0.12384867668151855,19
0.1297776699066162,20
0.13456201553344727,21
0.1400749683380127,22
0.14565086364746094,23
0.1514739990234375,24
0.15601015090942383,24
0.16173386573791504,25
0.16651630401611328,26
0.17258191108703613,27
0.17704105377197266,28
0.18298697471618652,29
0.18788623809814453,30
0.19449472427368164,30
0.20000767707824707,31
0.20482468605041504,32
0.21071863174438477,33
0.21532177925109863,34
0.2211916446685791,34
0.22573518753051758,35
0.23171234130859375,36
0.23653697967529297,37
0.2420499324798584,38
0.24795913696289062,39
0.25347471237182617,40
0.2584340572357178,40
0.26372504234313965,41
0.26871228218078613,42
0.2740297317504883,42
0.27989816665649414,43
0.28469419479370117,44
0.29061388969421387,45
0.29590845108032227,46
0.3016993999481201,47
0.30649781227111816,48
0.3123610019683838,48
0.31689929962158203,49
0.3229525089263916,50
0.32764220237731934,51
0.33330583572387695,51
0.33806514739990234,52
0.3436293601989746,53
0.3513832092285156,54
0.3558976650238037,55
0.36173057556152344,56
0.36652302742004395,56
0.3756723403930664,58
0.3815493583679199,58
0.38607025146484375,59
0.39183473587036133,60
0.40073204040527344,62
0.41325998306274414,63
0.421886682510376,64
0.43408727645874023,66
0.44513964653015137,67
0.45778918266296387,69
0.4703667163848877,71
0.48262691497802734,73
0.4911785125732422,74
0.5013523101806641,75
0.5171995162963867,77
0.5257303714752197,79
0.5345597267150879,80
0.5401265621185303,81
0.544964075088501,82
0.5507924556732178,82
0.5553476810455322,83
0.5612013339996338,84
0.5657720565795898,84
0.5771684646606445,86
0.5881152153015137,88
0.5979197025299072,90
0.603978157043457,91
0.6098570823669434,92
0.61464524269104,92
0.6201152801513672,93
0.6249051094055176,94
0.6306924819946289,94
0.6359832286834717,95
0.6417667865753174,96
0.6465787887573242,96
0.6526803970336914,97
0.65716552734375,98
0.6630063056945801,98
0.6676661968231201,99
0.6733312606811523,100
0.6783633232116699,101
0.6847507953643799,101
0.6905362606048584,102
0.6950986385345459,102
0.7008695602416992,103
0.7054548263549805,104
0.7113621234893799,105
0.7158708572387695,106
0.7217509746551514,106
0.726538896560669,106
0.7323181629180908,107
0.7379090785980225,108
0.7435150146484375,109
0.7484438419342041,110
0.7537441253662109,110
0.7587528228759766,111
0.7640960216522217,111
0.7700760364532471,112
0.7748994827270508,113
0.7806358337402344,114
0.7859315872192383,114
0.7917041778564453,115
0.7965171337127686,115
0.8023500442504883,116
0.8069257736206055,116
0.8128023147583008,117
0.8173015117645264,118
0.8231427669525146,118
0.8283712863922119,119
0.8336858749389648,120
0.8406102657318115,120
0.8451390266418457,121
0.8510589599609375,121
0.8555529117584229,122
0.8613424301147461,122
0.8658649921417236,123
0.8717010021209717,124
0.8764712810516357,124
0.8819751739501953,125
0.8880515098571777,126
0.8936767578125,126
0.8986995220184326,127
0.9079835414886475,128
0.9135215282440186,128
0.9186396598815918,129
0.9239020347595215,130
0.9298460483551025,130
0.9346175193786621,131
0.9411993026733398,131
0.9457366466522217,132
0.9517490863800049,133
0.9565377235412598,133
0.962451696395874,134
0.9669506549835205,134
0.972794771194458,135
0.9772734642028809,135
0.983335018157959,136
0.9899957180023193,137
0.9947786331176758,137
1.000568151473999,138
1.0050973892211914,138
1.0110373497009277,139
1.0155808925628662,140
1.0213851928710938,140
1.0259037017822266,141
1.0317511558532715,142
1.036534309387207,142
1.0431482791900635,142
1.047945261001587,143
1.0535295009613037,144
1.0585100650787354,144
1.0637915134429932,145
1.0694222450256348,145
1.074491024017334,146
1.0800268650054932,146
1.0849041938781738,147
1.0913536548614502,147
1.0958633422851562,148
1.1016712188720703,149
1.1064326763153076,149
1.1124300956726074,150
1.1169178485870361,150
1.1227850914001465,151
1.1272404193878174,151
1.1332025527954102,152
1.1379377841949463,153
1.1440751552581787,153
1.1499154567718506,154
1.1546931266784668,154
1.1603748798370361,154
1.164912462234497,155
1.1706764698028564,156
1.1752068996429443,156
1.1810388565063477,157
1.185720682144165,157
1.1928396224975586,158
1.1973309516906738,158
1.2032098770141602,159
1.2079696655273438,160
1.2136659622192383,160
1.218639612197876,161
1.2239079475402832,162
1.228884220123291,162
1.234499454498291,162
1.2401251792907715,162
1.245610237121582,163
1.2516586780548096,164
1.256436824798584,165
1.261871099472046,165
1.2667126655578613,166
1.2726378440856934,166
1.2770936489105225,167
1.2829840183258057,167
1.287644624710083,168
1.2940311431884766,168
1.2998359203338623,169
1.304598093032837,170
1.3138718605041504,170
1.3198208808898926,171
1.3246028423309326,171
1.3304758071899414,171
1.3349919319152832,172
1.3409485816955566,172
1.3464887142181396,173
1.3530430793762207,174
1.3577525615692139,174
1.3633358478546143,175
1.3685755729675293,175
1.3738582134246826,176
1.378922939300537,176
1.3844738006591797,176
1.3899753093719482,177
1.3954975605010986,177
1.4012532234191895,178
1.4058105945587158,178
1.411611795425415,179
1.416395664215088,180
1.4218411445617676,180
1.4266431331634521,180
1.4326801300048828,181
1.4371838569641113,181
1.443037986755371,182
1.448807716369629,183
1.454049825668335,183
1.4598772525787354,184
1.46467924118042,184
1.4703519344329834,184
1.4749164581298828,185
1.4806697368621826,185
1.4852123260498047,186
1.4912524223327637,186
1.4968326091766357,187
1.5029387474060059,187
1.5075750350952148,188
1.5132744312286377,188
1.518026351928711,188
1.5235042572021484,189
1.5285160541534424,189
1.5338048934936523,190
1.5387904644012451,190
1.544055461883545,190
1.550999641418457,191
1.5555248260498047,191
1.5613043308258057,192
1.565842866897583,192
1.5716476440429688,193
1.5764505863189697,194
1.5819406509399414,194
1.5868206024169922,194
1.5926170349121094,194
1.5980682373046875,195
1.603600025177002,196
1.6087398529052734,196
1.6140251159667969,197
1.6198711395263672,197
1.6246514320373535,197
1.6305110454559326,198
1.6350536346435547,198
1.6408624649047852,198
1.6453661918640137,199
1.6518986225128174,200
1.656719446182251,200
1.6625077724456787,200
1.6669321060180664,200
1.6728737354278564,201
1.6773560047149658,202
1.6832339763641357,202
1.6879847049713135,202
1.693471908569336,203
1.7000131607055664,203
1.70487380027771,204
1.7150046825408936,204
1.7209062576293945,204
1.7254035472869873,205
1.731454610824585,205
1.735952615737915,206
1.7418162822723389,206
1.746647596359253,206
1.7532234191894531,207
1.7583467960357666,207
1.7636194229125977,208
1.7686216831207275,208
1.7739489078521729,208
1.7798495292663574,209
1.7846364974975586,209
1.790492296218872,210
1.7950382232666016,210
1.80137038230896,210
1.8058438301086426,211
1.8116891384124756,211
1.8164818286895752,212
1.8219919204711914,212
1.8268318176269531,212
1.8325872421264648,213
1.8370575904846191,213
1.8429992198944092,213
1.8478357791900635,214
1.8540232181549072,214
1.8598740100860596,215
1.864670753479004,215
1.8703579902648926,216
1.8749544620513916,216
1.880720615386963,216
1.8852267265319824,216
1.891183853149414,217
1.89570951461792,217
1.902358055114746,218
1.906949520111084,218
1.9129679203033447,219
1.9176607131958008,219
1.9233074188232422,220
1.9280800819396973,220
1.9337210655212402,220
1.9386827945709229,220
1.943913221359253,221
1.9494447708129883,221
1.955327033996582,222
1.9611351490020752,222
1.9657623767852783,222
1.971703290939331,222
1.976442813873291,223
1.981919527053833,223
1.986708641052246,224
1.9925549030303955,224
1.997016191482544,224
2.0036067962646484,225
2.008620500564575,225
2.0139000415802,226
2.0199759006500244,226
2.024752378463745,226
2.030696392059326,226
2.0352184772491455,226
2.04101300239563,227
2.045531988143921,227
2.051265001296997,228
2.061192274093628,229
2.06573224067688,230
2.071479320526123,230
2.0760037899017334,230
2.081719398498535,230
2.086451292037964,230
2.0923516750335693,230
2.0968825817108154,230
2.1026275157928467,231
2.1127047538757324,232
2.117225170135498,233
2.1232106685638428,233
2.12809157371521,233
2.1335642337799072,233
2.1386725902557373,233
2.1439030170440674,234
2.1499998569488525,234
2.155643939971924,234
2.1613452434539795,234
2.1658167839050293,235
2.1716151237487793,236
2.176109552383423,236
2.1818535327911377,236
2.1866443157196045,236
2.1924376487731934,236
2.196864604949951,236
2.202648401260376,237
2.208472490310669,238
2.213714361190796,238
2.218698501586914,238
2.223949670791626,238
2.2289135456085205,239
2.2344541549682617,239
2.2399709224700928,240
2.2447705268859863,240
2.250492811203003,240
2.2557034492492676,240
2.261439561843872,240
2.2658779621124268,241
2.2718441486358643,242
2.276641845703125,242
2.282634735107422,242
2.287029981613159,242
2.2928659915924072,242
2.297297954559326,243
2.303178071975708,243
2.308917284011841,244
2.3145570755004883,244
2.3200972080230713,244
2.32485032081604,244
2.3307888507843018,244
2.335294008255005,244
2.341028928756714,245
2.3457396030426025,246
2.352518081665039,246
2.3579041957855225,246
2.363457441329956,246
2.3683979511260986,246
2.375934362411499,247
2.3817923069000244,248
2.386573553085327,248
2.392563581466675,248
2.3969714641571045,248
2.402768611907959,248
2.4086618423461914,249
2.4140126705169678,250
2.4198453426361084,250
2.424572467803955,250
2.430025577545166,250
2.4347450733184814,250
2.4404408931732178,251
2.4450345039367676,251
2.4509670734405518,252
2.455521583557129,252
2.4618828296661377,252
2.466644763946533,252
2.472503662109375,252
2.4769270420074463,253
2.4827377796173096,253
2.487206220626831,254
2.4930548667907715,254
2.4977917671203613,254
2.5033862590789795,254
2.509871482849121,254
2.5185420513153076,255
2.523845911026001,256
2.529844045639038,256
2.5346035957336426,256
2.5405807495117188,256
2.5451014041900635,256
2.5508551597595215,257
2.555424213409424,257
2.5619635581970215,257
2.5668296813964844,258
2.572866201400757,258
2.577333688735962,258
2.583099126815796,258
2.587794542312622,258
2.593337297439575,258
2.598036766052246,259
2.6035940647125244,259
2.608595848083496,260
2.614976167678833,260
2.6207118034362793,260
2.625262498855591,260
2.6311869621276855,260
2.6356613636016846,261
2.6414377689361572,261
2.6459357738494873,262
2.6517488956451416,262
2.656531810760498,262
2.663174867630005,262
2.6680386066436768,262
2.673510789871216,263
2.6784756183624268,263
2.6837456226348877,263
2.6888952255249023,264
2.6944966316223145,264
2.7000186443328857,264
2.704761266708374,264
2.710467576980591,264
2.7157599925994873,265
2.7215845584869385,265
2.726093053817749,265
2.7317914962768555,266
2.7366020679473877,266
2.74247670173645,266
2.7469358444213867,266
2.752955436706543,266
2.7575807571411133,267
2.763953924179077,267
2.769813299179077,268
2.7745931148529053,268
2.780362129211426,268
2.784933567047119,268
2.790647268295288,268
2.7951841354370117,268
2.801081895828247,269
2.8056159019470215,269
2.811556339263916,270
2.8171892166137695,270
2.8230412006378174,270
2.827636957168579,270
2.8332414627075195,270
2.837938070297241,270
2.843404769897461,270
2.8481075763702393,271
2.8536643981933594,271
2.858626365661621,272
2.864983081817627,272
2.8709158897399902,272
2.8754281997680664,272
2.8811659812927246,272
2.885648488998413,272
2.891387939453125,273
2.895925521850586,273
2.9016976356506348,274
2.9065237045288086,274
2.9167487621307373,274
2.9226644039154053,274
2.927049398422241,274
2.933182954788208,274
2.93801212310791,275
2.9436817169189453,275
2.948662042617798,276
2.953989267349243,276
2.9597766399383545,276
2.9644837379455566,276
2.971012592315674,276
2.9755125045776367,276
2.981184244155884,277
2.9857442378997803,277
2.9916861057281494,278
2.9965081214904785,278
3.002328634262085,278
