0.008873224258422852,0
0.013997077941894531,0
0.02590632438659668,2
0.03752446174621582,4
0.049774169921875,9
0.06126213073730469,14
0.07361626625061035,22
0.08533954620361328,28
0.09739565849304199,36
0.11496663093566895,49
0.12659645080566406,58
0.13797807693481445,68
0.15027308464050293,77
0.16208887100219727,86
0.17465949058532715,96
0.18617510795593262,106
0.1988048553466797,115
0.20985913276672363,124
0.2213749885559082,133
0.2342367172241211,142
0.24710297584533691,150
0.25897765159606934,158
0.270679235458374,166
0.2825016975402832,174
0.2949211597442627,183
0.30704712867736816,189
0.3186657428741455,196
0.32961487770080566,201
0.3413097858428955,208
0.3550848960876465,214
0.36708545684814453,219
0.37892889976501465,224
0.39014744758605957,229
0.40409398078918457,234
0.4155912399291992,238
0.4275553226470947,242
0.43902063369750977,245
0.4512825012207031,248
0.4629693031311035,252
0.47615551948547363,255
0.48784661293029785,257
0.5001027584075928,259
0.5170049667358398,262
0.5288987159729004,264
0.5405511856079102,265
0.5527572631835938,266
0.565185546875,267
0.5768413543701172,268
0.5878958702087402,268
0.5998697280883789,269
0.6126492023468018,269
0.6249222755432129,270
0.6362051963806152,270
0.6480629444122314,270
0.6609029769897461,270
0.6721901893615723,270
0.6847825050354004,270
0.6961460113525391,270
0.7087926864624023,269
0.7198159694671631,269
0.7314202785491943,269
0.7440848350524902,268
0.7565944194793701,268
0.7678964138031006,267
0.7795782089233398,266
0.791358232498169,265
0.80495285987854,264
0.816164493560791,263
0.8278298377990723,262
0.8392558097839355,261
0.8508715629577637,259
0.8646440505981445,258
0.8761389255523682,256
0.8878173828125,255
0.8994967937469482,253
0.9169116020202637,251
0.9286313056945801,249
0.9399209022521973,247
0.9518094062805176,245
0.9651963710784912,243
0.9767355918884277,241
0.9878458976745605,239
0.999356746673584,238
1.0121583938598633,235
1.0246775150299072,233
1.0360066890716553,231
1.0475704669952393,229
1.0596916675567627,227
1.0715153217315674,224
1.084209680557251,222
1.0959162712097168,220
1.107468605041504,218
1.1199595928192139,215
1.131739616394043,212
1.1442713737487793,210
1.1559653282165527,208
1.1681931018829346,205
1.1789803504943848,203
1.1912965774536133,201
1.2041456699371338,198
1.216925859451294,195
1.228264331817627,193
1.2398607730865479,190
1.2517509460449219,188
1.2652227878570557,186
1.2767670154571533,183
1.288200855255127,181
1.2998857498168945,178
1.3173370361328125,175
1.3289899826049805,173
1.3406283855438232,170
1.3520781993865967,168
1.366697072982788,165
1.3781976699829102,162
1.394942045211792,159
1.4065966606140137,157
1.419093132019043,155
1.430772066116333,152
1.442711353302002,150
1.4548230171203613,148
1.4697353839874268,143
1.487499475479126,141
1.498777151107788,139
1.5098042488098145,137
1.5226502418518066,135
1.5352425575256348,132
1.5469059944152832,130
1.5587406158447266,128
1.5719778537750244,126
1.5845427513122559,123
1.5960564613342285,121
1.6075360774993896,120
1.6196513175964355,117
1.6313188076019287,115
1.6440010070800781,113
1.6555209159851074,111
1.6669695377349854,109
1.6791951656341553,107
1.6908376216888428,105
1.7028377056121826,103
1.718092918395996,101
1.7309889793395996,99
1.744159460067749,97
1.7556147575378418,95
1.7670114040374756,94
1.7791924476623535,92
1.7911319732666016,90
1.8029448986053467,88
1.815195083618164,86
1.8274576663970947,85
1.8390393257141113,83
1.850881576538086,82
1.8622329235076904,80
1.8754446506500244,78
1.8869969844818115,77
1.898899793624878,75
1.9105596542358398,74
1.9220192432403564,72
1.9350509643554688,70
1.9466116428375244,69
1.9581046104431152,68
1.9697425365447998,66
1.9820706844329834,65
1.9946064949035645,64
2.0059878826141357,62
2.017446756362915,61
2.029632091522217,60
2.0413525104522705,58
2.0540263652801514,57
2.0653605461120605,56
2.077662944793701,54
2.089067220687866,53
2.1002309322357178,52
2.1157779693603516,50
2.127767324447632,49
2.1395249366760254,48
2.151287078857422,47
2.163968563079834,46
2.1751813888549805,45
2.1874606609344482,44
2.1989216804504395,43
2.2101919651031494,42
2.222127676010132,41
2.2353274822235107,40
2.2469663619995117,39
2.259002208709717,38
2.270716428756714,37
2.2829647064208984,36
2.2950329780578613,35
2.3061976432800293,34
2.318002939224243,34
2.33061146736145,33
2.3421120643615723,32
2.354884386062622,31
2.367025136947632,30
2.3787617683410645,30
2.391322374343872,29
2.4028027057647705,28
2.4150404930114746,27
2.4265213012695312,27
2.4389874935150146,26
2.450603723526001,25
2.462069511413574,24
2.4749488830566406,24
2.4873735904693604,23
2.4989895820617676,22
2.5167880058288574,22
2.52817964553833,21
2.5408530235290527,20
2.55283522605896,20
2.5651941299438477,19
2.5766589641571045,18
2.588927984237671,18
2.600236415863037,18
2.6119961738586426,17
2.624871015548706,16
2.637296199798584,16
2.6489920616149902,16
2.6600863933563232,15
2.671973466873169,14
2.684767246246338,14
2.69682240486145,14
2.7081549167633057,13
2.719810724258423,13
2.731339454650879,12
2.7452075481414795,12
2.75707745552063,12
2.7689125537872314,11
2.781176805496216,11
2.7949483394622803,10
2.806727170944214,10
2.818053960800171,10
2.829525947570801,9
2.8426449298858643,9
2.8548080921173096,9
2.8661811351776123,8
2.877936601638794,8
2.8894550800323486,8
2.9017674922943115,8
2.917778968811035,7
2.9295055866241455,7
2.942683458328247,6
2.9549288749694824,6
2.9662110805511475,6
2.977774143218994,6
2.9893882274627686,6
3.0018322467803955,6
