0.022164344787597656,0
0.027329206466674805,0
0.03914356231689453,2
0.050580739974975586,4
0.0622100830078125,8
0.07451772689819336,14
0.08731722831726074,22
0.09911656379699707,29
0.1156926155090332,40
0.12904667854309082,51
0.14062976837158203,58
0.1521463394165039,68
0.16393589973449707,78
0.17764759063720703,90
0.18902254104614258,100
0.20051002502441406,108
0.21213531494140625,119
0.22568488121032715,131
0.23792338371276855,142
0.24918603897094727,153
0.2611844539642334,164
0.2739109992980957,175
0.2859463691711426,186
0.298353910446167,196
0.31011343002319336,208
0.32183313369750977,219
0.3344075679779053,230
0.34801149368286133,243
0.36278510093688965,256
0.37598419189453125,269
0.38865089416503906,280
0.4002249240875244,292
0.4118931293487549,303
0.4231381416320801,314
0.4356400966644287,325
0.4479715824127197,336
0.45993471145629883,348
0.471346378326416,359
0.4844472408294678,370
0.49764132499694824,383
0.5132858753204346,398
0.5260331630706787,411
0.5397624969482422,421
0.5510337352752686,432
0.5628540515899658,442
0.5745317935943604,450
0.5882432460784912,460
0.6001877784729004,468
0.6122372150421143,476
0.624077320098877,482
0.6359298229217529,489
0.6492123603820801,494
0.6612188816070557,497
0.6730055809020996,500
0.6859579086303711,502
0.6983423233032227,502
0.7102479934692383,502
0.7222702503204346,500
0.7350373268127441,498
0.7477908134460449,494
0.7597448825836182,489
0.7714095115661621,484
0.7840163707733154,478
0.7966835498809814,470
0.8086528778076172,463
0.8203058242797852,455
0.8324441909790039,446
0.8445641994476318,436
0.857325553894043,427
0.8691909313201904,417
0.8809280395507812,408
0.8933734893798828,398
0.905738115310669,385
0.9222891330718994,376
0.9353256225585938,365
0.9481716156005859,356
0.9599888324737549,348
0.9718632698059082,340
0.9829502105712891,333
0.9959161281585693,326
1.0081801414489746,320
1.020186185836792,315
1.0320496559143066,311
1.044576644897461,307
1.0574028491973877,305
1.0693249702453613,304
1.0814085006713867,304
1.0942683219909668,304
1.1071791648864746,307
1.1189959049224854,310
1.1305243968963623,313
1.1430480480194092,319
1.1546149253845215,325
1.1677818298339844,332
1.1791040897369385,339
1.191293478012085,347
1.2030093669891357,356
1.215078592300415,365
1.2276349067687988,374
1.2402842044830322,384
1.2520453929901123,394
1.2639398574829102,404
1.2758548259735107,415
1.288130283355713,425
1.3006815910339355,436
1.3172519207000732,451
1.3292193412780762,462
1.343001127243042,473
1.3548495769500732,486
1.370783805847168,494
1.3824701309204102,502
1.4013340473175049,517
1.4238641262054443,528
1.4457733631134033,538
1.4622647762298584,544
1.4818081855773926,549
1.4989006519317627,552
1.5188603401184082,552
1.5406007766723633,550
1.558558464050293,546
1.5729169845581055,541
1.5844993591308594,537
1.600980520248413,528
1.6210217475891113,518
1.637845754623413,508
1.649247407913208,500
1.6612520217895508,492
1.6740212440490723,484
1.6870598793029785,474
1.698746919631958,466
1.7151625156402588,453
1.7281558513641357,444
1.7400035858154297,436
1.7519943714141846,428
1.7633230686187744,420
1.7772445678710938,411
1.7891204357147217,404
1.8006701469421387,399
1.8121070861816406,394
1.8245201110839844,388
1.8374097347259521,384
1.8491411209106445,380
1.8608076572418213,378
1.8733456134796143,376
1.8851947784423828,375
1.8979475498199463,376
1.90932035446167,377
1.9220023155212402,379
1.933967113494873,382
1.945965051651001,386
1.958308458328247,391
1.9707839488983154,396
1.9825050830841064,403
1.994361400604248,410
2.0071210861206055,419
2.018671989440918,427
2.0312821865081787,436
2.0428450107574463,444
2.0548460483551025,455
2.0676684379577637,464
2.080151081085205,474
2.092114210128784,484
2.103842258453369,494
2.120189666748047,509
2.13279128074646,517
2.1445534229278564,527
2.15783429145813,538
2.1692254543304443,546
2.1821162700653076,555
2.1937718391418457,563
2.2060697078704834,572
2.2183685302734375,577
2.2308974266052246,584
2.2425103187561035,589
2.254333972930908,593
2.267238140106201,598
2.2799999713897705,600
2.2919304370880127,602
2.303142786026001,603
2.313962936401367,603
2.328188419342041,602
2.3406405448913574,601
2.3521945476531982,598
2.364037275314331,595
2.375882148742676,591
2.389612913131714,586
2.401111364364624,581
2.4129433631896973,575
2.424639940261841,568
2.4382638931274414,562
2.4499573707580566,554
2.461385488510132,547
2.4731881618499756,539
2.4861605167388916,530
2.4983842372894287,524
2.510148525238037,516
2.526074171066284,504
2.5398077964782715,498
2.551236391067505,490
2.56301212310791,484
2.575115442276001,478
2.588714599609375,472
2.6005473136901855,467
2.6121034622192383,462
2.623854637145996,459
2.6371307373046875,455
2.6488752365112305,453
2.660642147064209,452
2.672184705734253,452
2.685148000717163,452
2.6979353427886963,454
2.7092723846435547,456
2.721108913421631,459
2.7329742908477783,462
2.7458102703094482,467
2.7581467628479004,472
2.770359754562378,478
2.782050609588623,485
2.7945456504821777,492
2.8076367378234863,501
2.8190982341766357,509
2.8307576179504395,516
2.842961549758911,526
2.8546042442321777,535
2.8677167892456055,545
2.879645347595215,554
2.892366886138916,563
2.9040873050689697,573
2.9205405712127686,585
2.932182550430298,594
2.944619655609131,604
2.9580631256103516,612
2.9696218967437744,620
2.981114149093628,628
2.9940407276153564,634
3.0061709880828857,642
