0.008930683135986328,0
0.031261444091796875,2
0.04269123077392578,4
0.05420207977294922,9
0.06587386131286621,13
0.07779073715209961,20
0.08971667289733887,27
0.10058951377868652,34
0.1119234561920166,42
0.12335801124572754,52
0.13603591918945312,62
0.14799165725708008,70
0.1590101718902588,79
0.17039871215820312,88
0.18259572982788086,100
0.1939527988433838,110
0.20527219772338867,119
0.21726775169372559,129
0.2281029224395752,140
0.24137210845947266,151
0.2525925636291504,162
0.2639448642730713,172
0.2752828598022461,181
0.2881734371185303,192
0.29906344413757324,203
0.31062841415405273,212
0.32210683822631836,224
0.3341374397277832,236
0.3461792469024658,246
0.3581047058105469,255
0.3696925640106201,265
0.3805398941040039,274
0.39263057708740234,283
0.4042065143585205,292
0.4203314781188965,301
0.4321300983428955,309
0.4443986415863037,316
0.45673561096191406,322
0.468172550201416,327
0.4796147346496582,332
0.49187374114990234,336
0.5030510425567627,340
0.5142824649810791,344
0.526071310043335,347
0.5388810634613037,350
0.5500802993774414,352
0.5613768100738525,354
0.5730171203613281,356
0.5843262672424316,357
0.5961306095123291,358
0.6091241836547852,359
0.6202569007873535,359
0.6319179534912109,360
0.644197940826416,360
0.6558897495269775,360
0.6677393913269043,360
0.6787228584289551,360
0.6905279159545898,360
0.7024943828582764,360
0.713874101638794,360
0.7298729419708252,360
0.7420899868011475,360
0.753364086151123,360
0.7645962238311768,360
0.7760069370269775,360
0.7878153324127197,360
0.8000710010528564,360
0.8122708797454834,360
0.8282759189605713,360
0.838970422744751,360
0.8519272804260254,360
0.86295485496521,360
0.8742177486419678,360
0.8860774040222168,360
0.8984658718109131,360
0.9092416763305664,360
0.921964168548584,360
0.9328632354736328,360
0.9455976486206055,360
0.9577476978302002,360
0.9686136245727539,360
0.9799187183380127,360
0.9908361434936523,360
1.0031154155731201,360
1.0145361423492432,360
1.026076316833496,360
1.0381009578704834,360
1.0505366325378418,360
1.062075138092041,360
1.0721886157989502,360
1.084014892578125,360
1.0971405506134033,360
1.1082773208618164,360
1.1196026802062988,360
1.1306166648864746,360
1.141951322555542,360
1.1529412269592285,360
1.1648743152618408,360
1.1758184432983398,360
1.1882038116455078,360
1.1997179985046387,360
1.2107834815979004,360
1.2260818481445312,360
1.2384672164916992,360
1.2505874633789062,360
1.2619316577911377,360
1.2728440761566162,360
1.284191608428955,360
1.295764684677124,360
1.3083784580230713,360
1.3200767040252686,360
1.3311009407043457,360
1.342522144317627,360
1.3551318645477295,360
1.36678147315979,360
1.3781309127807617,360
1.3891985416412354,360
1.4007987976074219,360
1.4121983051300049,360
1.4237027168273926,360
1.435321569442749,360
1.4476869106292725,360
1.459822654724121,360
1.470522165298462,360
1.4820926189422607,360
1.492931604385376,360
1.5050737857818604,360
1.5171787738800049,360
1.5281240940093994,360
1.5395865440368652,360
1.5500767230987549,360
1.5623664855957031,360
1.5737671852111816,360
1.5848846435546875,360
1.5961480140686035,360
1.6090173721313477,360
1.6227161884307861,360
1.6356706619262695,360
1.6472792625427246,360
1.6598501205444336,360
1.6705780029296875,360
1.681854248046875,360
1.692591667175293,360
1.704331398010254,360
1.7202107906341553,360
1.7320361137390137,360
1.7431812286376953,360
1.7542414665222168,360
1.7672934532165527,360
1.7786729335784912,360
1.7899374961853027,360
1.800241231918335,360
1.8127927780151367,360
1.8241329193115234,360
1.8379907608032227,360
1.8498895168304443,360
1.8616914749145508,360
1.8729825019836426,360
1.884227991104126,360
1.8960199356079102,360
1.9078547954559326,360
1.9201805591583252,360
1.9313232898712158,360
1.9425687789916992,360
1.9538254737854004,360
1.9658164978027344,360
1.9781291484832764,360
1.9891541004180908,360
2.000267505645752,360
2.01185941696167,360
2.028940439224243,360
2.040112257003784,360
2.0520071983337402,360
2.0630006790161133,360
2.0753729343414307,360
2.0861318111419678,360
2.0985653400421143,360
2.109722375869751,360
2.1217732429504395,360
2.133033514022827,360
2.144477367401123,360
2.1560189723968506,360
2.1684985160827637,360
2.1795830726623535,360
2.1901865005493164,360
2.2021188735961914,360
2.2130017280578613,360
2.224874973297119,360
2.2361154556274414,360
2.247950315475464,360
2.259202480316162,360
2.27093768119812,360
2.282534599304199,360
2.293804883956909,360
2.3045310974121094,360
2.3160173892974854,360
2.3287644386291504,360
2.3398897647857666,360
2.3507282733917236,360
2.361921548843384,360
2.3742263317108154,360
2.3860583305358887,360
2.3978068828582764,360
2.408489942550659,360
2.4241716861724854,360
2.4377639293670654,360
2.448854446411133,360
2.4599056243896484,360
2.4721550941467285,360
2.483790397644043,360
2.494563579559326,360
2.506113290786743,360
2.5182926654815674,360
2.530416488647461,360
2.5417115688323975,360
2.5525665283203125,360
2.5640082359313965,360
2.576050281524658,360
2.587860345840454,360
2.5988361835479736,360
2.6102194786071777,360
2.6213629245758057,360
2.633800745010376,360
2.644545555114746,360
2.656043767929077,360
2.667775869369507,360
2.6797351837158203,360
2.690509796142578,360
2.702633857727051,360
2.7139205932617188,360
2.724931478500366,360
2.7378275394439697,360
2.7484495639801025,360
2.760557174682617,360
2.7719404697418213,360
2.7840654850006104,360
2.7956955432891846,360
2.8073225021362305,360
2.8184921741485596,360
2.8343327045440674,360
2.8460850715637207,360
2.8580892086029053,360
2.869309186935425,360
2.8806049823760986,360
2.89263916015625,360
2.9040026664733887,360
2.915830612182617,360
2.928129196166992,360
2.9400649070739746,360
2.9512760639190674,360
2.9623889923095703,360
2.973726987838745,360
2.9860029220581055,360
2.9978177547454834,360
