0.008990049362182617,0
0.018593549728393555,1
0.030162334442138672,3
0.04313969612121582,7
0.05497169494628906,11
0.06680512428283691,18
0.07895779609680176,25
0.0912778377532959,33
0.10307145118713379,41
0.11489343643188477,50
0.1267387866973877,59
0.13940691947937012,69
0.1507256031036377,78
0.16212224960327148,89
0.17363357543945312,97
0.18515443801879883,109
0.19854974746704102,119
0.2100358009338379,130
0.22137975692749023,139
0.23302459716796875,150
0.2452847957611084,161
0.2580587863922119,173
0.2697877883911133,184
0.28124046325683594,193
0.29342150688171387,204
0.3050820827484131,215
0.31688666343688965,226
0.32903552055358887,237
0.3412301540374756,248
0.3528561592102051,258
0.3637425899505615,267
0.3752772808074951,276
0.38803577423095703,287
0.40016818046569824,295
0.4163057804107666,305
0.4291269779205322,313
0.4416463375091553,319
0.453326940536499,325
0.4649980068206787,330
0.4771089553833008,336
0.4891197681427002,339
0.5013506412506104,343
0.5128912925720215,346
0.523766040802002,349
0.5353827476501465,351
0.5490028858184814,353
0.5600910186767578,355
0.5717518329620361,356
0.5831778049468994,357
0.5958414077758789,358
0.6083190441131592,358
0.6198468208312988,359
0.6314394474029541,359
0.6429362297058105,359
0.6552619934082031,359
0.6688714027404785,359
0.6799502372741699,359
0.6915924549102783,359
0.70375657081604,359
0.7153060436248779,359
0.7276544570922852,359
0.739382266998291,359
0.7514424324035645,359
0.7627999782562256,359
0.7738542556762695,359
0.7854208946228027,359
0.7990021705627441,359
0.8100454807281494,359
0.8251726627349854,359
0.8382012844085693,359
0.851874589920044,359
0.8632609844207764,359
0.8749043941497803,359
0.8870117664337158,359
0.8991920948028564,359
0.9113054275512695,359
0.9228560924530029,359
0.9336702823638916,359
0.9451680183410645,359
0.9588377475738525,359
0.9701106548309326,359
0.9813785552978516,359
0.9928700923919678,359
1.0047142505645752,359
1.0166046619415283,359
1.0289101600646973,359
1.0399649143218994,359
1.0513906478881836,359
1.0637435913085938,359
1.0753097534179688,359
1.0870990753173828,359
1.0991718769073486,359
1.111354112625122,359
1.123054027557373,359
1.1346125602722168,359
1.1457569599151611,359
1.15919828414917,359
1.1708924770355225,359
1.182039737701416,359
1.193617343902588,359
1.206160068511963,359
1.2220160961151123,359
1.2336795330047607,359
1.2451982498168945,359
1.258967399597168,359
1.2701268196105957,359
1.2815654277801514,359
1.2930920124053955,359
1.3041374683380127,359
1.3176331520080566,359
1.3293724060058594,359
1.3407225608825684,359
1.3519389629364014,359
1.3640961647033691,359
1.3755595684051514,359
1.3882465362548828,359
1.3999300003051758,359
1.4119081497192383,359
1.4234297275543213,359
1.4351837635040283,359
1.4465570449829102,359
1.4598727226257324,359
1.4713194370269775,359
1.4829378128051758,359
1.4941716194152832,359
1.5055217742919922,359
1.5188641548156738,359
1.5300536155700684,359
1.5413625240325928,359
1.5529460906982422,359
1.5651004314422607,359
1.576826572418213,359
1.58888578414917,359
1.5999867916107178,359
1.6121761798858643,359
1.6282274723052979,359
1.6399774551391602,359
1.6514179706573486,359
1.6635901927947998,359
1.6760544776916504,359
1.688769817352295,359
1.6999359130859375,359
1.7113726139068604,359
1.7235608100891113,359
1.7351973056793213,359
1.7470676898956299,359
1.7593421936035156,359
1.7719244956970215,359
1.7831649780273438,359
1.7947978973388672,359
1.8065903186798096,359
1.8194024562835693,359
1.8309416770935059,359
1.842726230621338,359
1.8538939952850342,359
1.8661916255950928,359
1.8788137435913086,359
1.8899753093719482,359
1.901365041732788,359
1.9128804206848145,359
1.925121784210205,359
1.9368691444396973,359
1.9490547180175781,359
1.9601588249206543,359
1.9730563163757324,359
1.9842357635498047,359
1.9958198070526123,359
2.0082032680511475,359
2.0237019062042236,359
2.0353658199310303,359
2.048536777496338,359
2.0599167346954346,359
2.07206654548645,359
2.083574056625366,359
2.0952019691467285,359
2.1070687770843506,359
2.1193814277648926,359
2.1319022178649902,359
2.1433169841766357,359
2.1549980640411377,359
2.166818618774414,359
2.1797220706939697,359
2.1910595893859863,359
2.202920436859131,359
2.214625358581543,359
2.226966142654419,359
2.239064931869507,359
2.2507998943328857,359
2.2617580890655518,359
2.2740073204040527,359
2.2854065895080566,359
2.2979745864868164,359
2.3091301918029785,359
2.3201169967651367,359
2.3328120708465576,359
2.3436648845672607,359
2.355135679244995,359
2.3668222427368164,359
2.379896879196167,359
2.391382932662964,359
2.402907133102417,359
2.413790464401245,359
2.431145429611206,359
2.443047523498535,359
2.4547805786132812,359
2.4662580490112305,359
2.4794728755950928,359
2.490914821624756,359
2.5022084712982178,359
2.513936996459961,359
2.525289297103882,359
2.538640022277832,359
2.5494813919067383,359
2.5608277320861816,359
2.572279214859009,359
2.5847465991973877,359
2.5966970920562744,359
2.608732223510742,359
2.6200525760650635,359
2.6328797340393066,359
2.6438586711883545,359
2.6551854610443115,359
2.668621301651001,359
2.6809732913970947,359
2.692251205444336,359
2.7037181854248047,359
2.715113878250122,359
2.727086305618286,359
2.739973306655884,359
2.7513561248779297,359
2.7628936767578125,359
2.7741622924804688,359
2.7868497371673584,359
2.798999071121216,359
2.8101091384887695,359
2.82490873336792,359
2.8386034965515137,359
2.8501343727111816,359
2.861645221710205,359
2.8730249404907227,359
2.8851773738861084,359
2.896937847137451,359
2.9090771675109863,359
2.920771837234497,359
2.9322075843811035,359
2.944202423095703,359
2.9554126262664795,359
2.9676547050476074,359
2.979309558868408,359
2.9914073944091797,359
3.002854108810425,359
