0.008515596389770508,0
0.01809859275817871,1
0.029955625534057617,3
0.042389869689941406,7
0.05567574501037598,12
0.06726932525634766,18
0.0791010856628418,26
0.09124588966369629,34
0.10226273536682129,42
0.11593055725097656,51
0.12714767456054688,60
0.13929009437561035,70
0.15081262588500977,78
0.16249895095825195,90
0.1757371425628662,100
0.18813300132751465,110
0.19939327239990234,121
0.21089410781860352,131
0.2225198745727539,142
0.23642182350158691,152
0.2480313777923584,163
0.25927186012268066,174
0.2708566188812256,184
0.28255343437194824,196
0.2962985038757324,207
0.30788755416870117,218
0.31940221786499023,229
0.3309357166290283,240
0.34393739700317383,250
0.35622429847717285,260
0.3680765628814697,270
0.3798971176147461,279
0.39223814010620117,288
0.4047393798828125,297
0.42067885398864746,306
0.432417631149292,314
0.4464268684387207,320
0.45801806449890137,326
0.4693882465362549,331
0.4810495376586914,336
0.49389195442199707,340
0.5062358379364014,344
0.5173406600952148,346
0.5289616584777832,349
0.5413198471069336,352
0.5529632568359375,354
0.5657999515533447,355
0.5773415565490723,356
0.589026927947998,358
0.601219654083252,358
0.6131491661071777,359
0.6257920265197754,359
0.6373403072357178,360
0.6499631404876709,360
0.6609184741973877,360
0.6724739074707031,360
0.6860039234161377,360
0.6983349323272705,360
0.7101173400878906,359
0.7217311859130859,359
0.7330524921417236,359
0.7463979721069336,359
0.7580223083496094,359
0.7700536251068115,359
0.7809793949127197,359
0.792527437210083,359
0.8059301376342773,359
0.8207144737243652,359
0.832505464553833,359
0.8463399410247803,359
0.8579549789428711,359
0.869304895401001,359
0.8809065818786621,359
0.8925836086273193,359
0.9062018394470215,359
0.9176280498504639,359
0.928865909576416,359
0.9404995441436768,359
0.9531545639038086,359
0.9657442569732666,359
0.9771549701690674,359
0.9886724948883057,359
1.0008392333984375,359
1.0124433040618896,359
1.0253372192382812,359
1.036832571029663,359
1.048323392868042,359
1.0605499744415283,359
1.0722603797912598,359
1.084183931350708,359
1.0962224006652832,359
1.108611822128296,359
1.1200225353240967,359
1.1312658786773682,359
1.1430559158325195,359
1.1564719676971436,359
1.1680641174316406,359
1.1793749332427979,359
1.1908884048461914,359
1.2037272453308105,359
1.2159507274627686,359
1.2311089038848877,359
1.2426567077636719,359
1.2565028667449951,359
1.26826810836792,359
1.2799108028411865,359
1.290935754776001,359
1.3024516105651855,359
1.3161125183105469,359
1.3272349834442139,359
1.338592290878296,359
1.3500373363494873,359
1.3620250225067139,359
1.3738927841186523,359
1.3860664367675781,359
1.3972792625427246,359
1.4093387126922607,359
1.4208853244781494,359
1.4325971603393555,359
1.4452753067016602,359
1.4567461013793945,359
1.4689981937408447,359
1.480576753616333,359
1.4924719333648682,359
1.5051414966583252,359
1.5172338485717773,359
1.5285921096801758,359
1.540083885192871,359
1.5517494678497314,359
1.5651357173919678,359
1.5766887664794922,359
1.5884346961975098,359
1.6000473499298096,359
1.6122441291809082,359
1.6282260417938232,359
1.6399741172790527,359
1.6510343551635742,359
1.6638987064361572,359
1.6763498783111572,359
1.688453197479248,359
1.6999261379241943,359
1.7151551246643066,359
1.7267966270446777,359
1.7383708953857422,359
1.7502033710479736,359
1.762446641921997,359
1.7751822471618652,359
1.7867112159729004,359
1.7980833053588867,359
1.8100178241729736,359
1.8223936557769775,359
1.8350794315338135,359
1.8466930389404297,359
1.858323097229004,359
1.8705029487609863,359
1.882178544998169,359
1.894052505493164,359
1.9063694477081299,359
1.918745756149292,359
1.9301354885101318,359
1.9420068264007568,359
1.9539439678192139,359
1.9671263694763184,359
1.9784643650054932,359
1.9899280071258545,359
2.001091241836548,359
2.0125906467437744,359
2.029376983642578,359
2.0408716201782227,359
2.0524864196777344,359
2.0656867027282715,359
2.0779597759246826,359
2.0890791416168213,359
2.100682258605957,359
2.112330436706543,359
2.12595534324646,359
2.1371657848358154,359
2.148613214492798,359
2.160045862197876,359
2.171961784362793,359
2.183670997619629,359
2.195077419281006,359
2.207144021987915,359
2.2186286449432373,359
2.230764627456665,359
2.2424399852752686,359
2.2551472187042236,359
2.2666609287261963,359
2.2791178226470947,359
2.2904322147369385,359
2.3019609451293945,359
2.3210878372192383,359
2.3340749740600586,359
2.3462610244750977,359
2.35762357711792,359
2.3688547611236572,359
2.3810465335845947,359
2.393223524093628,359
2.4058408737182617,359
2.4171597957611084,359
2.433089017868042,359
2.446016311645508,359
2.457832098007202,359
2.469101667404175,359
2.4818291664123535,359
2.4931089878082275,359
2.5059478282928467,359
2.5172207355499268,359
2.5293171405792236,359
2.5408902168273926,359
2.552419424057007,359
2.5653202533721924,359
2.576694965362549,359
2.589250087738037,359
2.600606918334961,359
2.612189769744873,359
2.6241633892059326,359
2.63713002204895,359
2.6486449241638184,359
2.6600046157836914,359
2.671099901199341,359
2.685767889022827,359
2.69726300239563,359
2.7123475074768066,359
2.725691318511963,359
2.738227605819702,359
2.7500596046447754,359
2.7609598636627197,359
2.7724058628082275,359
2.7865161895751953,359
2.7980926036834717,359
2.8093745708465576,359
2.8207879066467285,359
2.838157892227173,359
2.8499948978424072,359
2.8611998558044434,359
2.873049259185791,359
2.8863892555236816,359
2.8979039192199707,359
2.9090588092803955,359
2.92045521736145,359
2.9321844577789307,359
2.9456894397735596,359
2.95709228515625,359
2.968679666519165,359
2.980180263519287,359
2.992652416229248,359
3.005300521850586,359
