0.024636268615722656,0
0.0286407470703125,0
0.040375709533691406,2
0.054390907287597656,5
0.06594324111938477,10
0.07746624946594238,15
0.0891122817993164,22
0.1020207405090332,30
0.11463308334350586,38
0.12639212608337402,46
0.13791656494140625,56
0.1502997875213623,65
0.16211247444152832,75
0.1746382713317871,85
0.18619275093078613,95
0.19838857650756836,105
0.21009206771850586,116
0.22197794914245605,126
0.2344677448272705,137
0.24685978889465332,148
0.25839996337890625,158
0.2698798179626465,169
0.2812979221343994,180
0.2942848205566406,191
0.30666017532348633,202
0.31821179389953613,213
0.3295474052429199,224
0.3414022922515869,235
0.354938268661499,246
0.36670660972595215,256
0.3783535957336426,266
0.3903019428253174,276
0.4039649963378906,286
0.4191718101501465,297
0.4314236640930176,305
0.4442787170410156,312
0.456742525100708,318
0.46834826469421387,324
0.480072021484375,330
0.49199509620666504,335
0.5050737857818604,340
0.5166573524475098,343
0.5284519195556641,346
0.540302038192749,348
0.5539157390594482,351
0.5652706623077393,353
0.5766546726226807,354
0.5882601737976074,355
0.600083589553833,356
0.6135096549987793,357
0.6253461837768555,357
0.6367499828338623,358
0.6483089923858643,358
0.6619918346405029,358
0.6743035316467285,358
0.6884250640869141,358
0.7000281810760498,358
0.7139174938201904,358
0.7252740859985352,358
0.7368323802947998,358
0.7482969760894775,358
0.7604739665985107,358
0.7735457420349121,358
0.7853665351867676,358
0.7969467639923096,358
0.8090925216674805,358
0.8258063793182373,358
0.8374276161193848,358
0.8490135669708252,358
0.8618423938751221,358
0.8743538856506348,358
0.8862776756286621,358
0.8982295989990234,358
0.9108073711395264,358
0.9234726428985596,358
0.9351105690002441,358
0.9466421604156494,358
0.9582967758178711,358
0.9706995487213135,358
0.9834859371185303,358
0.9952740669250488,358
1.006748914718628,358
1.0191247463226318,358
1.0306456089019775,358
1.0434775352478027,358
1.0552384853363037,358
1.0681757926940918,358
1.0800578594207764,358
1.0913827419281006,358
1.1040279865264893,358
1.1164283752441406,358
1.1280431747436523,358
1.1391246318817139,358
1.1506373882293701,358
1.1638083457946777,358
1.1766417026519775,358
1.188471794128418,358
1.2003324031829834,358
1.2120864391326904,358
1.229064702987671,358
1.2407433986663818,358
1.254105567932129,358
1.2652840614318848,358
1.2779772281646729,358
1.2890803813934326,358
1.300797462463379,358
1.313995361328125,358
1.3261752128601074,358
1.3383479118347168,358
1.3499023914337158,358
1.3613529205322266,358
1.3747951984405518,358
1.3863136768341064,358
1.3979966640472412,358
1.4090676307678223,358
1.4221584796905518,358
1.4345574378967285,358
1.4461424350738525,358
1.4575178623199463,358
1.4702982902526855,358
1.4821276664733887,358
1.4946515560150146,358
1.5063657760620117,358
1.518064022064209,358
1.5304811000823975,358
1.543316125869751,358
1.5551214218139648,358
1.5667126178741455,358
1.5790612697601318,358
1.5906074047088623,358
1.6034293174743652,358
1.6151368618011475,358
1.6315581798553467,358
1.6445040702819824,358
1.6567697525024414,358
1.6682915687561035,358
1.680626630783081,358
1.6938366889953613,358
1.7051887512207031,358
1.7171821594238281,358
1.7293453216552734,358
1.7412447929382324,358
1.7538628578186035,358
1.765456199645996,358
1.7781767845153809,358
1.7893240451812744,358
1.801077127456665,358
1.8140318393707275,358
1.8264365196228027,358
1.8384034633636475,358
1.8500549793243408,358
1.8621408939361572,358
1.8743922710418701,358
1.8868520259857178,358
1.8984110355377197,358
1.9092864990234375,358
1.9210429191589355,358
1.9345221519470215,358
1.9461500644683838,358
1.9579188823699951,358
1.9690570831298828,358
1.98195481300354,358
1.9942262172698975,358
2.0054502487182617,358
2.0170931816101074,358
2.034794807434082,358
2.0463225841522217,358
2.058150291442871,358
2.0691704750061035,358
2.0822319984436035,358
2.0946195125579834,358
2.1062684059143066,358
2.118198871612549,358
2.1298365592956543,358
2.143413782119751,358
2.155205726623535,358
2.1667540073394775,358
2.1781680583953857,358
2.190519332885742,358
2.2035670280456543,358
2.2155141830444336,358
2.227152109146118,358
2.2394979000091553,358
2.251121759414673,358
2.263871669769287,358
2.2753241062164307,358
2.2875864505767822,358
2.29921817779541,358
2.3107688426971436,358
2.3238327503204346,358
2.3365020751953125,358
2.3481369018554688,358
2.359251022338867,358
2.3707823753356934,358
2.383518695831299,358
2.396327018737793,358
2.40791392326355,358
2.4190478324890137,358
2.4362173080444336,358
2.448779821395874,358
2.460650682449341,358
2.4734950065612793,358
2.485276460647583,358
2.49806809425354,358
2.509281873703003,358
2.5212154388427734,358
2.533968210220337,358
2.546428680419922,357
2.558364152908325,357
2.569905996322632,357
2.5819365978240967,356
2.595144510269165,356
2.6068665981292725,356
2.6183953285217285,355
2.630140781402588,355
2.6439929008483887,354
2.6562793254852295,354
2.6679763793945312,354
2.6841890811920166,354
2.6969337463378906,354
2.708728075027466,354
2.7204737663269043,353
2.733428955078125,353
2.746152639389038,353
2.7581658363342285,353
2.7692067623138428,352
2.7810215950012207,352
2.794609308242798,352
2.806349754333496,352
2.817296028137207,352
2.8342580795288086,352
2.846766710281372,352
2.8583571910858154,352
2.8698713779449463,352
2.881972551345825,352
2.8942158222198486,352
2.9065449237823486,352
2.918109178543091,352
2.9291117191314697,352
2.9412407875061035,352
2.9545040130615234,352
2.96630597114563,352
2.9779598712921143,352
2.9891140460968018,352
3.0021021366119385,352
