0.006379127502441406,1,212
0.011803865432739258,2,195
0.018338918685913086,4,190
0.023726463317871094,5,188
0.030957460403442383,6,199
0.03736162185668945,8,196
0.04290294647216797,9,203
0.04904794692993164,10,212
0.05482816696166992,12,214
0.060569047927856445,13,221
0.06696820259094238,14,224
0.07250857353210449,16,227
0.07860302925109863,17,232
0.08580303192138672,18,236
0.09109783172607422,20,241
0.09780669212341309,22,243
0.10303068161010742,23,246
0.10921835899353027,24,247
0.11538386344909668,26,248
0.12087178230285645,28,249
0.12730884552001953,29,250
0.13385272026062012,30,251
0.13997864723205566,32,251
0.1463320255279541,34,252
0.15167498588562012,35,254
0.15822219848632812,37,256
0.16343092918395996,38,256
0.16982340812683105,40,258
0.17618799209594727,42,259
0.18134212493896484,44,258
0.18858957290649414,44,260
0.19400525093078613,46,258
0.20011663436889648,48,260
0.20650887489318848,49,263
0.21194005012512207,51,265
0.21834993362426758,52,262
0.2237684726715088,54,262
0.22990059852600098,56,262
0.2370011806488037,58,264
0.2425398826599121,59,262
0.2533445358276367,62,260
0.26067137718200684,64,261
0.2672734260559082,66,263
0.2728233337402344,67,262
0.2792212963104248,68,264
0.28656768798828125,70,264
0.291980504989624,72,266
0.2982804775238037,74,264
0.3036959171295166,75,264
0.30980515480041504,76,263
0.31615424156188965,78,264
0.3213047981262207,80,266
0.3278028964996338,81,262
0.33299922943115234,84,262
0.3401949405670166,84,262
0.34659910202026367,86,262
0.352017879486084,88,263
0.3583204746246338,89,262
0.3643157482147217,92,264
0.3705148696899414,92,268
0.3769683837890625,94,266
0.3825256824493408,96,265
0.38977646827697754,98,265
0.3963017463684082,99,263
0.4014270305633545,101,266
0.4080972671508789,102,264
0.41327524185180664,104,264
0.4193878173828125,106,264
0.42580723762512207,107,265
0.43109893798828125,109,265
0.43839001655578613,110,267
0.44379639625549316,112,265
0.44991278648376465,114,264
0.45648932456970215,115,264
0.4618985652923584,117,267
0.46820735931396484,118,264
0.47336626052856445,120,265
0.4797241687774658,122,268
0.48593997955322266,124,268
0.4924631118774414,126,268
0.49858736991882324,126,267
0.5039982795715332,128,264
0.5101094245910645,130,264
0.5166792869567871,131,264
0.5221307277679443,133,263
0.5283358097076416,134,264
0.5337083339691162,136,264
0.5406439304351807,138,266
0.5469977855682373,140,266
0.5525937080383301,141,265
0.5586903095245361,142,267
0.5640978813171387,144,267
0.5702126026153564,146,268
0.5768015384674072,148,268
0.5823726654052734,149,264
0.5891907215118408,151,264
0.5953896045684814,152,263
0.600820779800415,154,265
0.6071226596832275,156,265
0.6126961708068848,157,267
0.618823766708374,159,264
0.6241955757141113,160,267
0.6303021907806396,162,265
0.636859655380249,164,268
0.6432685852050781,165,264
0.6566262245178223,168,267
0.6621456146240234,170,265
0.6685099601745605,172,268
0.6739335060119629,174,265
0.6840882301330566,176,266
0.6942942142486572,180,264
0.7068493366241455,183,265
0.7217779159545898,186,267
0.7330877780914307,189,269
0.7397606372833252,191,267
0.746938943862915,193,270
0.7524685859680176,194,265
0.7587580680847168,196,266
0.7641758918762207,198,265
0.7702915668487549,199,266
0.7801501750946045,203,264
0.7926063537597656,206,265
0.8033413887023926,208,266
0.8106088638305664,210,268
0.81777024269104,212,265
0.8229923248291016,213,267
0.8291709423065186,215,268
0.8353431224822998,216,266
0.8406784534454346,218,268
0.8481957912445068,220,266
0.8533303737640381,221,265
0.8597216606140137,223,266
0.8659234046936035,224,265
0.8712079524993896,226,265
0.8779964447021484,228,266
0.8831787109375,229,265
0.8893110752105713,231,267
0.8965463638305664,232,262
0.9019737243652344,234,264
0.9084534645080566,236,265
0.9138953685760498,237,265
0.9200420379638672,239,269
0.9264223575592041,240,266
0.9317340850830078,242,268
0.938260555267334,244,268
0.9437155723571777,246,268
0.9506411552429199,247,266
0.9569861888885498,249,262
0.9625394344329834,250,267
0.9686472415924072,252,265
0.9740819931030273,254,265
0.9802136421203613,255,266
0.9866411685943604,256,266
0.9920165538787842,258,268
0.99924635887146,260,266
1.0054056644439697,262,270
