0.0061533451080322266,2,287
0.011820316314697266,4,272
0.01813340187072754,5,263
0.025617599487304688,8,264
0.031166791915893555,9,272
0.03754091262817383,11,278
0.042967796325683594,13,287
0.0490725040435791,14,290
0.055449724197387695,16,298
0.06092691421508789,18,296
0.06713128089904785,20,302
0.07250666618347168,22,307
0.0793008804321289,23,308
0.0857083797454834,26,313
0.0912332534790039,28,319
0.09757781028747559,30,320
0.10297465324401855,32,323
0.10911941528320312,33,325
0.11556148529052734,35,330
0.1210484504699707,38,328
0.12793374061584473,40,330
0.13406729698181152,42,332
0.13942551612854004,44,331
0.14578747749328613,46,334
0.15133118629455566,48,334
0.15766596794128418,50,336
0.16308021545410156,52,337
0.1694037914276123,54,339
0.17688488960266113,56,342
0.18207645416259766,58,344
0.18850016593933105,60,344
0.1947476863861084,62,343
0.2000570297241211,64,341
0.2065267562866211,66,340
0.21181035041809082,70,342
0.2251279354095459,73,345
0.23149442672729492,75,344
0.23777246475219727,77,347
0.24357151985168457,79,346
0.24946379661560059,81,347
0.25588226318359375,83,346
0.26146578788757324,85,346
0.267611026763916,88,346
0.2730097770690918,90,346
0.28045082092285156,92,345
0.286787748336792,94,346
0.29195427894592285,96,347
0.2985517978668213,98,344
0.3049354553222656,100,348
0.3100607395172119,102,348
0.3165616989135742,104,348
0.3218107223510742,106,349
0.3298072814941406,109,348
0.33622241020202637,111,346
0.34177184104919434,113,345
0.34792423248291016,115,346
0.35411906242370605,117,345
0.3594670295715332,119,344
0.3658027648925781,122,346
0.3713505268096924,124,350
0.37743401527404785,126,346
0.38463926315307617,128,349
0.38991832733154297,130,348
0.39666247367858887,132,346
0.4018383026123047,134,346
0.4080195426940918,136,344
0.4142189025878906,138,345
0.41967201232910156,140,346
0.42610836029052734,142,344
0.4326443672180176,144,347
0.4388315677642822,146,345
0.44521427154541016,148,345
0.4505503177642822,150,347
0.4570956230163574,152,344
0.4624655246734619,155,348
0.4686243534088135,157,348
0.4749481678009033,159,348
0.48130035400390625,162,343
0.4874138832092285,163,345
0.4928107261657715,166,345
0.4989461898803711,167,344
0.5053367614746094,169,346
0.5107204914093018,171,344
0.5171680450439453,174,346
0.5225973129272461,176,349
0.5287611484527588,178,348
0.5358164310455322,180,349
0.5413720607757568,182,346
0.5474605560302734,184,349
0.5528974533081055,186,345
0.5592260360717773,188,345
0.5655748844146729,190,349
0.5710568428039551,193,346
0.5774037837982178,194,348
0.584456205368042,197,347
0.589806318283081,199,350
0.5960373878479004,201,349
0.6016192436218262,203,346
0.6077439785003662,206,348
0.6135420799255371,210,347
0.6260950565338135,212,344
0.6325640678405762,214,344
0.638984203338623,216,346
0.6455788612365723,218,345
0.651073694229126,221,349
0.6572482585906982,222,346
0.6626834869384766,224,348
0.6688816547393799,226,349
0.6752719879150391,228,346
0.6805918216705322,231,348
0.6879103183746338,233,345
0.6940982341766357,235,347
0.699774980545044,237,346
0.7059977054595947,239,344
0.7115359306335449,242,346
0.7176940441131592,244,346
0.7231032848358154,246,346
0.7292537689208984,247,348
0.7366576194763184,250,347
0.7418093681335449,252,349
0.7479772567749023,254,348
0.7541625499725342,256,347
0.7598648071289062,258,347
0.7660901546478271,260,345
0.771641731262207,262,344
0.777813196182251,264,346
0.7851831912994385,266,346
0.7905662059783936,268,349
0.7969207763671875,270,349
0.8021013736724854,273,351
0.8085012435913086,275,349
0.815117359161377,277,348
0.820458173751831,279,349
0.8268222808837891,281,346
0.8320116996765137,284,348
0.8390440940856934,285,343
0.845458984375,287,346
0.8508329391479492,290,346
0.8571228981018066,292,348
0.8625423908233643,294,350
0.8687231540679932,296,347
0.8752577304840088,298,348
0.8805828094482422,300,347
0.8877236843109131,303,347
0.8931138515472412,305,348
0.8992581367492676,306,347
0.9056675434112549,309,347
0.9111850261688232,311,348
0.917292594909668,312,347
0.922731876373291,315,347
0.9288902282714844,316,347
0.9354526996612549,319,348
0.9417779445648193,322,348
0.948082685470581,324,349
0.9544863700866699,326,351
0.9597795009613037,328,350
0.966010332107544,330,347
0.9715611934661865,332,346
0.9777088165283203,334,345
0.9831192493438721,336,346
0.9901902675628662,338,348
0.9969742298126221,340,348
1.0021381378173828,342,353
