0.0049474239349365234,0,59
0.011817693710327148,1,56
0.017229080200195312,1,56
0.02363300323486328,1,53
0.030257463455200195,1,53
0.036544084548950195,2,55
0.04273390769958496,3,60
0.04889202117919922,3,60
0.05420351028442383,3,69
0.06064891815185547,4,74
0.06621050834655762,4,77
0.0723421573638916,5,77
0.07770681381225586,5,80
0.08495306968688965,6,84
0.09156918525695801,7,86
0.09674906730651855,7,86
0.1029202938079834,7,89
0.10937643051147461,8,88
0.11468815803527832,9,89
0.12091994285583496,9,91
0.1264934539794922,10,94
0.1336214542388916,10,96
0.1401958465576172,11,96
0.14568114280700684,11,92
0.15186834335327148,12,92
0.15726590156555176,13,92
0.16364049911499023,13,97
0.1700446605682373,14,98
0.17545080184936523,14,98
0.1817150115966797,15,98
0.1878652572631836,15,98
0.19397902488708496,16,97
0.20050740242004395,17,97
0.20605897903442383,17,99
0.21218109130859375,18,98
0.21769165992736816,19,99
0.2238609790802002,19,98
0.23025012016296387,19,99
0.2365584373474121,21,100
0.24274706840515137,21,99
0.24889826774597168,21,100
0.2542273998260498,22,99
0.26079297065734863,23,99
0.2663421630859375,23,99
0.27249741554260254,24,98
0.2778751850128174,25,99
0.2839787006378174,25,98
0.291792631149292,26,99
0.29720282554626465,27,98
0.3100578784942627,27,99
0.31545329093933105,28,99
0.3219733238220215,29,99
0.32744312286376953,29,99
0.3337080478668213,30,100
0.3408935070037842,31,100
0.34641289710998535,31,100
0.35261082649230957,32,99
0.3587663173675537,33,98
0.36412811279296875,33,99
0.37052345275878906,34,100
0.37605881690979004,35,99
0.38235020637512207,35,99
0.3897216320037842,35,100
0.3948483467102051,36,101
0.40133118629455566,37,101
0.4065413475036621,37,101
0.4127333164215088,38,101
0.4189176559448242,39,101
0.424635648727417,39,99
0.43185949325561523,40,99
0.43836116790771484,41,99
0.44441843032836914,41,100
0.4506709575653076,42,100
0.4562540054321289,43,100
0.4623885154724121,43,100
0.467792272567749,44,100
0.47396063804626465,44,101
0.4803316593170166,45,101
0.4859035015106201,45,100
0.49275803565979004,46,100
0.4989323616027832,47,99
0.5046596527099609,47,99
0.5108766555786133,48,99
0.5163989067077637,49,100
0.5225415229797363,49,98
0.5283434391021729,50,99
0.5340790748596191,50,99
0.5415008068084717,51,99
0.5466609001159668,51,100
0.5532400608062744,52,100
0.5594890117645264,53,99
0.564936637878418,53,98
0.5715193748474121,54,98
0.5766911506652832,55,100
0.5828149318695068,55,99
0.5892336368560791,55,99
0.5956888198852539,57,98
0.6018712520599365,57,98
0.6072506904602051,57,101
0.6133856773376465,58,101
0.6199522018432617,59,100
0.625309944152832,59,101
0.6316623687744141,60,99
0.6368021965026855,61,101
0.643974781036377,61,101
0.6504485607147217,62,100
0.6559839248657227,63,99
0.6621284484863281,63,99
0.6675136089324951,64,101
0.6736447811126709,64,101
0.680213212966919,65,101
0.685680627822876,65,100
0.6925992965698242,66,101
0.6987946033477783,67,101
0.7109510898590088,68,100
0.7164895534515381,69,100
0.7227492332458496,69,101
0.7289354801177979,70,100
0.7346005439758301,71,101
0.741288423538208,71,99
0.7476012706756592,72,101
0.7538206577301025,72,100
0.7602219581604004,73,100
0.7656428813934326,74,102
0.7718310356140137,74,102
0.777212381362915,75,101
0.78336501121521,75,101
0.7897994518280029,76,98
0.7961900234222412,77,98
0.8024606704711914,77,99
0.8078532218933105,78,99
0.8141465187072754,79,100
0.8205084800720215,79,100
0.8260481357574463,80,100
0.8321661949157715,80,100
0.837573766708374,81,101
0.844635009765625,81,102
0.8508944511413574,82,102
0.8564140796661377,83,102
0.8627140522003174,83,101
0.8689188957214355,84,99
0.8743839263916016,85,101
0.8806746006011963,85,101
0.8862371444702148,86,100
0.8923366069793701,87,101
0.8997440338134766,87,102
0.9048676490783691,88,103
0.9114625453948975,88,103
0.9166393280029297,89,103
0.9229581356048584,89,102
0.9294025897979736,90,98
0.9347152709960938,91,98
0.9414527416229248,91,98
0.9476451873779297,92,99
0.9537646770477295,93,99
0.9601767063140869,93,99
0.9656894207000732,94,101
0.9718549251556396,94,101
0.9772515296936035,95,101
0.9835720062255859,95,101
0.9899518489837646,96,101
0.9952938556671143,97,101
1.0023479461669922,97,101
