0.005405902862548828,0,133
0.011803388595581055,1,127
0.0179595947265625,2,127
0.023619651794433594,3,122
0.03005528450012207,4,121
0.03668332099914551,4,122
0.04281735420227051,5,133
0.049190521240234375,6,138
0.05459189414978027,7,141
0.060936927795410156,8,144
0.06635689735412598,9,150
0.07248806953430176,10,152
0.0790557861328125,11,159
0.08545088768005371,12,159
0.09177684783935547,13,160
0.09799957275390625,14,164
0.10334181785583496,15,163
0.1097877025604248,16,167
0.11536192893981934,17,170
0.12143921852111816,18,170
0.12685489654541016,19,169
0.13387727737426758,20,172
0.14040803909301758,21,172
0.14564943313598633,22,176
0.15195751190185547,23,176
0.15843605995178223,24,175
0.16378092765808105,26,176
0.16998553276062012,26,172
0.17550277709960938,28,172
0.1816391944885254,28,175
0.18907594680786133,30,176
0.19442963600158691,31,177
0.20078825950622559,32,178
0.2059617042541504,33,177
0.21254587173461914,34,177
0.21894335746765137,35,178
0.2240750789642334,36,179
0.23062634468078613,37,180
0.23680710792541504,38,181
0.24294447898864746,39,182
0.24930977821350098,40,181
0.25481247901916504,42,180
0.2610294818878174,42,180
0.2664773464202881,44,178
0.27278780937194824,46,181
0.28838467597961426,48,182
0.2939145565032959,49,181
0.30071592330932617,50,181
0.3059077262878418,51,179
0.3124241828918457,52,182
0.31880784034729004,53,180
0.32395148277282715,54,180
0.33068394660949707,55,180
0.33683156967163086,56,178
0.3431050777435303,57,179
0.3494834899902344,59,181
0.3550283908843994,60,181
0.361126184463501,61,184
0.3665487766265869,62,182
0.3727414608001709,63,181
0.3791196346282959,64,181
0.38456153869628906,65,182
0.39164137840270996,66,181
0.3989677429199219,68,181
0.4040522575378418,69,184
0.4106600284576416,70,185
0.4158153533935547,71,182
0.4219493865966797,72,182
0.4280872344970703,73,179
0.43361496925354004,74,181
0.4409623146057129,75,182
0.4463505744934082,76,181
0.4526336193084717,78,181
0.4590184688568115,78,179
0.46433377265930176,80,179
0.47089147567749023,80,181
0.476085901260376,82,181
0.4824376106262207,83,183
0.48954296112060547,84,183
0.49512505531311035,86,182
0.5012476444244385,86,184
0.5066637992858887,88,182
0.5129208564758301,88,183
0.5193264484405518,90,182
0.5247838497161865,91,182
0.5309646129608154,92,182
0.5363643169403076,93,180
0.5432529449462891,94,181
0.5496363639831543,95,180
0.5552599430084229,96,183
0.5613481998443604,97,183
0.5667271614074707,98,182
0.5730142593383789,99,180
0.5794322490692139,100,181
0.5849182605743408,102,179
0.5918817520141602,103,179
0.5980570316314697,104,180
0.6037747859954834,105,180
0.6099770069122314,106,182
0.6155216693878174,107,181
0.6216311454772949,108,181
0.6269936561584473,109,182
0.633298397064209,110,181
0.6396732330322266,112,181
0.64601731300354,112,184
0.6523547172546387,114,184
0.6585383415222168,115,182
0.6638460159301758,116,181
0.6700959205627441,117,178
0.6810784339904785,119,182
0.6886119842529297,120,183
0.6954531669616699,122,183
0.7017786502838135,123,179
0.7079019546508789,124,179
0.7138192653656006,125,178
0.7200806140899658,126,180
0.7256457805633545,127,182
0.7319374084472656,128,181
0.7383091449737549,129,179
0.7448203563690186,131,180
0.7512359619140625,132,179
0.7566401958465576,133,180
0.7627549171447754,134,183
0.7691535949707031,135,182
0.7745440006256104,136,182
0.780850887298584,137,182
0.7859916687011719,138,180
0.7925608158111572,140,181
0.7997608184814453,140,182
0.8053388595581055,142,183
0.8116261959075928,143,185
0.8169982433319092,144,182
0.8231155872344971,144,183
0.8295741081237793,146,182
0.8350832462310791,147,179
0.8412368297576904,148,180
0.8480625152587891,149,180
0.8535215854644775,150,181
0.8599622249603271,152,183
0.8654971122741699,152,180
0.8718326091766357,154,180
0.8779871463775635,155,181
0.8833198547363281,156,183
0.8896653652191162,157,185
0.8958795070648193,158,184
0.9020524024963379,159,184
0.9084689617156982,160,181
0.9137449264526367,162,184
0.9199626445770264,162,181
0.925537109375,164,182
0.9318571090698242,164,181
0.9380452632904053,166,181
0.9435091018676758,167,182
0.95094895362854,168,182
0.9563703536987305,169,183
0.9625098705291748,170,180
0.9688630104064941,171,184
0.9739575386047363,172,181
0.9805300235748291,174,183
0.9856986999511719,174,179
0.9920451641082764,176,179
0.9994468688964844,176,179
1.004939079284668,178,179
