0.01321721076965332,0,0
0.027142047882080078,0,6
0.034131526947021484,1,37
0.03990578651428223,2,11
0.04610157012939453,3,62
0.052301645278930664,5,83
0.057857513427734375,7,247
0.06394720077514648,9,296
0.06934332847595215,12,338
0.07542800903320312,13,384
0.08181524276733398,17,437
0.08822202682495117,20,487
0.09429335594177246,24,512
0.1004171371459961,27,545
0.10599923133850098,30,581
0.11225128173828125,34,601
0.11781144142150879,38,630
0.12387561798095703,42,648
0.1292552947998047,46,673
0.13649511337280273,55,707
0.14991021156311035,61,734
0.15589165687561035,66,747
0.16242170333862305,70,759
0.16798877716064453,75,770
0.17422938346862793,80,783
0.17996644973754883,85,796
0.18692779541015625,90,806
0.19331836700439453,94,811
0.19842982292175293,100,821
0.2044980525970459,104,826
0.21089911460876465,110,837
0.21616578102111816,114,846
0.22250008583068848,120,852
0.22810053825378418,125,857
0.2342069149017334,130,864
0.2416210174560547,136,871
0.24695706367492676,141,874
0.253307580947876,146,877
0.2584342956542969,151,882
0.26490306854248047,157,887
0.27108192443847656,162,891
0.27636194229125977,168,894
0.2831146717071533,173,894
0.28925013542175293,180,897
0.29531240463256836,184,904
0.3017113208770752,189,903
0.3069779872894287,194,905
0.3133671283721924,200,909
0.31876397132873535,206,909
0.3248755931854248,211,914
0.3310396671295166,216,915
0.3363196849822998,224,916
0.3437309265136719,228,918
0.34914088249206543,235,919
0.3552370071411133,238,924
0.36161160469055176,244,920
0.36690831184387207,250,922
0.3732790946960449,255,925
0.37843823432922363,261,928
0.3847658634185791,268,929
0.39217615127563477,274,929
0.39779233932495117,280,932
0.4039926528930664,285,933
0.40939855575561523,290,930
0.4154846668243408,294,931
0.42186474800109863,300,934
0.4273650646209717,308,936
0.43355703353881836,311,935
0.44051122665405273,319,934
0.445908784866333,324,941
0.45215535163879395,330,941
0.4577524662017822,336,936
0.4639904499053955,341,941
0.46944761276245117,347,940
0.47550272941589355,351,938
0.48185205459594727,356,945
0.48734426498413086,364,940
0.49443864822387695,370,941
0.5008141994476318,375,943
0.505990743637085,381,939
0.5122842788696289,386,942
0.5178179740905762,392,943
0.5240204334259033,398,941
0.5293982028961182,404,942
0.5354671478271484,407,941
0.5479414463043213,422,947
0.5553271770477295,426,943
0.5618679523468018,432,945
0.5673747062683105,439,943
0.5736994743347168,443,947
0.5791170597076416,451,942
0.585369348526001,454,944
0.592432975769043,462,941
0.5980207920074463,468,943
0.6041615009307861,474,944
0.6099114418029785,479,947
0.6155927181243896,485,945
0.6220135688781738,490,944
0.6274690628051758,496,945
0.6336369514465332,500,947
0.6390182971954346,508,947
0.6462383270263672,513,946
0.652935266494751,519,948
0.6581439971923828,524,949
0.664238691329956,530,944
0.6699948310852051,536,947
0.675696849822998,542,946
0.6821260452270508,547,948
0.687678337097168,553,950
0.6944670677185059,558,945
0.7008790969848633,564,945
0.7063381671905518,570,948
0.7125251293182373,576,946
0.7180976867675781,581,945
0.7242426872253418,587,946
0.7300319671630859,593,947
0.735703706741333,598,945
0.7420902252197266,604,948
0.7484300136566162,610,948
0.7544972896575928,616,949
0.760871171951294,621,950
0.7663366794586182,627,945
0.7728610038757324,632,948
0.778099536895752,638,945
0.7843747138977051,644,948
0.7905073165893555,650,946
0.7971079349517822,657,944
0.8034660816192627,661,947
0.8099143505096436,668,950
0.8156073093414307,674,947
0.8221690654754639,680,945
0.8278250694274902,686,947
0.8338720798492432,691,946
0.8392605781555176,697,949
0.8461265563964844,702,944
0.8564703464508057,712,947
0.8631730079650879,718,948
0.8683123588562012,724,948
0.8744204044342041,729,949
0.8808696269989014,735,949
0.8863413333892822,740,946
0.8925275802612305,750,946
0.9044301509857178,764,948
0.9177563190460205,773,946
0.9311590194702148,784,949
0.9508035182952881,805,951
0.9635891914367676,814,947
0.9759001731872559,830,949
0.988398551940918,843,947
1.0033433437347412,852,948
