0.02367997169494629,0,0
0.029017210006713867,0,0
0.035468339920043945,1,3
0.04059720039367676,1,3
0.04664492607116699,2,18
0.05988264083862305,2,46
0.06612253189086914,2,46
0.07147860527038574,3,79
0.07771587371826172,4,79
0.08424091339111328,4,94
0.08965659141540527,5,86
0.09601688385009766,6,91
0.10140800476074219,6,103
0.1076655387878418,7,113
0.11509299278259277,8,113
0.12032580375671387,9,122
0.12640166282653809,10,125
0.1322188377380371,10,127
0.13789987564086914,11,132
0.14422297477722168,12,132
0.1497020721435547,13,136
0.15600824356079102,14,137
0.16302871704101562,14,143
0.16820931434631348,16,141
0.1744675636291504,16,145
0.18003106117248535,17,147
0.186110258102417,18,147
0.19147992134094238,19,146
0.1975240707397461,20,150
0.20389938354492188,20,149
0.20917391777038574,22,150
0.2164621353149414,23,153
0.22259926795959473,24,150
0.22789454460144043,24,154
0.2344515323638916,26,152
0.24000263214111328,26,150
0.24605131149291992,27,153
0.25143957138061523,28,154
0.25749731063842773,29,155
0.2646787166595459,30,158
0.27020263671875,31,158
0.27642822265625,32,158
0.28215527534484863,33,157
0.287808895111084,34,158
0.29419875144958496,35,158
0.2996201515197754,36,156
0.30574870109558105,36,162
0.31264328956604004,38,160
0.3180859088897705,39,159
0.3243412971496582,40,160
0.3298783302307129,40,156
0.33610010147094727,42,158
0.34148287773132324,42,159
0.34752559661865234,43,157
0.3539729118347168,44,160
0.35933685302734375,46,159
0.3664360046386719,46,160
0.3721907138824463,47,159
0.37784647941589355,48,159
0.38425350189208984,49,157
0.38971662521362305,50,155
0.39602231979370117,51,156
0.40140509605407715,52,159
0.4074976444244385,53,158
0.4146091938018799,54,160
0.42017340660095215,55,158
0.4262659549713135,56,158
0.4316263198852539,57,156
0.4376866817474365,58,158
0.44405603408813477,58,162
0.4494948387145996,60,162
0.46129512786865234,62,161
0.46848607063293457,62,157
0.4751570224761963,64,161
0.4803738594055176,64,159
0.48662710189819336,66,159
0.4930398464202881,66,162
0.49850916862487793,67,157
0.5046718120574951,68,158
0.5101926326751709,69,158
0.5174541473388672,70,157
0.523855447769165,71,161
0.5291292667388916,72,158
0.5354268550872803,73,158
0.5405633449554443,74,158
0.5466389656066895,75,156
0.553046703338623,76,156
0.5582077503204346,77,158
0.5644619464874268,78,158
0.5710365772247314,79,159
0.5773537158966064,80,159
0.5836868286132812,81,159
0.5889718532562256,82,159
0.5952768325805664,82,158
0.6004369258880615,84,160
0.6065378189086914,84,161
0.6126832962036133,86,159
0.6191656589508057,86,162
0.6256580352783203,88,158
0.631016731262207,88,159
0.6372332572937012,90,162
0.6433725357055664,90,157
0.6486194133758545,91,161
0.6550991535186768,92,161
0.660294771194458,93,156
0.6664190292358398,94,160
0.6737961769104004,95,158
0.6841590404510498,98,158
0.7051963806152344,100,159
0.7162511348724365,104,161
0.7376182079315186,106,159
0.7514598369598389,108,159
0.7646963596343994,113,159
0.7943639755249023,116,156
0.8166017532348633,119,158
0.8359696865081787,121,158
0.8441317081451416,122,159
0.8495736122131348,124,155
0.861292839050293,125,158
0.8675022125244141,126,160
0.875293493270874,127,157
0.8804683685302734,128,162
0.8870689868927002,129,160
0.8932342529296875,130,158
0.898486852645874,131,160
0.9046580791473389,132,160
0.9102115631103516,133,158
0.9163310527801514,134,161
0.9233675003051758,135,161
0.928626298904419,136,161
0.9353518486022949,137,161
0.9404685497283936,138,161
0.9465546607971191,139,156
0.9526886940002441,140,157
0.9580693244934082,141,159
0.964362621307373,142,158
0.969886064529419,142,162
0.9766747951507568,144,160
0.9830467700958252,144,158
0.9883239269256592,146,158
0.9946739673614502,146,156
1.0002236366271973,147,158
