0.008638143539428711,0,0
0.015573263168334961,0,0
0.020644426345825195,0,0
0.027144193649291992,-1,-3
0.03421163558959961,-1,-8
0.0396571159362793,-1,-8
0.045783281326293945,-1,-19
0.051160573959350586,-2,-62
0.05720710754394531,-3,-63
0.06357288360595703,-3,-72
0.0686638355255127,-4,-87
0.07544732093811035,-4,-99
0.08057928085327148,-5,-85
0.08749628067016602,-5,-97
0.09385895729064941,-6,-106
0.09915518760681152,-7,-109
0.10544157028198242,-8,-114
0.11061310768127441,-9,-119
0.11665463447570801,-9,-119
0.12301468849182129,-10,-124
0.12820744514465332,-11,-124
0.13575339317321777,-11,-128
0.14113521575927734,-13,-130
0.147172212600708,-13,-130
0.15335845947265625,-14,-135
0.1590425968170166,-15,-137
0.16537094116210938,-16,-138
0.17049741744995117,-17,-137
0.1765739917755127,-17,-140
0.18270230293273926,-18,-141
0.18915820121765137,-19,-141
0.19563770294189453,-20,-141
0.201002836227417,-21,-145
0.20705604553222656,-22,-146
0.21323585510253906,-23,-145
0.21848797798156738,-23,-149
0.22515392303466797,-25,-148
0.23036813735961914,-25,-148
0.2374870777130127,-27,-151
0.2497119903564453,-29,-148
0.256145715713501,-29,-149
0.2615201473236084,-30,-149
0.26778197288513184,-31,-147
0.27430295944213867,-32,-150
0.279757022857666,-33,-149
0.2870748043060303,-34,-147
0.29323911666870117,-35,-147
0.29855918884277344,-35,-149
0.304732084274292,-37,-148
0.3102574348449707,-37,-148
0.3164997100830078,-38,-152
0.32259583473205566,-39,-152
0.32791566848754883,-40,-146
0.33425426483154297,-41,-150
0.34058713912963867,-42,-149
0.3466532230377197,-43,-149
0.35306549072265625,-43,-153
0.35834622383117676,-45,-151
0.36447715759277344,-45,-151
0.37003040313720703,-46,-150
0.3762669563293457,-47,-151
0.38167810440063477,-48,-153
0.38869309425354004,-49,-152
0.395205020904541,-50,-155
0.4004206657409668,-51,-156
0.40648961067199707,-52,-151
0.41262245178222656,-53,-152
0.4182097911834717,-54,-155
0.4244523048400879,-55,-150
0.42998337745666504,-55,-152
0.43616724014282227,-57,-153
0.4433917999267578,-57,-149
0.44863200187683105,-58,-149
0.455125093460083,-59,-150
0.46031928062438965,-60,-150
0.46666526794433594,-61,-150
0.47304439544677734,-62,-149
0.4783170223236084,-63,-150
0.48447608947753906,-64,-149
0.49103379249572754,-65,-150
0.4972572326660156,-65,-149
0.5033833980560303,-67,-152
0.5086255073547363,-67,-153
0.5150725841522217,-68,-150
0.5202858448028564,-69,-150
0.5264105796813965,-70,-152
0.5321595668792725,-71,-151
0.5378026962280273,-72,-149
0.5454051494598389,-73,-153
0.5505826473236084,-74,-153
0.5570871829986572,-75,-153
0.5632364749908447,-75,-155
0.5684826374053955,-77,-154
0.5746560096740723,-77,-151
0.5801677703857422,-78,-152
0.5862843990325928,-79,-152
0.5933735370635986,-80,-148
0.5986156463623047,-81,-149
0.6050684452056885,-82,-151
0.6102805137634277,-83,-150
0.6165342330932617,-84,-150
0.6226418018341064,-85,-148
0.6279134750366211,-85,-148
0.6342825889587402,-87,-148
0.6457023620605469,-88,-153
0.6531076431274414,-89,-153
0.6595761775970459,-90,-149
0.6659774780273438,-91,-150
0.6713528633117676,-92,-152
0.677692174911499,-93,-150
0.6840522289276123,-93,-150
0.6894073486328125,-95,-153
0.6964247226715088,-96,-150
0.7021694183349609,-97,-151
0.7126696109771729,-98,-154
0.7181389331817627,-99,-153
0.7243711948394775,-100,-151
0.7299172878265381,-101,-154
0.7361245155334473,-102,-151
0.7415006160736084,-104,-153
0.7572662830352783,-106,-154
0.7700464725494385,-107,-153
0.7814390659332275,-109,-148
0.795640230178833,-111,-150
0.8078727722167969,-113,-150
0.82045578956604,-115,-149
0.8353025913238525,-117,-150
0.8444490432739258,-119,-151
0.8579249382019043,-121,-154
0.8700675964355469,-123,-151
0.8781828880310059,-123,-154
0.8843631744384766,-124,-155
0.8899197578430176,-125,-152
0.89601731300354,-126,-150
0.9013900756835938,-127,-153
0.9074599742889404,-127,-149
0.9170942306518555,-130,-152
0.9313483238220215,-132,-150
0.9413127899169922,-133,-147
0.9479281902313232,-134,-150
0.9543044567108154,-135,-149
0.9597339630126953,-136,-151
0.9658811092376709,-137,-154
0.9712636470794678,-137,-151
0.9785127639770508,-139,-149
0.9846765995025635,-139,-150
0.9902081489562988,-140,-149
0.9962940216064453,-141,-149
1.0016887187957764,-142,-151
