0.008332967758178711,0,0
0.014427423477172852,0,0
0.020516633987426758,0,-3
0.033844709396362305,-1,-8
0.03925347328186035,-2,-15
0.04551291465759277,-2,-22
0.0521697998046875,-4,-40
0.05772995948791504,-4,-128
0.06399083137512207,-6,-146
0.06941962242126465,-7,-169
0.07546305656433105,-8,-184
0.08182835578918457,-9,-193
0.08816742897033691,-10,-208
0.09430718421936035,-12,-215
0.10042309761047363,-14,-227
0.1056966781616211,-15,-241
0.11221456527709961,-16,-246
0.11778712272644043,-18,-262
0.12384319305419922,-19,-266
0.1292271614074707,-22,-270
0.13627028465270996,-23,-279
0.14244484901428223,-25,-280
0.14795994758605957,-26,-288
0.15404534339904785,-28,-288
0.15939974784851074,-30,-290
0.16545510292053223,-31,-292
0.17199277877807617,-34,-293
0.17742347717285156,-36,-299
0.18361210823059082,-37,-299
0.19049406051635742,-39,-302
0.1961805820465088,-41,-306
0.20235705375671387,-43,-308
0.20789885520935059,-45,-311
0.21399593353271484,-47,-311
0.2193622589111328,-48,-315
0.22544527053833008,-50,-314
0.232011079788208,-52,-318
0.23833584785461426,-54,-317
0.24442028999328613,-56,-316
0.2508106231689453,-58,-318
0.25600671768188477,-60,-318
0.26227259635925293,-62,-321
0.26783108711242676,-64,-320
0.2738678455352783,-66,-319
0.27926206588745117,-68,-322
0.2862584590911865,-70,-325
0.2929494380950928,-72,-326
0.29821252822875977,-74,-325
0.30431699752807617,-76,-325
0.31047987937927246,-78,-324
0.31588292121887207,-80,-324
0.3223142623901367,-82,-324
0.3278665542602539,-84,-324
0.33394646644592285,-86,-325
0.34116435050964355,-87,-325
0.3464207649230957,-89,-326
0.3531832695007324,-91,-329
0.3583681583404541,-93,-328
0.3644545078277588,-95,-331
0.37088537216186523,-97,-329
0.3761630058288574,-99,-327
0.3823399543762207,-101,-328
0.38883018493652344,-103,-325
0.39489030838012695,-105,-327
0.4010608196258545,-107,-327
0.40633726119995117,-109,-326
0.41309309005737305,-111,-329
0.4182579517364502,-113,-327
0.424344539642334,-118,-330
0.4382350444793701,-120,-330
0.4448273181915283,-122,-331
0.45101141929626465,-124,-330
0.45679497718811035,-126,-329
0.46332621574401855,-128,-329
0.4685022830963135,-130,-327
0.47499513626098633,-132,-328
0.48117685317993164,-134,-327
0.48642539978027344,-136,-327
0.4938070774078369,-137,-329
0.49916601181030273,-140,-330
0.505237340927124,-141,-331
0.5115759372711182,-143,-332
0.516855001449585,-145,-332
0.5231592655181885,-147,-329
0.5282859802246094,-149,-330
0.5347616672515869,-151,-328
0.5419440269470215,-154,-328
0.5473780632019043,-156,-330
0.5535533428192139,-157,-327
0.5590124130249023,-159,-327
0.5650641918182373,-161,-330
0.5711984634399414,-163,-328
0.576460599899292,-165,-331
0.5831890106201172,-167,-332
0.5882773399353027,-170,-331
0.5954427719116211,-171,-330
0.6018238067626953,-173,-329
0.6071643829345703,-176,-331
0.6134681701660156,-177,-330
0.6188480854034424,-179,-329
0.6249215602874756,-181,-329
0.6310529708862305,-183,-326
0.63631272315979,-186,-326
0.6443610191345215,-188,-331
0.6504926681518555,-190,-332
0.6561589241027832,-192,-330
0.6622967720031738,-194,-330
0.6678581237792969,-196,-330
0.6739554405212402,-198,-328
0.6793158054351807,-199,-330
0.6853926181793213,-201,-329
0.6928970813751221,-203,-325
0.6981809139251709,-205,-329
0.7043094635009766,-207,-327
0.7104547023773193,-209,-329
0.7161591053009033,-211,-330
0.7223348617553711,-213,-330
0.7279040813446045,-215,-328
0.7339801788330078,-217,-333
0.7393627166748047,-219,-329
0.7464010715484619,-221,-328
0.7529022693634033,-223,-329
0.7581331729888916,-225,-326
0.7642173767089844,-227,-329
0.7699923515319824,-229,-325
0.7761006355285645,-231,-325
0.7823047637939453,-233,-326
0.7878503799438477,-235,-328
0.7949686050415039,-237,-330
0.8011736869812012,-239,-331
0.8064255714416504,-241,-329
0.8129189014434814,-243,-329
0.8181428909301758,-245,-327
0.8242366313934326,-248,-325
0.8367643356323242,-250,-325
0.8434007167816162,-253,-325
0.8495378494262695,-255,-326
0.85589599609375,-257,-327
0.8623008728027344,-259,-328
0.8678641319274902,-261,-331
0.8739535808563232,-263,-326
0.8793485164642334,-265,-332
0.8854801654815674,-266,-328
0.8919932842254639,-269,-328
0.8982596397399902,-271,-330
0.9043593406677246,-273,-325
0.9105088710784912,-275,-328
0.9159359931945801,-277,-327
0.9221982955932617,-279,-326
0.9277710914611816,-281,-327
0.9338183403015137,-282,-329
0.9392263889312744,-285,-331
0.9462077617645264,-287,-330
0.9529585838317871,-289,-329
0.9581494331359863,-291,-330
0.9642322063446045,-293,-328
0.9699602127075195,-294,-329
0.9759385585784912,-296,-326
0.9821772575378418,-298,-328
0.9877433776855469,-300,-325
0.9938452243804932,-302,-328
1.000905990600586,-304,-327
