0.008713006973266602,0,0
0.015698671340942383,0,-2
0.02213120460510254,0,-2
0.027550697326660156,-1,-42
0.034450531005859375,-2,-12
0.039597511291503906,-4,-152
0.04565739631652832,-5,-180
0.052033424377441406,-7,-271
0.05728340148925781,-9,-288
0.06347870826721191,-12,-337
0.0700826644897461,-14,-395
0.07614374160766602,-17,-420
0.08232283592224121,-20,-467
0.08758282661437988,-23,-494
0.09432792663574219,-26,-515
0.0994725227355957,-30,-544
0.10555386543273926,-33,-568
0.1119239330291748,-37,-596
0.11827778816223145,-42,-615
0.12450456619262695,-45,-637
0.1296825408935547,-49,-653
0.13597822189331055,-53,-667
0.1421046257019043,-57,-682
0.14736008644104004,-62,-699
0.15366196632385254,-66,-714
0.15923142433166504,-70,-725
0.16536664962768555,-75,-737
0.17715239524841309,-86,-755
0.18514537811279297,-90,-766
0.1905074119567871,-95,-777
0.19675564765930176,-98,-784
0.2032642364501953,-104,-788
0.20871305465698242,-109,-795
0.2150421142578125,-114,-802
0.22225308418273926,-119,-809
0.22768759727478027,-124,-813
0.23427081108093262,-129,-816
0.23944735527038574,-134,-822
0.24550652503967285,-139,-825
0.25165438652038574,-144,-832
0.2570652961730957,-149,-834
0.26330995559692383,-154,-834
0.2696535587310791,-159,-840
0.276151180267334,-164,-844
0.28232598304748535,-169,-845
0.28760457038879395,-174,-844
0.29409146308898926,-179,-849
0.29946160316467285,-184,-856
0.3055381774902344,-190,-857
0.3116793632507324,-195,-858
0.3170919418334961,-200,-858
0.32450437545776367,-205,-861
0.32962632179260254,-210,-863
0.3360729217529297,-216,-867
0.3422563076019287,-220,-865
0.3475198745727539,-226,-864
0.3542654514312744,-231,-868
0.35942554473876953,-236,-870
0.36548924446105957,-242,-870
0.37291669845581055,-246,-868
0.37835192680358887,-254,-870
0.3846309185028076,-257,-873
0.38999366760253906,-262,-876
0.39622020721435547,-268,-876
0.40233302116394043,-273,-873
0.4076199531555176,-278,-877
0.41413164138793945,-284,-877
0.4193425178527832,-290,-876
0.42632508277893066,-294,-876
0.4326505661010742,-299,-878
0.43793177604675293,-304,-879
0.44429898262023926,-310,-882
0.44942188262939453,-315,-882
0.4556746482849121,-320,-878
0.46202778816223145,-326,-879
0.46727991104125977,-331,-886
0.474639892578125,-336,-884
0.47999048233032227,-342,-883
0.4861936569213867,-347,-884
0.4923725128173828,-352,-885
0.49760937690734863,-358,-885
0.5041112899780273,-363,-885
0.5093059539794922,-368,-881
0.5155458450317383,-374,-885
0.5216751098632812,-379,-885
0.5280535221099854,-384,-885
0.5343480110168457,-390,-887
0.5394542217254639,-394,-887
0.5455002784729004,-400,-888
0.5516543388366699,-406,-889
0.5570647716522217,-411,-884
0.5643994808197021,-416,-882
0.5695419311523438,-427,-890
0.584434986114502,-434,-891
0.589547872543335,-439,-889
0.5960030555725098,-444,-886
0.6021373271942139,-450,-890
0.6075766086578369,-455,-891
0.6144022941589355,-460,-891
0.6195604801177979,-468,-888
0.6267297267913818,-471,-891
0.6332871913909912,-478,-890
0.638742208480835,-484,-885
0.644848108291626,-487,-889
0.6502254009246826,-492,-888
0.6563148498535156,-498,-894
0.662647008895874,-503,-890
0.6679956912994385,-508,-890
0.6749489307403564,-514,-889
0.6803731918334961,-521,-892
0.6864709854125977,-524,-892
0.6929543018341064,-530,-889
0.6983616352081299,-537,-890
0.7046253681182861,-540,-889
0.7099659442901611,-546,-894
0.7160401344299316,-551,-896
0.7221958637237549,-558,-892
0.7286479473114014,-564,-890
0.7348067760467529,-567,-891
0.7401564121246338,-574,-896
0.7463967800140381,-578,-893
0.7528679370880127,-584,-892
0.7581527233123779,-589,-890
0.7644579410552979,-594,-890
0.7695882320404053,-600,-895
0.7766940593719482,-606,-892
0.7831647396087646,-612,-890
0.7886030673980713,-617,-893
0.7947278022766113,-621,-899
0.8001418113708496,-626,-893
0.8062777519226074,-632,-889
0.8128199577331543,-637,-891
0.8180973529815674,-642,-894
0.8244268894195557,-650,-895
0.8305988311767578,-655,-895
0.8366622924804688,-658,-891
0.8430740833282471,-664,-892
0.8484950065612793,-671,-898
0.8547110557556152,-674,-893
0.8601090908050537,-680,-893
0.8661658763885498,-685,-892
0.872732400894165,-690,-895
0.8791184425354004,-698,-891
0.8851890563964844,-703,-890
0.8905589580535889,-708,-895
0.8966517448425293,-712,-892
0.9030218124389648,-718,-894
0.9084746837615967,-724,-896
0.9146378040313721,-728,-893
0.9200150966644287,-734,-890
0.9260694980621338,-740,-894
0.933403491973877,-746,-894
0.9389522075653076,-751,-895
0.9449915885925293,-755,-891
0.9503552913665771,-762,-892
0.956413984298706,-766,-895
0.9627454280853271,-771,-895
0.9680259227752686,-776,-889
0.9743421077728271,-789,-897
0.9872870445251465,-794,-897
0.9940478801727295,-800,-894
0.9992647171020508,-805,-894
1.0056354999542236,-810,-897
