0.009223699569702148,0
0.027249574661254883,1
0.03934502601623535,4
0.050278663635253906,8
0.06158256530761719,13
0.07247138023376465,19
0.08445596694946289,26
0.09632468223571777,34
0.10798192024230957,42
0.11945128440856934,50
0.13018798828125,60
0.14242005348205566,69
0.15362977981567383,79
0.16544842720031738,88
0.17736387252807617,98
0.18861746788024902,108
0.2003777027130127,117
0.2116713523864746,128
0.221754789352417,138
0.23453617095947266,149
0.24574017524719238,160
0.2575221061706543,169
0.2680623531341553,180
0.27997303009033203,189
0.2925691604614258,202
0.30381155014038086,213
0.3156287670135498,224
0.3306446075439453,236
0.342923641204834,248
0.35416579246520996,256
0.3666970729827881,265
0.377685546875,272
0.388782262802124,281
0.40082836151123047,289
0.41207313537597656,295
0.4234590530395508,304
0.4349517822265625,310
0.44937705993652344,316
0.46014881134033203,321
0.4716784954071045,326
0.48279404640197754,330
0.495434045791626,335
0.5080745220184326,338
0.5194342136383057,341
0.530271053314209,344
0.5423071384429932,346
0.553663969039917,348
0.5652821063995361,350
0.5774214267730713,352
0.5883309841156006,353
0.6005382537841797,354
0.6121799945831299,355
0.6227941513061523,356
0.6349711418151855,356
0.648005485534668,356
0.6594023704528809,357
0.6702349185943604,357
0.6815793514251709,357
0.6935470104217529,357
0.7049264907836914,357
0.7157795429229736,357
0.7274484634399414,357
0.7439479827880859,357
0.7748734951019287,357
0.8021371364593506,357
0.8233509063720703,357
0.8438575267791748,357
0.8638336658477783,357
0.8839132785797119,357
0.9067943096160889,357
0.9268169403076172,357
0.9436800479888916,357
0.9635720252990723,357
0.9848084449768066,357
1.0016582012176514,357
1.0134141445159912,357
1.0242235660552979,357
1.0356481075286865,357
1.0482439994812012,357
1.0585620403289795,357
1.070185661315918,357
1.081482172012329,357
1.0922026634216309,357
1.1040759086608887,357
1.1156485080718994,357
1.1277055740356445,357
1.1422755718231201,357
1.15486741065979,357
1.166905164718628,357
1.1777524948120117,357
1.190096378326416,357
1.2021257877349854,357
1.2134530544281006,357
1.223799228668213,357
1.2357211112976074,357
1.2476279735565186,357
1.2589111328125,357
1.270517110824585,357
1.281860113143921,357
1.292922019958496,357
1.3054349422454834,357
1.3172800540924072,357
1.3280868530273438,357
1.3396122455596924,357
1.3509886264801025,357
1.3633453845977783,357
1.3744771480560303,357
1.3856663703918457,357
1.3975317478179932,357
1.4094510078430176,357
1.4202430248260498,357
1.4317169189453125,357
1.442918062210083,357
1.456735610961914,357
1.4707508087158203,357
1.4827709197998047,357
1.4941182136535645,357
1.5075390338897705,357
1.5185232162475586,357
1.5295038223266602,357
1.5434362888336182,357
1.5568609237670898,357
1.5693306922912598,357
1.5802385807037354,357
1.5918030738830566,357
1.6028130054473877,357
1.615570068359375,357
1.6276426315307617,357
1.6386616230010986,357
1.6498231887817383,357
1.6618266105651855,357
1.6734211444854736,357
1.684136152267456,357
1.6953363418579102,357
1.706862449645996,357
1.7187228202819824,357
1.729841947555542,357
1.7417113780975342,357
1.7523205280303955,357
1.7649188041687012,357
1.7769231796264648,357
1.7877767086029053,357
1.799389123916626,357
1.8101284503936768,357
1.8220932483673096,357
1.8335392475128174,357
1.844813585281372,357
1.8563265800476074,357
1.8680336475372314,357
1.879668951034546,357
1.8901877403259277,357
1.9014990329742432,357
1.9141058921813965,357
1.9256350994110107,357
1.9413878917694092,357
1.952575445175171,357
1.9653897285461426,357
1.9769260883331299,357
1.987931728363037,357
1.9985265731811523,357
2.0102591514587402,357
2.022061824798584,357
2.0334277153015137,357
2.044131278991699,357
2.0554349422454834,357
2.0678224563598633,357
2.0794856548309326,357
2.0914642810821533,357
2.102170467376709,357
2.1135525703430176,357
2.1257452964782715,357
2.137418746948242,357
2.1494133472442627,357
2.160144329071045,357
2.1718921661376953,357
2.1835241317749023,357
2.1941978931427,357
2.2056593894958496,357
2.2175848484039307,357
2.2295424938201904,357
2.2398204803466797,357
2.2516887187957764,357
2.2627041339874268,357
2.2754335403442383,357
2.287336587905884,357
2.2981996536254883,357
2.309321641921997,357
2.3204827308654785,357
2.3319950103759766,357
2.347447156906128,357
2.3586084842681885,357
2.369854688644409,357
2.38205623626709,357
2.3934311866760254,357
2.404465675354004,357
2.4156100749969482,357
2.427455186843872,357
2.4394283294677734,357
2.452131986618042,357
2.463416814804077,357
2.488147020339966,357
2.5072877407073975,357
2.5205016136169434,357
2.5329225063323975,357
2.544132709503174,357
2.5556156635284424,357
2.567411422729492,357
2.579464912414551,357
2.5919711589813232,357
2.6034395694732666,357
2.615497589111328,357
2.6281380653381348,357
2.6386001110076904,357
2.649878740310669,357
2.6616973876953125,357
2.672719955444336,357
2.6852574348449707,357
2.695765495300293,357
2.708216667175293,357
2.71937894821167,357
2.7308597564697266,357
2.7473273277282715,357
2.7586615085601807,357
2.7697317600250244,357
2.7817554473876953,357
2.7935128211975098,357
2.804722309112549,357
2.8174731731414795,357
2.83024525642395,357
2.8416614532470703,357
2.8524904251098633,357
2.8637306690216064,357
2.8754401206970215,357
2.887939929962158,357
2.8998992443084717,357
2.910782814025879,357
2.9225664138793945,357
2.934441089630127,357
2.9468472003936768,357
2.958223581314087,357
2.969376564025879,357
2.98083758354187,357
2.9921419620513916,357
3.0035691261291504,357
