0.00847768783569336,0
0.012445449829101562,0
0.023949623107910156,1
0.03577280044555664,4
0.048581600189208984,9
0.05997633934020996,14
0.0711057186126709,21
0.08242225646972656,27
0.09388113021850586,35
0.10723662376403809,45
0.11884760856628418,54
0.1303846836090088,61
0.1418914794921875,71
0.15395879745483398,81
0.16596531867980957,92
0.17841863632202148,99
0.18976593017578125,108
0.20225882530212402,117
0.21372413635253906,125
0.2250680923461914,133
0.23779559135437012,141
0.25023961067199707,149
0.26201772689819336,156
0.2733008861541748,163
0.28464269638061523,170
0.2977101802825928,177
0.310117244720459,183
0.321735143661499,189
0.33814144134521484,196
0.3492307662963867,201
0.3618776798248291,207
0.37276458740234375,211
0.3843069076538086,216
0.3961985111236572,222
0.40926194190979004,227
0.4219698905944824,231
0.432908296585083,235
0.45989990234375,244
0.47803592681884766,249
0.49605512619018555,256
0.5144484043121338,260
0.533698320388794,265
0.5519726276397705,270
0.5717940330505371,275
0.5887408256530762,279
0.6104152202606201,284
0.6291108131408691,287
0.640505313873291,289
0.6518909931182861,292
0.6628975868225098,294
0.6812744140625,297
0.6999945640563965,299
0.7130248546600342,301
0.7291924953460693,304
0.7418453693389893,305
0.7528285980224609,307
0.7643036842346191,309
0.7771251201629639,311
0.7891156673431396,312
0.8005025386810303,313
0.8121778964996338,314
0.8233394622802734,316
0.8372302055358887,317
0.8487303256988525,319
0.8601069450378418,320
0.870821475982666,321
0.883380651473999,322
0.8946359157562256,323
0.9076464176177979,324
0.9189977645874023,325
0.9304854869842529,326
0.9426648616790771,327
0.9542157649993896,328
0.9667308330535889,329
0.9782476425170898,329
0.9904294013977051,330
1.0020647048950195,331
1.0131120681762695,332
1.0245747566223145,333
1.0381708145141602,334
1.0492098331451416,334
1.0604021549224854,335
1.072096824645996,335
1.0837421417236328,336
1.0970580577850342,337
1.1084628105163574,338
1.1198785305023193,338
1.1344447135925293,339
1.1481146812438965,339
1.1592082977294922,340
1.1705071926116943,341
1.1819226741790771,341
1.194124460220337,341
1.2061243057250977,342
1.2186706066131592,342
1.230013370513916,343
1.242227554321289,343
1.2537384033203125,343
1.2652173042297363,344
1.2776844501495361,344
1.2903242111206055,345
1.3019835948944092,345
1.3130261898040771,345
1.3244342803955078,345
1.336181402206421,346
1.3490715026855469,346
1.3604919910430908,347
1.371976613998413,347
1.3831839561462402,347
1.3958165645599365,348
1.4079079627990723,348
1.4199469089508057,348
1.4311034679412842,349
1.443359613418579,349
1.455092430114746,349
1.467360019683838,349
1.4791576862335205,349
1.4904522895812988,349
1.502694845199585,349
1.5142207145690918,349
1.5259394645690918,350
1.5420396327972412,350
1.5543370246887207,351
1.5671801567077637,351
1.5785934925079346,351
1.589982032775879,351
1.6306769847869873,351
1.6609158515930176,351
1.68235445022583,351
1.6938166618347168,351
1.7071759700775146,351
1.718656301498413,351
1.7298555374145508,351
1.7408301830291748,351
1.7527620792388916,351
1.7643110752105713,351
1.7760958671569824,351
1.7882096767425537,351
1.8005316257476807,351
1.8118743896484375,351
1.8227341175079346,351
1.8342390060424805,351
1.84602952003479,351
1.8590362071990967,351
1.8703951835632324,351
1.8818867206573486,351
1.8927350044250488,351
1.9049625396728516,351
1.9178507328033447,351
1.932762622833252,351
1.9442574977874756,351
1.9579107761383057,351
1.9689536094665527,351
1.980379343032837,351
1.9919726848602295,351
2.004289150238037,351
2.0160770416259766,351
2.028045177459717,351
2.040949583053589,351
2.0531110763549805,351
2.0645790100097656,351
2.0771396160125732,351
2.088411808013916,351
2.0998663902282715,351
2.1118717193603516,351
2.1227877140045166,351
2.1342971324920654,351
2.1460814476013184,351
2.1591837406158447,351
2.170449733734131,351
2.1818735599517822,351
2.192735195159912,351
2.2052605152130127,351
2.21787428855896,351
2.22895884513855,351
2.2404916286468506,351
2.2519311904907227,351
2.2641799449920654,351
2.276005744934082,351
2.288083791732788,351
2.2990310192108154,351
2.3110148906707764,351
2.32234787940979,351
2.338470220565796,351
2.350128173828125,351
2.3622286319732666,351
2.373680830001831,351
2.3846287727355957,351
2.397937774658203,351
2.4100265502929688,351
2.4220540523529053,351
2.4327096939086914,351
2.444880485534668,351
2.457320213317871,351
2.469249963760376,351
2.480592966079712,351
2.4918737411499023,351
2.502716541290283,351
2.515209436416626,351
2.527681589126587,351
2.5390734672546387,351
2.5504612922668457,351
2.562635660171509,351
2.5742061138153076,351
2.5861072540283203,351
2.5981836318969727,351
2.60911226272583,351
2.621854543685913,351
2.6328697204589844,351
2.64447283744812,351
2.6571264266967773,351
2.6690804958343506,351
2.6804652214050293,351
2.6918752193450928,351
2.7027926445007324,351
2.7153024673461914,351
2.7276370525360107,351
2.742403745651245,351
2.7540738582611084,351
2.7680628299713135,351
2.779075860977173,351
2.7904248237609863,351
2.801928997039795,351
2.812751293182373,351
2.8253090381622314,351
2.8380191326141357,351
2.8490917682647705,351
2.860584020614624,351
2.8726089000701904,351
2.884481191635132,351
2.8967130184173584,351
2.908461570739746,351
2.9206326007843018,351
2.9320569038391113,351
2.9436779022216797,351
2.954861879348755,351
2.9671430587768555,351
2.9791879653930664,351
2.990415573120117,351
3.0020344257354736,351
