0.008895635604858398,0
0.012868165969848633,0
0.024643898010253906,2
0.03815460205078125,5
0.049765586853027344,10
0.061171531677246094,15
0.07265663146972656,22
0.08359718322753906,28
0.09615421295166016,37
0.10883498191833496,46
0.12000823020935059,55
0.13143634796142578,63
0.14370250701904297,74
0.15522027015686035,83
0.1680593490600586,94
0.1795649528503418,103
0.19096994400024414,115
0.203385591506958,124
0.21504902839660645,135
0.22801709175109863,147
0.23973989486694336,158
0.25272297859191895,169
0.26366519927978516,180
0.27538013458251953,191
0.2884237766265869,201
0.3008403778076172,212
0.3127713203430176,223
0.3288431167602539,237
0.34050941467285156,247
0.3531990051269531,257
0.3648557662963867,266
0.3766908645629883,275
0.38892483711242676,283
0.40127134323120117,291
0.41317009925842285,298
0.42475008964538574,305
0.4381856918334961,312
0.45092082023620605,317
0.4628303050994873,323
0.47472310066223145,327
0.48660826683044434,331
0.4995381832122803,335
0.5112316608428955,338
0.5228452682495117,340
0.5347902774810791,343
0.5461103916168213,345
0.5594956874847412,346
0.5709960460662842,347
0.5828962326049805,348
0.5945949554443359,349
0.607964277267456,349
0.6196718215942383,350
0.6311080455780029,350
0.642822265625,350
0.6550788879394531,351
0.6678886413574219,351
0.6793389320373535,350
0.6904046535491943,350
0.7033228874206543,350
0.7152643203735352,350
0.7315630912780762,350
0.7431392669677734,350
0.7561066150665283,350
0.7690799236297607,350
0.7808680534362793,350
0.7926409244537354,350
0.8046529293060303,350
0.8164389133453369,350
0.8291385173797607,350
0.8406784534454346,350
0.85190749168396,350
0.8640613555908203,350
0.8759787082672119,350
0.8888099193572998,350
0.9000887870788574,350
0.9128847122192383,350
0.9245476722717285,350
0.9360499382019043,350
0.9487400054931641,350
0.961097240447998,350
0.9727728366851807,350
0.983729362487793,350
0.9952173233032227,350
1.0091614723205566,350
1.0207090377807617,350
1.032137155532837,350
1.0437159538269043,350
1.0553350448608398,350
1.068878412246704,350
1.080005407333374,350
1.0913655757904053,350
1.1028409004211426,350
1.115006446838379,350
1.1313793659210205,350
1.1428914070129395,350
1.154606819152832,350
1.1684210300445557,350
1.1800427436828613,350
1.191762924194336,349
1.2031526565551758,349
1.2153847217559814,348
1.2281429767608643,348
1.239884376525879,347
1.2515721321105957,347
1.2638521194458008,345
1.2754161357879639,345
1.2881693840026855,344
1.2998371124267578,343
1.31150221824646,343
1.3238317966461182,342
1.3354027271270752,341
1.3481149673461914,340
1.359740972518921,340
1.3727898597717285,339
1.384035348892212,338
1.395416259765625,338
1.4084107875823975,337
1.4209656715393066,336
1.4332406520843506,336
1.4450111389160156,335
1.4574871063232422,335
1.4704039096832275,334
1.4819841384887695,333
1.4937660694122314,333
1.5053579807281494,332
1.518974781036377,332
1.534081220626831,331
1.5464069843292236,331
1.5590589046478271,330
1.5715088844299316,330
1.5830483436584473,329
1.5947353839874268,329
1.6066977977752686,329
1.619055986404419,328
1.6313352584838867,328
1.6428096294403076,327
1.6540215015411377,327
1.6659603118896484,327
1.6793529987335205,326
1.690885066986084,326
1.7028720378875732,325
1.714165449142456,325
1.7266318798065186,325
1.7388319969177246,324
1.7503876686096191,324
1.761897325515747,323
1.7744581699371338,323
1.7861731052398682,323
1.7988450527191162,322
1.810384750366211,322
1.8219151496887207,322
1.8348677158355713,321
1.8508586883544922,321
1.8666300773620605,320
1.8796188831329346,320
1.891169548034668,319
1.9028351306915283,319
1.9146625995635986,319
1.9313862323760986,318
1.942983627319336,318
1.9546678066253662,317
1.966916799545288,317
1.9797873497009277,317
1.9912972450256348,317
2.003016233444214,316
2.014807939529419,316
2.0287351608276367,315
2.0400569438934326,315
2.051934003829956,315
2.0635247230529785,315
2.075361728668213,314
2.0890626907348633,314
2.1008667945861816,313
2.112150192260742,313
2.1233956813812256,313
2.1367266178131104,312
2.149125814437866,312
2.1606593132019043,312
2.171862840652466,311
2.183849573135376,311
2.195371150970459,311
2.208538055419922,310
2.220079183578491,310
2.232779026031494,309
2.2438995838165283,309
2.255394697189331,309
2.268462657928467,309
2.2798798084259033,308
2.2919206619262695,308
2.3034205436706543,307
2.3150949478149414,307
2.331547498703003,307
2.343982696533203,306
2.3563966751098633,306
2.3689165115356445,305
2.3800506591796875,305
2.3926920890808105,305
2.403834104537964,305
2.415374517440796,304
2.442620038986206,303
2.4629838466644287,303
2.4829225540161133,303
2.5049099922180176,302
2.5297365188598633,301
2.5528831481933594,301
2.574978828430176,300
2.5989112854003906,299
2.6101036071777344,299
2.621734142303467,299
2.633328437805176,298
2.6456198692321777,298
2.6581242084503174,297
2.6698927879333496,297
2.6813406944274902,297
2.693472146987915,297
2.705077648162842,296
2.7175233364105225,296
2.7329487800598145,295
2.74534273147583,295
2.758709192276001,295
2.7698745727539062,294
2.781424045562744,294
2.7935855388641357,293
2.805270195007324,293
2.8181257247924805,293
2.8298721313476562,293
2.842125654220581,292
2.853743076324463,292
2.8652079105377197,292
2.8781185150146484,291
2.8899385929107666,291
2.9028894901275635,291
2.9140846729278564,290
2.925945997238159,290
2.938549757003784,290
2.9507861137390137,289
2.9619717597961426,289
2.973445415496826,289
2.985121250152588,289
2.999086380004883,288
