0.025276899337768555,0
0.02921891212463379,0
0.040805816650390625,1
0.05347776412963867,4
0.06538558006286621,9
0.07809066772460938,14
0.08936953544616699,21
0.10078549385070801,28
0.11345052719116211,36
0.12609553337097168,45
0.13748455047607422,54
0.1490011215209961,62
0.1607375144958496,73
0.17398810386657715,83
0.18592190742492676,92
0.19707059860229492,101
0.20877313613891602,108
0.22054600715637207,118
0.23409199714660645,126
0.24541449546813965,135
0.2571449279785156,142
0.26875901222229004,149
0.2810792922973633,157
0.2937958240509033,164
0.30521368980407715,170
0.3166499137878418,176
0.33346056938171387,185
0.34549498558044434,190
0.3573007583618164,196
0.3691408634185791,202
0.3815011978149414,207
0.39408373832702637,212
0.4063241481781006,216
0.41788434982299805,221
0.43148183822631836,226
0.4440879821777344,230
0.45545315742492676,234
0.4671475887298584,238
0.47927141189575195,242
0.49112486839294434,246
0.5041100978851318,249
0.5154080390930176,252
0.5281221866607666,255
0.5391969680786133,258
0.5510201454162598,261
0.5635654926300049,264
0.5752894878387451,266
0.5882515907287598,269
0.599484920501709,272
0.611321210861206,274
0.624114990234375,276
0.6364881992340088,278
0.6483855247497559,280
0.660170316696167,282
0.6719808578491211,284
0.6852359771728516,286
0.6963536739349365,288
0.7086641788482666,289
0.7204880714416504,291
0.7384216785430908,293
0.7503395080566406,294
0.7633535861968994,296
0.7749559879302979,297
0.7872157096862793,298
0.7986977100372314,299
0.8104226589202881,300
0.822892427444458,301
0.8354575634002686,302
0.8473787307739258,303
0.859095573425293,304
0.8708193302154541,304
0.8845150470733643,305
0.8963541984558105,306
0.9081680774688721,306
0.9192419052124023,307
0.930788516998291,308
0.9443118572235107,308
0.9554517269134521,309
0.9673926830291748,309
0.9790139198303223,309
0.9919261932373047,310
1.004171371459961,310
1.015775442123413,310
1.027301549911499,310
1.0393321514129639,310
1.0513496398925781,311
1.064305067062378,311
1.075788974761963,312
1.0885286331176758,312
1.1002416610717773,312
1.1121394634246826,312
1.128166675567627,312
1.1404850482940674,312
1.153907299041748,312
1.1652908325195312,312
1.1767113208770752,312
1.1881434917449951,312
1.200566053390503,312
1.2134380340576172,312
1.224961757659912,312
1.2363693714141846,312
1.2485535144805908,312
1.260362148284912,312
1.273259162902832,312
1.2848739624023438,312
1.297283411026001,312
1.3089478015899658,312
1.3205323219299316,312
1.3334996700286865,311
1.3461265563964844,311
1.3575506210327148,311
1.3690171241760254,311
1.380539894104004,311
1.3942034244537354,311
1.4062743186950684,311
1.4179868698120117,311
1.4467060565948486,311
1.4648845195770264,311
1.47645902633667,311
1.48820161819458,311
1.50054931640625,311
1.513838529586792,311
1.528996467590332,311
1.5407261848449707,311
1.5545434951782227,310
1.5664961338043213,310
1.5781104564666748,309
1.58931303024292,309
1.601963996887207,308
1.6143321990966797,308
1.6261448860168457,308
1.6374547481536865,307
1.65018892288208,306
1.661332130432129,306
1.6742401123046875,305
1.6860160827636719,305
1.6970608234405518,304
1.7094361782073975,304
1.7210712432861328,303
1.733963966369629,302
1.7453460693359375,302
1.758291244506836,302
1.7715697288513184,301
1.7842764854431152,300
1.7954761981964111,300
1.8081638813018799,299
1.8193693161010742,298
1.8307709693908691,298
1.8434686660766602,298
1.8563172817230225,297
1.8681819438934326,296
1.8795545101165771,296
1.8913698196411133,295
1.9048376083374023,294
1.9158961772918701,294
1.9312491416931152,293
1.9440040588378906,292
1.9565274715423584,292
1.9682097434997559,291
1.9795608520507812,290
1.991518259048462,290
2.004146099090576,289
2.0164003372192383,288
2.0280182361602783,288
2.039433717727661,288
2.051384449005127,287
2.0647692680358887,286
2.076295852661133,286
2.0881683826446533,285
2.099304676055908,284
2.1122395992279053,283
2.1245388984680176,283
2.13638973236084,282
2.147942543029785,282
2.1601881980895996,281
2.172306537628174,280
2.184338331222534,280
2.196115016937256,279
2.2085354328155518,279
2.2201905250549316,278
2.2315235137939453,278
2.244093894958496,277
2.255235433578491,276
2.2680282592773438,276
2.2791905403137207,275
2.2908031940460205,274
2.3040056228637695,274
2.3165054321289062,273
2.3319928646087646,272
2.344444990158081,272
2.3565049171447754,272
2.3688724040985107,271
2.380592107772827,270
2.392239809036255,269
2.405205488204956,269
2.417404890060425,268
2.429046392440796,268
2.440647840499878,267
2.453411340713501,266
2.4663429260253906,266
2.477344512939453,265
2.489017963409424,265
2.500624179840088,264
2.513319730758667,263
2.525484085083008,263
2.5371763706207275,262
2.5487606525421143,262
2.5606234073638916,261
2.5742554664611816,260
2.585803747177124,260
2.597161054611206,259
2.6087164878845215,258
2.6211330890655518,258
2.6339588165283203,258
2.6453306674957275,257
2.656946897506714,256
2.6691620349884033,256
2.6807172298431396,255
2.694068193435669,254
2.705430507659912,254
2.716782569885254,253
2.733804702758789,252
2.7454774379730225,252
2.7574665546417236,251
2.7703680992126465,251
2.782249927520752,250
2.794619560241699,249
2.806124687194824,249
2.817539691925049,248
2.8303778171539307,248
2.8422601222991943,247
2.854583263397217,246
2.866147756576538,246
2.8784117698669434,245
2.8902711868286133,244
2.902097463607788,244
2.9143285751342773,243
2.926676034927368,243
2.938087224960327,242
2.949312210083008,242
2.9610190391540527,241
2.974468469619751,240
2.986070156097412,240
2.9972243309020996,239
3.0089735984802246,239
