0.007509469985961914,0
0.012511014938354492,1
0.017492294311523438,1
0.022359609603881836,2
0.027328014373779297,2
0.0318913459777832,4
0.03712010383605957,5
0.04145455360412598,7
0.04683971405029297,8
0.05098748207092285,11
0.057290077209472656,13
0.06169557571411133,16
0.06694316864013672,18
0.07105517387390137,22
0.07688069343566895,24
0.08102083206176758,28
0.08654165267944336,31
0.09069466590881348,35
0.09583687782287598,38
0.10000181198120117,41
0.10651040077209473,45
0.11069774627685547,50
0.11588168144226074,53
0.12033867835998535,56
0.12551403045654297,60
0.1296842098236084,64
0.1353764533996582,67
0.13955473899841309,72
0.14503979682922363,75
0.14925122261047363,80
0.15470623970031738,84
0.1595773696899414,89
0.16502737998962402,92
0.16923284530639648,96
0.17466998100280762,101
0.17890214920043945,105
0.18441057205200195,110
0.18863534927368164,114
0.1942439079284668,119
0.1984879970550537,122
0.20333266258239746,128
0.20889925956726074,132
0.21438074111938477,137
0.21860623359680176,141
0.22382712364196777,146
0.2279644012451172,150
0.23262858390808105,156
0.2376549243927002,163
0.2469193935394287,167
0.25102949142456055,172
0.2568345069885254,178
0.2624664306640625,182
0.26746344566345215,187
0.27193164825439453,191
0.27718591690063477,195
0.28165411949157715,200
0.28695154190063477,204
0.29114508628845215,210
0.29676055908203125,213
0.3009614944458008,219
0.3065619468688965,222
0.31189513206481934,228
0.3172292709350586,231
0.32178688049316406,236
0.32707953453063965,240
0.3312234878540039,245
0.3368227481842041,248
0.3409922122955322,253
0.3465690612792969,256
0.3507401943206787,261
0.3563354015350342,264
0.36155033111572266,268
0.3669564723968506,272
0.3711564540863037,276
0.37691354751586914,278
0.3810913562774658,283
0.38669252395629883,285
0.3908720016479492,289
0.3966405391693115,292
0.40080809593200684,295
0.4063417911529541,298
0.4114673137664795,301
0.4169425964355469,304
0.4211232662200928,307
0.4267439842224121,309
0.430941104888916,312
0.436690092086792,314
0.44089436531066895,316
0.4464726448059082,318
0.4506998062133789,321
0.45623230934143066,322
0.4611327648162842,325
0.4667367935180664,326
0.4709291458129883,329
0.4765596389770508,330
0.480743408203125,332
0.48620009422302246,333
0.4904932975769043,335
0.49588942527770996,336
0.5004520416259766,338
0.5056521892547607,339
0.5099291801452637,340
0.5165822505950928,341
0.5207083225250244,342
0.5264999866485596,343
0.5306720733642578,344
0.535834789276123,345
0.540377140045166,346
0.5456080436706543,347
0.549842357635498,348
0.5554475784301758,348
0.5596601963043213,349
0.5657498836517334,350
0.5699877738952637,350
0.5754795074462891,351
0.5796680450439453,351
0.5851154327392578,352
0.5893406867980957,352
0.594775915145874,352
0.5990302562713623,353
0.6045067310333252,353
0.6087946891784668,353
0.614983081817627,354
0.6192011833190918,354
0.624617338180542,354
0.6288561820983887,354
0.6342720985412598,355
0.6385645866394043,355
0.6472964286804199,355
0.6519989967346191,355
0.6572284698486328,355
0.6619048118591309,356
0.667893648147583,356
0.6733031272888184,356
0.6778030395507812,356
0.6824932098388672,356
0.6875228881835938,356
0.6919307708740234,356
0.6971487998962402,356
0.7015082836151123,356
0.706918478012085,356
0.7110333442687988,356
0.717280387878418,356
0.7217097282409668,356
0.726945161819458,356
0.7310702800750732,356
0.7367985248565674,355
0.7409367561340332,356
0.746513843536377,356
0.7506730556488037,356
0.7558884620666504,356
0.7604060173034668,356
0.7667086124420166,356
0.7708678245544434,356
0.7764687538146973,356
0.7806234359741211,356
0.7861995697021484,356
0.7904412746429443,356
0.7957863807678223,356
0.7999660968780518,356
0.805394172668457,356
0.8095974922180176,356
0.8150346279144287,356
0.8199944496154785,356
0.8254358768463135,356
0.8296611309051514,356
0.8351335525512695,356
0.8393347263336182,356
0.8447904586791992,356
0.8490233421325684,356
0.8546092510223389,356
0.8588788509368896,356
0.8642709255218506,356
0.8692362308502197,356
0.8747413158416748,356
0.8789715766906738,356
0.8844509124755859,356
0.8886659145355225,356
0.893951416015625,356
0.8984224796295166,356
0.9027650356292725,356
0.9077198505401611,356
0.9125945568084717,356
0.9187262058258057,356
0.9242534637451172,356
0.9285356998443604,356
0.9337527751922607,356
0.9379353523254395,356
0.9426155090332031,356
0.9476165771484375,356
0.9522695541381836,356
0.9573211669921875,356
0.961766242980957,356
0.9670405387878418,356
0.9726607799530029,356
0.9776139259338379,356
0.9822113513946533,356
0.9873001575469971,356
0.9917244911193848,356
0.9976012706756592,356
1.0019941329956055,356
1.0071978569030762,356
1.011643409729004,356
1.0169174671173096,356
1.0224428176879883,356
1.0274114608764648,356
1.0319573879241943,356
1.0371994972229004,356
1.045701026916504,356
1.049893856048584,356
1.0554656982421875,356
1.059638261795044,356
1.0652399063110352,356
1.0705053806304932,356
1.0757832527160645,356
1.0799970626831055,356
1.0854358673095703,356
1.0896246433258057,356
1.0985896587371826,356
1.1056804656982422,356
1.1138184070587158,356
1.1179661750793457,356
1.1244969367980957,356
1.1287050247192383,356
1.1339025497436523,356
1.1383569240570068,356
1.1427087783813477,356
1.147662878036499,356
1.1524674892425537,356
1.1574649810791016,356
1.161893606185913,356
1.167126178741455,356
1.1726818084716797,356
1.177612543106079,356
1.182244062423706,356
1.18729829788208,356
1.191673755645752,356
1.1969597339630127,356
1.2011151313781738,356
1.206679105758667,356
1.2107858657836914,356
1.216508388519287,356
1.2206432819366455,356
1.2269322872161865,356
1.23106050491333,356
1.2366726398468018,356
1.2407827377319336,356
1.2461977005004883,356
1.2504243850708008,356
1.2556366920471191,356
1.2598364353179932,356
1.265317678451538,356
1.2694833278656006,356
1.2756507396697998,356
1.2798383235931396,356
1.2852602005004883,356
1.289443016052246,356
1.294907808303833,356
1.2991209030151367,356
1.3046867847442627,356
1.3089258670806885,356
1.3143911361694336,356
1.3186218738555908,356
1.3247911930084229,356
1.3290672302246094,356
1.3347175121307373,356
1.338951826095581,356
1.3444077968597412,356
1.3486509323120117,356
1.3538992404937744,356
1.3583693504333496,356
1.3627047538757324,356
1.3676185607910156,356
1.3722352981567383,356
1.3783023357391357,356
1.3826663494110107,356
1.3876073360443115,356
1.3924362659454346,356
1.3974170684814453,356
1.4017894268035889,356
1.4070417881011963,356
1.4111616611480713,356
1.41668701171875,356
1.4207985401153564,356
1.4270851612091064,356
1.4312071800231934,356
1.4369189739227295,356
1.445824146270752,356
1.4503378868103027,356
1.4557499885559082,356
1.45993971824646,356
1.4655835628509521,356
1.4697821140289307,356
1.475367784500122,356
1.4805965423583984,356
1.4857611656188965,356
1.489961862564087,356
1.495368480682373,356
1.4995474815368652,356
1.5050048828125,356
1.5092241764068604,356
1.5149121284484863,356
1.5191328525543213,356
1.5245671272277832,356
1.5295019149780273,356
1.5349395275115967,356
1.5391366481781006,356
1.5446100234985352,356
1.5488097667694092,356
1.5542187690734863,356
1.5585145950317383,356
1.5638785362243652,356
1.568227767944336,356
1.5727944374084473,356
1.5788490772247314,356
1.5842657089233398,356
1.5885319709777832,356
1.5937225818634033,356
1.5978918075561523,356
1.6025323867797852,356
1.6075470447540283,356
1.6119601726531982,356
1.6171622276306152,356
1.6214704513549805,356
1.6268870830535889,356
1.6324653625488281,356
1.6374869346618652,356
1.641934871673584,356
1.6471378803253174,356
1.6514673233032227,356
1.65681791305542,356
1.6609511375427246,356
1.6665382385253906,356
1.6706676483154297,356
1.6759049892425537,356
1.6810851097106934,356
1.6867001056671143,356
1.6908349990844727,356
1.696556806564331,356
1.7006714344024658,356
1.705836534500122,356
1.710294485092163,356
1.7154514789581299,356
1.7196142673492432,356
1.7251062393188477,356
1.7303338050842285,356
1.7356183528900146,356
1.7398200035095215,356
1.7452361583709717,356
1.7494184970855713,356
1.7549898624420166,356
1.759185791015625,356
1.7646005153656006,356
1.7688298225402832,356
1.7742557525634766,356
1.7785494327545166,356
1.7847788333892822,356
1.7890262603759766,356
1.7975804805755615,356
1.8022551536560059,356
1.807288408279419,356
1.811868667602539,356
1.817075490951538,356
1.8212110996246338,356
1.8269400596618652,356
1.832336187362671,356
1.837327241897583,356
1.8462374210357666,356
1.850508451461792,356
1.8558199405670166,356
1.8599810600280762,356
1.8656456470489502,356
1.8698289394378662,356
1.875554084777832,356
1.8797693252563477,356
1.8864264488220215,356
1.8905565738677979,356
1.895737886428833,356
1.8999354839324951,356
1.9053685665130615,356
1.909553050994873,356
1.9149842262268066,356
1.9191937446594238,356
1.9246795177459717,356
1.9289426803588867,356
1.935271978378296,356
1.9394636154174805,356
1.9449012279510498,356
1.949113130569458,356
1.9547417163848877,356
1.9589550495147705,356
1.9643573760986328,356
1.9685850143432617,356
1.9737944602966309,356
1.977982759475708,356
1.9826266765594482,356
1.988663673400879,356
1.9949350357055664,356
1.9991614818572998,356
2.0045828819274902,356
2.0087854862213135,356
2.0139658451080322,356
2.018458604812622,356
2.023714065551758,356
2.0278689861297607,356
2.032569169998169,356
2.038656711578369,356
2.0439088344573975,356
2.0483570098876953,356
2.0538032054901123,356
2.0579421520233154,356
2.0626070499420166,356
2.067591905593872,356
2.0719661712646484,356
2.077246904373169,356
2.0818581581115723,356
2.087841510772705,356
2.092512369155884,356
2.0975213050842285,356
2.1019155979156494,356
2.10709547996521,356
2.1111953258514404,356
2.1169402599334717,356
2.121055841445923,356
2.126610517501831,356
2.130713701248169,356
2.1369357109069824,356
2.141099214553833,356
2.146696090698242,356
2.150829315185547,356
2.156226873397827,356
2.1604928970336914,356
2.1656150817871094,356
2.1698269844055176,356
2.1754543781280518,356
2.1796443462371826,356
2.185140371322632,356
2.190352439880371,356
2.1955792903900146,356
2.1997745037078857,356
2.205197811126709,356
2.2093870639801025,356
2.2150282859802246,356
2.21923828125,356
2.224719285964966,356
2.2289340496063232,356
2.234506845474243,356
2.239537000656128,356
2.248538017272949,356
2.253880500793457,356
2.258227825164795,356
2.2627975940704346,356
2.2678062915802,356
2.272613763809204,356
2.277595043182373,356
2.2819788455963135,356
2.2872016429901123,356
2.292783260345459,356
2.297783613204956,356
2.3024961948394775,356
2.3074424266815186,356
2.311875581741333,356
2.317072629928589,356
2.3211848735809326,356
2.326732635498047,356
2.330867052078247,356
2.3364150524139404,356
2.3417186737060547,356
2.347028970718384,356
2.3511438369750977,356
2.3568921089172363,356
2.361036539077759,356
2.3666350841522217,356
2.3707451820373535,356
2.375912666320801,356
2.3804056644439697,356
2.385601282119751,356
2.390825033187866,356
2.3963623046875,356
2.400503396987915,356
2.4056432247161865,356
2.4098336696624756,356
2.4154281616210938,356
2.4196219444274902,356
2.425114631652832,356
2.4293458461761475,356
2.434786558151245,356
2.4390058517456055,356
2.4452297687530518,356
2.4494221210479736,356
2.4549100399017334,356
2.4591362476348877,356
2.4645771980285645,356
2.4688003063201904,356
2.4744513034820557,356
2.478675365447998,356
2.4839131832122803,356
2.4883337020874023,356
2.494513988494873,356
2.498723268508911,356
2.5039408206939697,356
2.5083765983581543,356
2.512733221054077,356
2.517638921737671,356
2.522310495376587,356
2.527280569076538,356
2.5318379402160645,356
2.537065029144287,356
2.542475700378418,356
2.5474600791931152,356
2.5518994331359863,356
2.5571751594543457,356
2.561513662338257,356
2.5669028759002686,356
2.571040630340576,356
2.5765724182128906,356
2.5806894302368164,356
2.58589768409729,356
2.590386390686035,356
2.5968480110168457,356
2.6009750366210938,356
2.6066854000091553,356
2.6108133792877197,356
2.616328239440918,356
2.6204798221588135,356
2.625659942626953,356
2.629842519760132,356
2.6352767944335938,356
2.639446496963501,356
2.6492910385131836,356
2.6549787521362305,356
2.659191370010376,356
2.664738655090332,356
2.6689584255218506,356
2.6745638847351074,356
2.6787960529327393,356
2.6840009689331055,356
2.688472270965576,356
2.693275213241577,356
2.6988847255706787,356
2.704291343688965,356
2.708555221557617,356
2.713901996612549,356
2.7180004119873047,356
2.7226552963256836,356
2.727633237838745,356
2.7324509620666504,356
2.737455368041992,356
2.741875171661377,356
2.7477855682373047,356
2.752480983734131,356
2.7574543952941895,356
2.761871576309204,356
2.76705265045166,356
2.771169662475586,356
2.776862621307373,356
2.7809836864471436,356
2.7865099906921387,356
2.790639877319336,356
2.7958149909973145,356
2.8011069297790527,356
2.806710720062256,356
2.810839891433716,356
2.81632924079895,356
2.8204448223114014,356
2.82560658454895,356
2.829791307449341,356
2.835402011871338,356
2.8395702838897705,356
2.845019817352295,356
2.8502588272094727,356
2.855448007583618,356
2.859623432159424,356
2.8652470111846924,356
2.869438886642456,356
2.874887466430664,356
2.8790628910064697,356
2.8845431804656982,356
2.888732433319092,356
2.894314765930176,356
2.8993072509765625,356
2.904792308807373,356
2.9089953899383545,356
2.914468288421631,356
2.918659210205078,356
2.9239068031311035,356
2.9283039569854736,356
2.932670831680298,356
2.937609910964966,356
2.9419922828674316,356
2.947274923324585,356
2.953700304031372,356
2.957895517349243,356
2.96260142326355,356
2.9675376415252686,356
2.9719111919403076,356
2.97715425491333,356
2.9814465045928955,356
2.9867703914642334,356
2.9908993244171143,356
2.9972498416900635,356
