0.013931035995483398,0
0.02183055877685547,1
0.03139138221740723,3
0.04429960250854492,6
0.052803754806518555,9
0.06505346298217773,16
0.07608461380004883,22
0.08775639533996582,29
0.09975337982177734,37
0.10828781127929688,43
0.1203005313873291,52
0.1308305263519287,60
0.1360642910003662,66
0.1412067413330078,70
0.14605140686035156,75
0.151214599609375,78
0.1560533046722412,83
0.16127371788024902,86
0.16614699363708496,92
0.17125296592712402,95
0.1811509132385254,106
0.1918504238128662,113
0.19917845726013184,122
0.20795249938964844,127
0.21277284622192383,131
0.2185955047607422,136
0.22301578521728516,142
0.23291921615600586,151
0.23864006996154785,154
0.2429962158203125,160
0.24878501892089844,164
0.2531764507293701,170
0.2596468925476074,175
0.26401424407958984,179
0.2693326473236084,184
0.27396178245544434,188
0.2793266773223877,194
0.2849600315093994,200
0.2904393672943115,203
0.294905424118042,209
0.30040526390075684,212
0.30489468574523926,218
0.3103506565093994,222
0.3150932788848877,228
0.3204917907714844,232
0.32503771781921387,237
0.3305032253265381,241
0.3361546993255615,248
0.34130072593688965,252
0.3471248149871826,258
0.35140228271484375,262
0.3567333221435547,268
0.36133575439453125,271
0.3662106990814209,277
0.37129926681518555,281
0.37719130516052246,286
0.38179802894592285,290
0.38823676109313965,296
0.3926267623901367,300
0.398329496383667,306
0.4027109146118164,310
0.40843749046325684,315
0.41282200813293457,319
0.418440580368042,325
0.42281007766723633,328
0.42845821380615234,334
0.4338264465332031,340
0.4396376609802246,346
0.4440147876739502,350
0.44972848892211914,355
0.4541184902191162,359
0.45989394187927246,365
0.4642031192779541,368
0.4699571132659912,374
0.47431397438049316,378
0.4802114963531494,383
0.4857602119445801,389
0.49094724655151367,394
0.49606871604919434,399
0.5013072490692139,403
0.5067362785339355,408
0.5114147663116455,412
0.5171761512756348,417
0.5218496322631836,420
0.5272994041442871,425
0.531996488571167,428
0.5384621620178223,432
0.542863130569458,435
0.5485785007476807,439
0.5530335903167725,443
0.5589621067047119,447
0.5633728504180908,450
0.5691044330596924,453
0.5738067626953125,456
0.5792341232299805,458
0.5839903354644775,461
0.5904209613800049,463
0.5950615406036377,466
0.6006295680999756,467
0.605719804763794,469
0.6108970642089844,471
0.6159560680389404,472
0.6211762428283691,473
0.6260683536529541,475
0.6371862888336182,476
0.6418578624725342,476
0.6476626396179199,476
0.6521494388580322,476
0.6609790325164795,474
0.6688776016235352,473
0.6822779178619385,470
0.6929130554199219,466
0.7031238079071045,462
0.7101943492889404,460
0.7145509719848633,458
0.7203168869018555,455
0.7246510982513428,452
0.7304308414459229,449
0.7352261543273926,446
0.7412331104278564,442
0.7460823059082031,438
0.7512214183807373,435
0.7561397552490234,431
0.7613077163696289,428
0.7667229175567627,424
0.7713785171508789,421
0.7771298885345459,416
0.781804084777832,413
0.787278413772583,408
0.7927041053771973,405
0.7985663414001465,400
0.8029515743255615,396
0.8085610866546631,393
0.812985897064209,388
0.8188080787658691,383
0.8232476711273193,380
0.8289191722869873,375
0.8333368301391602,372
0.8401436805725098,367
0.8445560932159424,363
0.8502798080444336,358
0.8546500205993652,354
0.8606166839599609,350
0.8656606674194336,346
0.8709018230438232,341
0.8757903575897217,338
0.8809797763824463,333
0.8858554363250732,330
0.8920502662658691,326
0.8977255821228027,321
0.9021878242492676,318
0.9078636169433594,314
0.9122679233551025,311
0.9181559085845947,307
0.9226043224334717,304
0.92828369140625,301
0.9327151775360107,298
0.9384446144104004,295
0.9439098834991455,291
0.949307918548584,288
0.9540810585021973,286
0.9605066776275635,283
0.9651103019714355,280
0.9705915451049805,279
0.9754061698913574,276
0.9809648990631104,274
0.9859533309936523,273
0.992203950881958,271
0.9981272220611572,270
1.002570629119873,268
1.0082943439483643,268
1.012718677520752,267
1.0184173583984375,266
1.0229485034942627,266
1.032271146774292,265
1.0382447242736816,265
1.0433127880096436,266
1.0503051280975342,266
1.0546543598175049,267
1.0605690479278564,268
1.0653376579284668,269
1.0707547664642334,270
1.0758001804351807,271
1.0809786319732666,273
1.08583402633667,274
1.0910375118255615,276
1.0979504585266113,279
1.1023681163787842,280
1.108048915863037,283
1.1125073432922363,285
1.1182081699371338,288
1.122664451599121,290
1.1284732818603516,293
1.1328818798065186,296
1.1386210918426514,299
1.144059181213379,303
1.149799108505249,306
1.1541450023651123,309
1.1601288318634033,313
1.1644823551177979,316
1.1702711582183838,320
1.1746459007263184,324
1.1803619861602783,327
1.184889316558838,332
1.1904289722442627,334
1.1959681510925293,339
1.2010750770568848,343
1.206005573272705,346
1.2111763954162598,351
1.2167103290557861,355
1.2213537693023682,358
1.226750373840332,363
1.2313847541809082,366
1.2371761798858643,370
1.2418148517608643,373
1.2483046054840088,378
1.2527432441711426,381
1.2586009502410889,385
1.2630023956298828,389
1.2686736583709717,392
1.2730774879455566,396
1.278916358947754,400
1.283292531967163,402
1.2889511585235596,406
1.29337477684021,409
1.3331677913665771,432
1.354128122329712,442
1.3652279376983643,447
1.3707120418548584,448
1.3753612041473389,451
1.3807973861694336,452
1.3858437538146973,454
1.3910529613494873,456
1.3961560726165771,457
1.4024853706359863,458
1.4081730842590332,459
1.4126060009002686,459
1.4182822704315186,460
1.4227032661437988,460
1.4284372329711914,460
1.437922477722168,459
1.442336082458496,459
1.4482219219207764,458
1.453402042388916,457
1.459336519241333,456
1.4641087055206299,454
1.4698243141174316,453
1.4741971492767334,452
1.4798917770385742,449
1.4842207431793213,448
1.4899578094482422,446
1.4943041801452637,444
1.5007410049438477,441
1.5053966045379639,438
1.5107698440551758,436
1.5158517360687256,432
1.521028995513916,429
1.525907039642334,427
1.5310699939727783,423
1.5359485149383545,420
1.541170597076416,417
1.5460600852966309,413
1.5523428916931152,410
1.558061122894287,406
1.5625195503234863,403
1.5682497024536133,398
1.5726609230041504,394
1.5801818370819092,390
1.5845599174499512,387
1.5903499126434326,382
1.5949318408966064,378
1.600515604019165,373
1.6061668395996094,369
1.6113595962524414,366
1.6170463562011719,361
1.6214056015014648,358
1.6270689964294434,353
1.6317126750946045,350
1.6373035907745361,346
1.6420130729675293,343
1.6478314399719238,338
1.6529731750488281,334
1.6586711406707764,331
1.6630871295928955,327
1.668778896331787,324
1.6731784343719482,320
1.6788973808288574,316
1.683316707611084,314
1.6889567375183105,310
1.6933698654174805,308
1.6992416381835938,304
1.704953670501709,301
1.7105672359466553,299
1.715210199356079,296
1.720698356628418,294
1.7252700328826904,291
1.7307214736938477,289
1.7353532314300537,287
1.7408759593963623,285
1.7457859516143799,283
1.7509474754333496,281
1.7577683925628662,279
1.7621886730194092,278
1.7679054737091064,276
1.7723252773284912,276
1.7781755924224854,275
1.7826204299926758,274
1.7883317470550537,273
1.7927381992340088,273
1.7983887195587158,273
1.8028984069824219,273
1.8091974258422852,273
1.8138275146484375,273
1.8196158409118652,274
1.8240244388580322,274
1.829742431640625,275
1.8388433456420898,277
1.843245267868042,278
1.8490245342254639,279
1.8536899089813232,280
1.8603105545043945,282
1.864640474319458,284
1.8703384399414062,286
1.8751332759857178,288
1.880582332611084,290
1.8851981163024902,292
1.8906822204589844,294
1.8953313827514648,297
1.9007399082183838,299
1.907243013381958,304
1.9118626117706299,306
1.917299747467041,309
1.9219517707824707,312
1.9273381233215332,315
1.9319937229156494,318
1.9377760887145996,321
1.9422037601470947,324
1.9478075504302979,328
1.9522349834442139,330
1.959301471710205,336
1.9640049934387207,338
1.9696438312530518,342
1.9740774631500244,345
1.9813361167907715,350
1.98714280128479,355
1.9918036460876465,358
1.9974141120910645,362
2.0020928382873535,364
2.008363962173462,368
2.0127992630004883,371
2.018486738204956,375
2.022900342941284,379
2.0285723209381104,382
2.0329813957214355,386
2.038858413696289,389
2.0432987213134766,392
2.048940896987915,396
2.0533742904663086,398
2.0632517337799072,404
2.0689189434051514,408
2.073310375213623,410
2.0790205001831055,413
2.0837223529815674,415
2.0891330242156982,418
2.0938143730163574,420
2.0992929935455322,422
2.1039979457855225,424
2.1105728149414062,426
2.1156420707702637,429
2.120842218399048,430
2.1257760524749756,432
2.1309075355529785,434
2.135789394378662,435
2.1409544944763184,436
2.1458382606506348,437
2.1511452198028564,438
2.156026601791382,439
2.162320375442505,440
2.1682047843933105,440
2.172621250152588,440
2.1784396171569824,440
2.1828360557556152,440
2.1884636878967285,440
2.1928579807281494,440
2.198514461517334,440
2.202885627746582,439
2.2085952758789062,438
2.214073657989502,437
2.2197892665863037,436
2.224168062210083,435
2.2299482822418213,434
2.2390012741088867,430
2.24367618560791,429
2.2492876052856445,427
2.254037857055664,426
2.2599668502807617,423
2.265754222869873,421
2.2709579467773438,418
2.275829315185547,416
2.280989646911621,414
2.285879611968994,412
2.2910492420196533,408
2.296156406402588,405
2.301330804824829,403
2.306715965270996,400
2.3126161098480225,397
2.3184239864349365,394
2.322854995727539,392
2.3285319805145264,388
2.332984209060669,384
2.3390109539031982,381
2.3437023162841797,378
2.3490586280822754,374
2.3537511825561523,372
2.3596279621124268,368
2.3652398586273193,364
2.370718240737915,362
2.375349998474121,358
2.3807461261749268,356
2.3853659629821777,352
2.3908393383026123,350
2.3957037925720215,346
2.400878429412842,344
2.40576171875,340
2.410940170288086,337
2.4179604053497314,333
2.422372817993164,331
2.4282500743865967,328
2.4326720237731934,326
2.4383814334869385,322
2.442803144454956,320
2.4484739303588867,318
2.452885389328003,315
2.458545207977295,313
2.46293568611145,310
2.46972393989563,308
2.4740586280822754,306
2.479905366897583,304
2.4842352867126465,302
2.4900195598602295,300
2.4943418502807617,299
2.5001120567321777,298
2.504467487335205,296
2.5102641582489014,295
2.515918493270874,294
2.5210583209991455,293
2.5259861946105957,292
2.5311896800994873,291
2.5367319583892822,291
2.541388988494873,290
2.5470798015594482,290
2.551713466644287,290
2.557328939437866,290
2.561945915222168,290
2.5682575702667236,290
2.5726468563079834,291
2.578296422958374,291
2.582674264907837,292
2.5884296894073486,292
2.5928902626037598,294
2.598679542541504,294
2.603066921234131,296
2.6087095737457275,297
2.6131060123443604,298
2.619765520095825,300
2.624159097671509,302
2.62990140914917,304
2.638705015182495,306
2.643138885498047,309
2.648998498916626,311
2.6533873081207275,313
2.6596171855926514,316
2.6640491485595703,318
2.670628547668457,320
2.6752512454986572,324
2.680698871612549,326
2.6856651306152344,329
2.690822124481201,331
2.6956448554992676,334
2.700888156890869,337
2.7057862281799316,340
2.71095871925354,343
2.7159605026245117,345
2.722254753112793,348
2.7279114723205566,352
2.73234486579895,354
2.738044500350952,358
2.7425243854522705,360
2.748274803161621,363
2.7526986598968506,366
2.7584452629089355,369
2.762876272201538,371
2.769282341003418,376
2.7740285396575928,378
2.779890537261963,381
2.7842369079589844,383
2.7899587154388428,386
2.7942955493927,388
2.80007004737854,391
2.8044307231903076,393
2.8102309703826904,396
2.8146073818206787,398
2.8213069438934326,401
2.8267147541046143,403
2.831390380859375,405
2.837416172027588,407
2.8421573638916016,409
2.8479602336883545,411
2.852370262145996,412
2.858092784881592,414
2.8625450134277344,415
2.868318557739258,416
2.873744249343872,418
2.8791770935058594,419
2.883880853652954,420
2.8893260955810547,420
2.8940160274505615,421
2.8998844623565674,422
2.9042322635650635,422
2.9099531173706055,422
2.9142839908599854,422
2.9200241565704346,422
2.925391435623169,422
2.9307339191436768,422
2.935352325439453,422
2.940739631652832,422
2.9457173347473145,421
2.950896739959717,420
2.957336902618408,419
2.9620535373687744,418
2.96777606010437,417
2.972987651824951,416
2.978729009628296,415
2.9831268787384033,414
2.9888925552368164,412
2.9933018684387207,411
2.999023199081421,409
