0.008063554763793945,0
0.01449275016784668,0
0.027008533477783203,1
0.038817405700683594,5
0.0519261360168457,10
0.06396055221557617,16
0.07528257369995117,22
0.08667850494384766,30
0.09775137901306152,38
0.1092526912689209,47
0.12256669998168945,56
0.13370299339294434,66
0.14522671699523926,74
0.15658116340637207,84
0.16866540908813477,95
0.1799013614654541,106
0.19233965873718262,116
0.2039198875427246,127
0.2158510684967041,138
0.2273874282836914,147
0.24354863166809082,164
0.2550208568572998,173
0.26723432540893555,184
0.2788388729095459,196
0.29057812690734863,207
0.30269503593444824,218
0.3144838809967041,229
0.3267660140991211,240
0.3377814292907715,250
0.3492448329925537,260
0.36236071586608887,270
0.3745734691619873,279
0.38603734970092773,287
0.39765453338623047,295
0.4092128276824951,302
0.42307400703430176,310
0.43457913398742676,316
0.44580745697021484,322
0.4572334289550781,327
0.46985363960266113,332
0.4823315143585205,337
0.49374818801879883,341
0.5052213668823242,344
0.516761064529419,346
0.5290007591247559,349
0.5413310527801514,352
0.5532078742980957,353
0.5648648738861084,355
0.5770993232727051,356
0.5885674953460693,357
0.599797248840332,358
0.6123652458190918,358
0.6248719692230225,358
0.6360204219818115,359
0.6526505947113037,359
0.663921594619751,359
0.6766862869262695,359
0.6883442401885986,359
0.6992762088775635,359
0.7119498252868652,359
0.7247488498687744,359
0.7364945411682129,359
0.7474997043609619,359
0.7590107917785645,359
0.771338939666748,358
0.7838408946990967,358
0.7952046394348145,358
0.8070170879364014,358
0.8186581134796143,358
0.8317861557006836,358
0.8430392742156982,358
0.854543924331665,358
0.8658194541931152,358
0.8783488273620605,358
0.8894963264465332,358
0.9019670486450195,358
0.9134387969970703,358
0.9249672889709473,358
0.9372327327728271,358
0.9490108489990234,358
0.9608414173126221,358
0.9727821350097656,358
0.9859902858734131,358
0.9975137710571289,358
1.0228164196014404,358
1.0453810691833496,358
1.0665562152862549,358
1.083216905593872,358
1.0945961475372314,358
1.1060404777526855,358
1.1175777912139893,358
1.129058599472046,358
1.1425325870513916,358
1.1537644863128662,358
1.1653637886047363,358
1.1767113208770752,358
1.1889443397521973,358
1.2017369270324707,358
1.2129523754119873,358
1.224256992340088,358
1.2363653182983398,358
1.2475786209106445,358
1.2589695453643799,358
1.2713470458984375,358
1.2837586402893066,358
1.29520845413208,358
1.3066847324371338,358
1.3176043033599854,358
1.3289852142333984,358
1.3427340984344482,358
1.3556983470916748,358
1.3670830726623535,358
1.3785808086395264,358
1.391958475112915,358
1.4034600257873535,358
1.4148516654968262,358
1.4265532493591309,358
1.4385085105895996,358
1.454944133758545,358
1.4667136669158936,358
1.4779269695281982,358
1.490602970123291,358
1.5027620792388916,358
1.513878345489502,358
1.5252690315246582,358
1.5366401672363281,358
1.5490124225616455,358
1.5613644123077393,358
1.5729241371154785,358
1.583892583847046,358
1.5960445404052734,358
1.6075592041015625,358
1.6190390586853027,358
1.6316938400268555,358
1.6436469554901123,358
1.6549952030181885,358
1.6666650772094727,358
1.677558422088623,358
1.6890525817871094,358
1.70271897315979,358
1.7138407230377197,358
1.7251665592193604,358
1.7366821765899658,358
1.748962640762329,358
1.7619118690490723,358
1.773242473602295,358
1.7845163345336914,358
1.7966244220733643,358
1.807694911956787,358
1.8191473484039307,358
1.8319847583770752,358
1.847564697265625,358
1.859163522720337,358
1.8720548152923584,358
1.8835537433624268,358
1.8956208229064941,358
1.9070909023284912,358
1.918595790863037,358
1.929793357849121,358
1.9425275325775146,358
1.9545342922210693,358
1.9655168056488037,358
1.9768669605255127,358
2.0028231143951416,358
2.0260517597198486,358
2.048680067062378,358
2.0729918479919434,358
2.1020097732543945,358
2.1290359497070312,358
2.155498743057251,358
2.1747219562530518,358
2.1866281032562256,358
2.1975462436676025,358
2.2098140716552734,358
2.2224280834198,358
2.233773708343506,358
2.248749017715454,358
2.262728691101074,358
2.274509906768799,358
2.2858502864837646,358
2.2972018718719482,358
2.3095011711120605,358
2.3218724727630615,358
2.333311080932617,358
2.344726324081421,358
2.356989622116089,358
2.368638753890991,358
2.3804619312286377,358
2.3925445079803467,358
2.4048666954040527,358
2.416576385498047,358
2.4274685382843018,358
2.4390506744384766,358
2.4513988494873047,358
2.4638285636901855,358
2.475222110748291,358
2.4867310523986816,358
2.4978420734405518,358
2.510560989379883,358
2.522624969482422,358
2.533687114715576,358
2.5452301502227783,358
2.5574023723602295,358
2.5688693523406982,358
2.5805504322052,358
2.592540979385376,358
2.603975534439087,358
2.6166465282440186,358
2.627492904663086,358
2.638990640640259,358
2.6554346084594727,358
2.667590379714966,358
2.6791939735412598,358
2.6913981437683105,358
2.702850103378296,358
2.7150707244873047,358
2.726487874984741,358
2.737445592880249,358
2.7490856647491455,358
2.7628400325775146,358
2.7738614082336426,358
2.7851719856262207,358
2.796642780303955,358
2.808026075363159,358
2.821396827697754,358
2.8330767154693604,358
2.8447813987731934,358
2.855949878692627,358
2.868398904800415,358
2.8795554637908936,358
2.892331838607788,358
2.903735399246216,358
2.91569185256958,358
2.927064895629883,358
2.9385812282562256,358
2.949953556060791,358
2.9633266925811768,358
2.9746358394622803,358
2.9867992401123047,358
2.997957706451416,358
