0.022620201110839844,0
0.026474475860595703,0
0.04012799263000488,1
0.05139422416687012,4
0.06283736228942871,8
0.07435202598571777,14
0.0865020751953125,21
0.09939002990722656,30
0.11110758781433105,38
0.12265825271606445,45
0.1348874568939209,54
0.14659667015075684,66
0.1594080924987793,76
0.17113733291625977,86
0.1832258701324463,96
0.1947934627532959,105
0.2064528465270996,116
0.21934819221496582,128
0.23523807525634766,143
0.2474365234375,154
0.2602272033691406,165
0.27141690254211426,176
0.284090518951416,188
0.29507970809936523,199
0.3065783977508545,208
0.31934332847595215,222
0.33122944831848145,233
0.3440968990325928,244
0.35505175590515137,256
0.36652088165283203,265
0.37944531440734863,278
0.3920576572418213,290
0.4034109115600586,302
0.41727709770202637,315
0.4301128387451172,326
0.4424550533294678,338
0.4542124271392822,349
0.4654543399810791,361
0.4770634174346924,372
0.4904491901397705,384
0.5021054744720459,395
0.5135400295257568,404
0.5250909328460693,412
0.5378744602203369,418
0.5501439571380615,422
0.5614926815032959,424
0.5731031894683838,424
0.5845856666564941,422
0.5970108509063721,419
0.609442949295044,414
0.6212942600250244,408
0.6327667236328125,403
0.650482177734375,392
0.6622591018676758,384
0.6741759777069092,375
0.685509443283081,365
0.6994030475616455,354
0.7112472057342529,344
0.7227602005004883,336
0.7342450618743896,328
0.7465713024139404,319
0.7594144344329834,314
0.771207332611084,311
0.7826628684997559,310
0.7946169376373291,310
0.8063642978668213,311
0.8188645839691162,315
0.830695629119873,319
0.842881441116333,325
0.8543322086334229,332
0.8652098178863525,339
0.8767991065979004,348
0.8894903659820557,356
0.9023628234863281,366
0.9141845703125,375
0.9254050254821777,384
0.9371969699859619,392
0.9514126777648926,400
0.9630165100097656,404
0.9803111553192139,408
0.9917721748352051,408
1.01302170753479,404
1.0330181121826172,397
1.0547404289245605,385
1.074190616607666,372
1.0932157039642334,356
1.1159732341766357,341
1.1360642910003662,325
1.1541996002197266,314
1.1714341640472412,307
1.1830153465270996,305
1.1945817470550537,304
1.211183786392212,306
1.2314834594726562,312
1.2449378967285156,318
1.2564802169799805,324
1.2702531814575195,333
1.2814788818359375,341
1.293395757675171,350
1.3050577640533447,359
1.3165409564971924,369
1.3301236629486084,378
1.341294765472412,388
1.3529493808746338,394
1.3645856380462646,401
1.376530647277832,406
1.389413595199585,409
1.4010543823242188,410
1.412754774093628,409
1.4250216484069824,407
1.4413824081420898,401
1.4531872272491455,396
1.4649474620819092,390
1.478001594543457,382
1.4902970790863037,374
1.5014307498931885,365
1.5130407810211182,356
1.52518630027771,346
1.5367519855499268,337
1.549875259399414,329
1.5614094734191895,322
1.57417631149292,317
1.5853703022003174,314
1.597301959991455,312
1.6098694801330566,312
1.6212551593780518,314
1.6335725784301758,317
1.6449384689331055,321
1.6565961837768555,327
1.6693525314331055,335
1.681462049484253,342
1.6934154033660889,351
1.7050459384918213,360
1.7171201705932617,369
1.7306907176971436,378
1.7423231601715088,387
1.7541029453277588,395
1.765359878540039,401
1.7783160209655762,406
1.7904784679412842,408
1.8019931316375732,408
1.8138689994812012,408
1.825254201889038,405
1.8426344394683838,400
1.8542273044586182,394
1.8659255504608154,388
1.8793377876281738,380
1.8908758163452148,373
1.9024927616119385,364
1.9143967628479004,356
1.9260632991790771,346
1.9398674964904785,336
1.952439785003662,328
1.9641847610473633,321
1.9754374027252197,316
1.9888856410980225,312
2.0006942749023438,311
2.012388229370117,312
2.0239408016204834,314
2.036231517791748,318
2.047389507293701,322
2.0598764419555664,329
2.071221113204956,336
2.0833027362823486,344
2.095005989074707,351
2.10663104057312,360
2.119539976119995,371
2.1308555603027344,380
2.143080472946167,389
2.1535027027130127,395
2.1654210090637207,402
2.1767983436584473,406
2.1905465126037598,408
2.202240467071533,409
2.2131752967834473,408
2.224634885787964,406
2.2373406887054443,401
2.2533774375915527,393
2.2651824951171875,386
2.2770605087280273,379
2.290278673171997,371
2.30203914642334,362
2.3132917881011963,353
2.3245975971221924,346
2.3374884128570557,335
2.3502871990203857,327
2.361947774887085,321
2.3734323978424072,316
2.385113477706909,314
2.3978123664855957,312
2.4099864959716797,313
2.4212310314178467,316
2.4326934814453125,319
2.444922685623169,324
2.456486463546753,330
2.4692671298980713,339
2.4806981086730957,346
2.4930787086486816,356
2.5045154094696045,363
2.516188383102417,372
2.52807354927063,382
2.5411365032196045,391
2.5530030727386475,397
2.5647428035736084,402
2.576369047164917,406
2.5888864994049072,408
2.601339340209961,408
2.6132571697235107,407
2.624721050262451,404
2.636335611343384,400
2.6530327796936035,393
2.6647701263427734,386
2.676568031311035,379
2.689366102218628,369
2.7018821239471436,360
2.7132585048675537,351
2.72497820854187,344
2.7367160320281982,335
2.7503743171691895,326
2.7620723247528076,320
2.7734529972076416,316
2.7849764823913574,314
2.7978057861328125,314
2.8102588653564453,315
2.8220741748809814,318
2.8333516120910645,323
2.8460519313812256,328
2.8579750061035156,335
2.87007737159729,342
2.8813235759735107,351
2.8928377628326416,358
2.905179023742676,368
2.916778564453125,378
2.929814100265503,386
2.9412760734558105,394
2.954514741897583,400
2.966096878051758,404
2.9783029556274414,407
2.9904842376708984,408
3.002742290496826,406
