0.008868217468261719,0
0.0203857421875,0
0.025941133499145508,0
0.029601573944091797,2
0.03895854949951172,4
0.04436039924621582,5
0.048407793045043945,6
0.05344390869140625,8
0.05742669105529785,10
0.06195354461669922,12
0.06676530838012695,14
0.07072091102600098,18
0.07634997367858887,20
0.0803213119506836,23
0.08644294738769531,26
0.09044337272644043,30
0.09599995613098145,33
0.1000211238861084,37
0.10503625869750977,38
0.10909581184387207,43
0.1144559383392334,46
0.11852335929870605,49
0.12358856201171875,53
0.12755823135375977,56
0.13219261169433594,61
0.13804292678833008,64
0.142303466796875,70
0.14711666107177734,73
0.15136981010437012,76
0.15650248527526855,80
0.16048622131347656,85
0.1654970645904541,88
0.1695079803466797,92
0.17477726936340332,95
0.17883825302124023,100
0.1840982437133789,104
0.18892502784729004,109
0.19438982009887695,113
0.1984550952911377,116
0.2034435272216797,122
0.20741844177246094,125
0.21196770668029785,129
0.21679210662841797,133
0.2207796573638916,138
0.22635197639465332,142
0.23033833503723145,147
0.23537731170654297,151
0.24054312705993652,160
0.2491898536682129,164
0.25473785400390625,168
0.2587931156158447,173
0.26419949531555176,177
0.26827263832092285,181
0.27344822883605957,186
0.2774214744567871,190
0.2819366455078125,194
0.28678464889526367,200
0.2921867370605469,203
0.2969951629638672,207
0.3012564182281494,213
0.30637168884277344,216
0.31035590171813965,222
0.3155038356781006,226
0.3195323944091797,230
0.3248250484466553,234
0.32885241508483887,239
0.3341810703277588,243
0.33820629119873047,249
0.3443315029144287,253
0.3484048843383789,256
0.35355544090270996,262
0.35751914978027344,266
0.3619990348815918,270
0.36689138412475586,274
0.37084507942199707,279
0.3763620853424072,283
0.38034772872924805,289
0.38538217544555664,293
0.39045023918151855,298
0.3954894542694092,302
0.39952707290649414,306
0.40485501289367676,310
0.4088754653930664,316
0.41419291496276855,320
0.4182586669921875,324
0.42330098152160645,329
0.42737841606140137,333
0.4320566654205322,337
0.4368603229522705,340
0.44199109077453613,346
0.4468860626220703,350
0.45082998275756836,356
0.456174373626709,360
0.460158109664917,366
0.46523046493530273,369
0.46933650970458984,373
0.47472500801086426,376
0.47879791259765625,380
0.4842677116394043,383
0.4883549213409424,386
0.4946153163909912,388
0.49869394302368164,390
0.5039732456207275,393
0.5080451965332031,394
0.5122926235198975,396
0.5171055793762207,396
0.5213720798492432,398
0.5265660285949707,398
0.5305392742156982,398
0.5359537601470947,398
0.5399506092071533,398
0.5460202693939209,398
0.5499963760375977,396
0.5552639961242676,396
0.5593235492706299,394
0.5646190643310547,393
0.568692684173584,392
0.5739536285400391,390
0.5780320167541504,388
0.5822799205780029,385
0.5871603488922119,383
0.591425895690918,380
0.5970864295959473,378
0.60137939453125,375
0.6064958572387695,372
0.6105005741119385,369
0.6161651611328125,366
0.620182991027832,362
0.6252231597900391,359
0.6292703151702881,356
0.6345868110656738,354
0.6386597156524658,351
0.6493606567382812,345
0.6548545360565186,343
0.6588900089263916,341
0.6643095016479492,340
0.6683785915374756,338
0.6738879680633545,338
0.6779658794403076,337
0.6822352409362793,337
0.6870439052581787,337
0.6912896633148193,337
0.6971070766448975,338
0.7013771533966064,338
0.7065181732177734,339
0.7105000019073486,341
0.7158172130584717,342
0.7195796966552734,344
0.7248954772949219,345
0.7289750576019287,348
0.7344276905059814,350
0.7385134696960449,352
0.7440516948699951,355
0.7488858699798584,359
0.7541158199310303,361
0.7581727504730225,364
0.762911319732666,367
0.7672836780548096,370
0.7715668678283691,371
0.7767152786254883,373
0.7807009220123291,375
0.7861199378967285,376
0.7901320457458496,378
0.796381950378418,379
0.8004302978515625,379
0.8054661750793457,380
0.809497594833374,379
0.8147621154785156,379
0.8188350200653076,379
0.824082612991333,378
0.828162431716919,377
0.8323876857757568,375
0.8372085094451904,374
0.841519832611084,372
0.8473002910614014,370
0.8520441055297852,368
0.856884241104126,366
0.8608353137969971,363
0.8661866188049316,361
0.8701837062835693,358
0.8753907680511475,355
0.8794455528259277,353
0.8848526477813721,351
0.8888678550720215,348
0.894190788269043,347
0.898998498916626,345
0.9043636322021484,344
0.9084279537200928,343
0.9135465621948242,342
0.9175097942352295,342
0.9220147132873535,341
0.926884651184082,341
0.9308211803436279,342
0.9362680912017822,342
0.9402437210083008,344
0.9452290534973145,345
0.9503006935119629,346
0.9553346633911133,348
0.9593768119812012,350
0.9647011756896973,351
0.9687323570251465,354
0.9741930961608887,356
0.978245735168457,358
0.9832453727722168,362
0.9873244762420654,364
0.9918386936187744,366
0.9967949390411377,369
1.0021283626556396,371
1.0069663524627686,372
1.0111479759216309,374
1.016963243484497,376
1.0211255550384521,377
1.0263755321502686,377
1.030390977859497,378
1.035970687866211,378
1.039963960647583,377
1.0494625568389893,376
1.0550260543823242,376
1.0590753555297852,374
1.064544439315796,373
1.068598985671997,372
1.074068307876587,369
1.0781183242797852,368
1.082345724105835,365
1.0871236324310303,363
1.0915467739105225,361
1.096627950668335,358
1.1018903255462646,355
1.1067566871643066,353
1.110748291015625,350
1.116515874862671,348
1.120516300201416,346
1.1254911422729492,344
1.129502534866333,343
1.1350114345550537,342
1.1390659809112549,341
1.144378423690796,341
1.1484403610229492,341
1.154566764831543,341
1.1586151123046875,341
1.1638720035552979,342
1.1676099300384521,342
1.1721174716949463,343
1.1769428253173828,344
1.1811084747314453,346
1.1863830089569092,348
1.1903600692749023,350
1.1953530311584473,352
1.1994166374206543,354
1.2054588794708252,356
1.2094614505767822,359
1.2149345874786377,361
1.218970775604248,365
1.2243380546569824,367
1.2284142971038818,369
1.233445405960083,372
1.2374393939971924,373
1.2419555187225342,375
1.2468338012695312,376
1.2508020401000977,377
1.2568120956420898,378
1.260793685913086,378
1.2663829326629639,378
1.2703874111175537,378
1.2759134769439697,378
1.2799394130706787,378
1.2849946022033691,378
1.2890191078186035,376
1.2943627834320068,375
1.2984344959259033,374
1.304325819015503,372
1.3084042072296143,371
1.313467264175415,368
1.3174493312835693,366
1.3219709396362305,364
1.3268158435821533,362
1.3307926654815674,359
1.3363876342773438,357
1.340383529663086,354
1.3453729152679443,352
1.349414348602295,349
1.3554563522338867,348
1.3595056533813477,346
1.3649330139160156,346
1.3689775466918945,344
1.3742525577545166,344
1.3783502578735352,344
1.3833799362182617,343
1.3873846530914307,343
1.392075777053833,344
1.396890640258789,344
1.4008300304412842,345
1.4069457054138184,346
1.4111082553863525,348
1.4163687229156494,349
1.4203333854675293,351
1.425302505493164,353
1.429330587387085,354
1.4345929622650146,356
1.4386980533599854,358
1.4439547061920166,362
1.4534642696380615,368
1.4585871696472168,370
1.4640140533447266,373
1.468116283416748,375
1.4733176231384277,377
1.477320909500122,378
1.4816014766693115,380
1.4866735935211182,380
1.4906632900238037,382
1.4961037635803223,382
1.5001277923583984,382
1.5063059329986572,382
1.5103814601898193,382
1.515991449356079,381
1.5199697017669678,380
1.5252158641815186,379
1.529308795928955,378
1.534597635269165,376
1.538668155670166,375
1.5439491271972656,372
1.5480387210845947,370
1.552269458770752,368
1.5581691265106201,366
1.5629222393035889,362
1.5672626495361328,360
1.5719449520111084,358
1.5767755508422852,355
1.5807905197143555,352
1.5861918926239014,350
1.590146780014038,347
1.5951893329620361,346
1.5992441177368164,344
1.6046020984649658,343
1.6094393730163574,342
1.614731788635254,342
1.6187734603881836,341
1.6240870952606201,341
1.6281373500823975,341
1.6333327293395996,342
1.637345552444458,342
1.641613483428955,343
1.6466665267944336,344
1.6506409645080566,346
1.6562347412109375,347
1.661287546157837,350
1.6663990020751953,352
1.6703760623931885,354
1.6753978729248047,356
1.6794307231903076,358
1.6847162246704102,361
1.6888096332550049,364
1.694312334060669,366
1.6983928680419922,368
1.70340895652771,371
1.707444429397583,373
1.7136096954345703,374
1.7175838947296143,376
1.7261548042297363,377
1.7301669120788574,377
1.735180139541626,378
1.739250898361206,378
1.7445340156555176,377
1.7486326694488525,377
1.754136323928833,376
1.7581939697265625,375
1.7642619609832764,374
1.7683968544006348,372
1.7734155654907227,370
1.7774248123168945,369
1.782120943069458,367
1.787022590637207,365
1.7912559509277344,362
1.796386957168579,360
1.8003590106964111,357
1.8054382801055908,354
1.810544729232788,352
1.8161656856536865,350
1.82012939453125,348
1.8251090049743652,346
1.829146385192871,346
1.8344411849975586,345
1.8384976387023926,344
1.843522071838379,344
1.847543716430664,344
1.8570749759674072,344
1.8632972240447998,344
1.8673250675201416,345
1.8720941543579102,346
1.876988172531128,347
1.8811273574829102,349
1.8863682746887207,350
1.8903651237487793,353
1.8953826427459717,355
1.8994617462158203,356
1.9047355651855469,359
1.9087879657745361,362
1.914912462234497,364
1.9189567565917969,368
1.9242985248565674,370
1.9284062385559082,372
1.9338595867156982,374
1.937986135482788,375
1.9422223567962646,377
1.9470784664154053,377
1.9513890743255615,378
1.95652174949646,378
1.9605071544647217,379
1.966508388519287,379
1.9705092906951904,378
1.9755299091339111,378
1.9795596599578857,377
1.9848964214324951,376
1.9889509677886963,375
1.9944708347320557,374
1.9985413551330566,372
2.0038700103759766,370
2.007990837097168,368
2.0147147178649902,366
2.0188379287719727,363
2.024108648300171,361
2.028170108795166,358
2.0323679447174072,350
2.0468132495880127,348
2.050766706466675,344
2.0564732551574707,342
2.0604493618011475,340
2.0699551105499268,336
2.078517436981201,334
2.090116024017334,333
2.0983219146728516,334
2.1099445819854736,335
2.118043899536133,337
2.1252598762512207,340
2.1349031925201416,342
2.1447527408599854,347
2.156735420227051,355
2.164830446243286,358
2.1768012046813965,368
2.1869726181030273,376
2.1969799995422363,379
2.201251983642578,383
2.206404685974121,385
2.210415840148926,388
2.2154407501220703,389
2.219489336013794,391
2.224848985671997,392
2.2289135456085205,393
2.2344088554382324,394
2.238504409790039,395
2.2540974617004395,394
2.2620532512664795,393
2.269230842590332,391
2.2772324085235596,390
2.28226375579834,388
2.287088632583618,388
2.2915360927581787,385
2.2973270416259766,382
2.3020551204681396,380
2.306889057159424,378
2.310831069946289,375
2.3162028789520264,373
2.320183277130127,369
2.3252527713775635,366
2.3293216228485107,364
2.334689140319824,361
2.338773488998413,359
2.3440563678741455,354
2.3488998413085938,350
2.3543636798858643,348
2.3584043979644775,346
2.363405704498291,343
2.367377281188965,341
2.3718960285186768,340
2.376742124557495,338
2.380699872970581,337
2.3860628604888916,336
2.390014410018921,335
2.3950536251068115,335
2.4001457691192627,334
2.4051921367645264,334
2.4092249870300293,335
2.414668083190918,335
2.4187257289886475,336
2.4239892959594727,337
2.4280354976654053,338
2.432898759841919,340
2.4372379779815674,341
2.4414894580841064,343
2.4465253353118896,346
2.4515814781188965,347
2.456690549850464,349
2.4606428146362305,352
2.4660568237304688,355
2.470036029815674,358
2.475238800048828,361
2.479295015335083,364
2.484600782394409,366
2.4886562824249268,368
2.493952512741089,371
2.4980597496032715,374
2.50414776802063,375
2.508185625076294,376
2.512385845184326,378
2.5172581672668457,379
2.5215187072753906,379
2.52659273147583,380
2.5306396484375,380
2.5361883640289307,380
2.5401651859283447,379
2.5452089309692383,379
2.549283027648926,378
2.555312395095825,377
2.559370994567871,376
2.5648913383483887,374
2.5689308643341064,372
2.5741779804229736,371
2.578246831893921,369
2.5832457542419434,366
2.5872561931610107,364
2.5919649600982666,362
2.596872329711914,360
2.602121591567993,356
2.607013463973999,354
2.6112942695617676,351
2.6163949966430664,349
2.6203811168670654,346
2.625429153442383,345
2.629448652267456,343
2.6350293159484863,342
2.639056444168091,341
2.6443874835968018,341
2.648460626602173,340
2.658111333847046,340
2.662942886352539,341
2.6672582626342773,342
2.6718671321868896,342
2.6767373085021973,343
2.6807150840759277,345
2.686211585998535,346
2.690150260925293,349
2.695303440093994,350
2.6993248462677,352
2.7053146362304688,355
2.709399700164795,358
2.7148866653442383,360
2.7189300060272217,363
2.724238157272339,366
2.7283108234405518,368
2.7333621978759766,370
2.7373969554901123,372
2.741913318634033,374
2.746814489364624,375
2.7508089542388916,376
2.756922721862793,377
2.761066198348999,378
2.76632022857666,378
2.7703452110290527,378
2.7755091190338135,378
2.779581069946289,377
2.7848904132843018,376
2.7889437675476074,375
2.7941806316375732,374
2.798224449157715,373
2.802945613861084,371
2.8084170818328857,369
2.81347393989563,367
2.817460298538208,365
2.8221383094787598,363
2.826969623565674,361
2.831360340118408,357
2.8364763259887695,355
2.840479850769043,352
2.845843553543091,350
2.849581241607666,348
2.854886531829834,346
2.859919548034668,344
2.8649702072143555,343
2.8689980506896973,342
2.8743066787719727,341
2.878380298614502,341
2.8834269046783447,340
2.887403964996338,340
2.892040729522705,341
2.8969106674194336,341
2.900851249694824,342
2.906224250793457,343
2.9111363887786865,345
2.916377067565918,346
2.9203362464904785,348
2.9253640174865723,350
2.92939829826355,352
2.9347474575042725,353
2.9388015270233154,355
2.9440906047821045,358
2.9481379985809326,361
2.953369140625,364
2.9584896564483643,367
2.9636118412017822,370
2.967597484588623,372
2.9721245765686035,373
2.976968288421631,375
2.981123447418213,376
2.9863803386688232,377
2.990375518798828,378
2.995361566543579,378
2.999413251876831,379
