0.016448259353637695,0.0,0.0
0.04054427146911621,0.0,0.0
0.052039384841918945,0.0003787364476846733,0.0
0.0651700496673584,0.0011362093430490859,0.0
0.07660293579101562,0.002083050462253368,0.0
0.08830690383911133,0.003219256541019078,2.723566318395285e-06
0.10060691833496094,0.00454483029957455,5.90106035655367e-06
0.11299657821655273,0.006059758680803887,1.3163883006419474e-05
0.1252880096435547,0.007574634833939831,2.768936137999926e-05
0.1369009017944336,0.009089423941574064,4.947716162844751e-05
0.14868474006652832,0.010982562158139022,9.486563013477541e-05
0.1614086627960205,0.013064750907935695,0.00015477588396613614
0.1729435920715332,0.014767650049726662,0.00022420767178460134
0.18521857261657715,0.016659156513312092,0.00031495853016785423
0.19680070877075195,0.01873876083868684,0.0004347294707050686
0.20928311347961426,0.0210056912040092,0.000592569274573281
0.22136926651000977,0.02364855610772439,0.0008020654417948872
0.23285770416259766,0.02572251073190792,0.0009965170942229276
0.24514365196228027,0.028171832069777834,0.0012439433939516044
0.25663280487060547,0.030429844381832,0.0014994176265636801
0.2690925598144531,0.03324916813295049,0.001845808347521025
0.28099703788757324,0.03550114393319063,0.002149932795814377
0.292574405670166,0.03775163584686747,0.002464849977613157
0.30491137504577637,0.0401862855992773,0.0028293707219408507
0.3175973892211914,0.04317947388525909,0.0032995482204232814
0.32900190353393555,0.04560766473214677,0.00370486784864407
0.3463141918182373,0.048965652452392094,0.004290242525043676
0.3583085536956787,0.05138881112535729,0.004724635015268471
0.3707396984100342,0.05399493507912432,0.005211195886032514
0.382366418838501,0.0564149073219118,0.005663002408885551
0.39370155334472656,0.05920336193919061,0.006204383783299828
0.40645933151245117,0.061618890968912876,0.006679372516348795
0.4196031093597412,0.06459043990637106,0.007271098726427393
0.43141818046569824,0.06737357551832551,0.007839191245879219
0.44291138648986816,0.06959898820799362,0.008299001038720024
0.45531558990478516,0.0721953030126032,0.00883544579703363
0.46831464767456055,0.07516251993216148,0.009448525520821538
0.4794585704803467,0.07757096789517338,0.009958205027368485
0.49121665954589844,0.07997818720450199,0.01047365627312303
0.5026679039001465,0.082571900395439,0.011022541895558442
0.5159482955932617,0.08516561358637602,0.011571427517993853
0.5277042388916016,0.0879388255710476,0.012186137395313327
0.5391371250152588,0.0907135030871974,0.012794197940455792
0.550786018371582,0.09293207267493224,0.013285965842310907
0.5623970031738281,0.09552040386062732,0.013859695061142773
0.5754294395446777,0.09829063698685549,0.0144876929684007
0.5869879722595215,0.10106236750538077,0.01510904864582051
0.5986692905426025,0.10327611998353924,0.015622065848626982
0.6102888584136963,0.10585883120805424,0.016220585918567124
0.6227164268493652,0.10880718797498339,0.016918751636957764
0.6350359916687012,0.11120272784811108,0.01748601128314955
0.6467490196228027,0.11396203403030054,0.018160401628659645
0.658454418182373,0.11653587028186409,0.018796004093644115
0.67099928855896,0.11929355197996891,0.019477006734699157
0.6825358867645264,0.12168212116608312,0.020072936288495546
0.6948668956756592,0.12443314656828477,0.020780348602242944
0.7065012454986572,0.12699918023534962,0.021446752956115086
0.7191228866577148,0.12992810521851966,0.022222408445598182
0.7308416366577148,0.13248763136926875,0.022913385599346085
0.7469561100006104,0.13596127400242533,0.023851140308003282
0.7591180801391602,0.1390631560029547,0.024712512323353093
0.7720198631286621,0.14179828099581643,0.02547910492612418
0.7832827568054199,0.14434934192179594,0.026200708484387027
0.7954003810882568,0.14689691408178143,0.026934533826710953
0.8068246841430664,0.14944448624176693,0.02766835916903496
0.8193364143371582,0.1521702271433262,0.028467677305169147
0.8311779499053955,0.15471603295804975,0.029207607232317558
0.8427743911743164,0.15743985001206803,0.03001345684696375
0.8551018238067627,0.15998026906399168,0.03077167487891783
0.8665006160736084,0.16252068811591533,0.03152989291087191
0.8791382312774658,0.16578223009711743,0.03252039225259034
0.8908290863037109,0.1679534007194279,0.03319114169443349
0.9024345874786377,0.1703055022269319,0.03391778692309728
0.9147524833679199,0.17283665154156158,0.034706397530697534
0.9270133972167969,0.1759055638377346,0.03567872001445392
0.938788652420044,0.17825059006616822,0.03642788406719865
0.9505887031555176,0.18095845385690923,0.037285815670513235
0.9622611999511719,0.18330348008533817,0.03803497972325646
0.9754550457000732,0.186007199735962,0.03890588327476534
0.9868307113647461,0.18834860743796097,0.03966628104104434
0.9987592697143555,0.191048120807085,0.040550136524193536
1.0104591846466064,0.19374550776260901,0.04144046037391518
1.022956371307373,0.19608138679981646,0.04221767586106466
1.035214900970459,0.1987744744434936,0.04312092105959032
1.0465683937072754,0.20110660057762023,0.04390932608523761
1.0584704875946045,0.2036160785834576,0.04476439548685864
1.069697618484497,0.20630038201265474,0.04569342080685088
1.0826146602630615,0.20898245079696035,0.04662887790444529
1.094925880432129,0.211308847102265,0.047434033181772056
1.106703281402588,0.21380789682519558,0.048319117373072915
1.1185972690582275,0.21648545009976491,0.04926742186375262
1.1311476230621338,0.21916072253542823,0.050222141896093093
1.1469619274139404,0.22237378646491135,0.05136010728490894
1.1588778495788574,0.22504676268976562,0.05232123737316447
1.170729637145996,0.22753938303473617,0.05322426968664824
1.1833386421203613,0.23038809200042112,0.05425630661634554
1.19545578956604,0.23269862142797984,0.05510592332658338
1.2068374156951904,0.23483329162027122,0.05588507020301916
1.2185561656951904,0.2376745054098296,0.05693756590251445
1.2313072681427002,0.2403381433375352,0.05792428062078939
1.2429559230804443,0.2426445730536153,0.05878496450858604
1.2552332878112793,0.2451261914888614,0.059717806127099
1.2665960788726807,0.24743055146444407,0.06058401620143135
1.2790660858154297,0.2502589469819591,0.061670488378672235
1.2908804416656494,0.25273379305978305,0.06262115153375734
1.3026139736175537,0.2552086391376093,0.06357181468884333
1.3149476051330566,0.25768348521543327,0.06452247784392852
1.3273003101348877,0.2599772981188965,0.06541624355922963
1.3387229442596436,0.26279780753423343,0.066523027021985
1.3503148555755615,0.2650894714341925,0.06742228858547296
1.362217903137207,0.2677312041981088,0.068466233483072
1.3735311031341553,0.2701944787850939,0.06944648949681709
1.3867623805999756,0.272657753372079,0.07042674551056224
1.398496150970459,0.27547292432863046,0.0715470380976983
1.4108781814575195,0.2775843025460469,0.07238725753805156
1.4226906299591064,0.2802184598537092,0.07345017250345347
1.435976505279541,0.2830309373095462,0.0745772100165054
1.4474151134490967,0.2854870990500394,0.07557515442773663
1.458848476409912,0.2875923805418913,0.07643053535164944
1.47072172164917,0.2903994225310211,0.07757104325019737
1.4830987453460693,0.2928555842715142,0.07856898766142867
1.4955365657806396,0.29513183715165947,0.07950657371911758
1.5069899559020996,0.2975855996992427,0.0805104028397591
1.5186586380004883,0.2998640934934263,0.08144252988035454
1.5312867164611816,0.302315442748966,0.08245223794248041
1.547698736190796,0.3059851633933865,0.08398441070183439
1.559380054473877,0.3082546151082509,0.084938341361705
1.5713658332824707,0.31087056729532875,0.08604530436925988
1.5847654342651367,0.3129612002637821,0.08693588871458835
1.5963408946990967,0.3155744914743465,0.08804911914624798
1.6082489490509033,0.31801106567807397,0.08909397784152698
1.6196749210357666,0.3200952402764601,0.08999957318623625
1.6325490474700928,0.32270045852444323,0.09113156736712316
1.644909381866455,0.32512945600536436,0.09219392078338763
1.6564133167266846,0.3273849536662189,0.09318039181277578
1.6683120727539062,0.32963808021309227,0.09417226657992973
1.6794726848602295,0.3320619567371217,0.09524625267835747
1.6923601627349854,0.3344858332611534,0.09632023877678621
1.7043256759643555,0.33690453311874163,0.09740583287324803
1.716292381286621,0.3391504687007871,0.09841388453424786
1.7281246185302734,0.3415665593711996,0.09950527328978023
1.7429590225219727,0.34450038375670117,0.10083053106435554
1.755415916442871,0.34674631933874883,0.10183858272535638
1.7668256759643555,0.3488172541991027,0.1027740588015272
1.778733730316162,0.35140028705244947,0.10395580083078627
1.7913568019866943,0.3538137546530192,0.10505297797435534
1.8028557300567627,0.35604992167816274,0.10608251759263279
1.8151652812957764,0.35828855015106376,0.10710669401799086
1.8265254497528076,0.3603527043281185,0.1080570382810158
1.8391656875610352,0.36309880352481005,0.10933734379038954
1.8509678840637207,0.3651583779223315,0.1102975729224212
1.8624939918518066,0.36738958351964496,0.11133782114878815
1.8749358654022217,0.36961325085878766,0.11239408738169178
1.8876118659973145,0.37201068935378884,0.11352586130172605
1.8991925716400146,0.3747443866006168,0.11483243788121658
1.9109838008880615,0.37679465953574226,0.1158123703158366
1.9225034713745117,0.3786740763929398,0.11671064171423794
1.9347739219665527,0.3812339739981576,0.11794169703224207
1.9521510601043701,0.38447276381939643,0.11950880185654361
1.9643638134002686,0.38685646576278465,0.12066922789401618
1.9764440059661865,0.3890699032816486,0.12174676635738527
1.9887847900390625,0.39145081676147186,0.12291290294670604
2.00050950050354,0.39383173024129736,0.12407903953602789
2.012342929840088,0.3957024479754414,0.1249952897133499
2.0249221324920654,0.39791069421574915,0.1260834272653722
2.037301778793335,0.40011632577668105,0.1271768549984042
2.0488123893737793,0.4024887918470173,0.12836008290902556
2.060633420944214,0.4046970380873228,0.12944822046104676
2.072258234024048,0.40673300568202836,0.1304575383684604
2.0847370624542236,0.4087641110947464,0.1314766053374788
2.096928596496582,0.41079521650746664,0.13249567230649834
2.1086020469665527,0.41316483948897065,0.133684583770353
2.1201930046081543,0.41519594490169087,0.13470365073937254
2.131950855255127,0.41722214145018516,0.13573244334810705
2.145042657852173,0.4194171877110549,0.13684696867423649
2.156477689743042,0.4216095560772952,0.13796675246437232
2.168215036392212,0.42363079719215546,0.13900524706740439
2.1795718669891357,0.4256520383070157,0.14004374167043646
2.1924095153808594,0.42801015294101635,0.1412553187073057
2.2049334049224854,0.43019983081544677,0.14238035452725636
2.216447114944458,0.43205034795466785,0.1433367464687443
2.2280735969543457,0.4340665871803733,0.1443849191976659
2.2404983043670654,0.4362508463415527,0.1455204396539969
2.2522449493408203,0.4384323773124264,0.14666119265664962
2.2643649578094482,0.4404435683084201,0.14771901942061527
2.2764713764190674,0.4424547593044116,0.14877684618457976
2.292167901992798,0.4451295546934106,0.15020012149961642
2.3035309314727783,0.4473028259469738,0.15135653269308444
2.3159849643707275,0.4494733189653687,0.1525181500341401
2.327672243118286,0.45164102127711125,0.15368496684822036
2.3437037467956543,0.4538059204267438,0.15485697643088192
2.356415033340454,0.4561282136027853,0.1561358735916787
2.3684606552124023,0.45812398303187585,0.15722251569964868
2.3802003860473633,0.460114520039908,0.15831871326604416
2.3927416801452637,0.4622709351319437,0.1595062606296397
2.4052085876464844,0.4642588387657058,0.160607226490965
2.4177088737487793,0.4664124010356132,0.16179993950739996
2.429053783416748,0.4683976598727591,0.1629056673375874
2.440981388092041,0.4698826111510676,0.1637420918478175
2.4535391330718994,0.47219564755668747,0.16503765586771277
2.4660418033599854,0.47417290362223874,0.1661576313746632
2.4776053428649902,0.47598538834899334,0.16718427558936733
2.488985300064087,0.4777954069368344,0.16821526149614
2.5019969940185547,0.47993159299439303,0.16943882347554054
2.513308048248291,0.4817366481179598,0.1704784749696431
2.525397300720215,0.48337533705134206,0.17142754346016068
2.5369436740875244,0.4853417637714025,0.17256642564878275
2.549328565597534,0.4874720593847977,0.17380021468645457
2.561326742172241,0.48926706323452596,0.17485712547160873
2.572845935821533,0.49105952844465706,0.1759183359590962
2.585146427154541,0.4928545322943853,0.17697524674425041
2.5975470542907715,0.49480994888726104,0.1781329309124217
2.6090333461761475,0.49675979293907274,0.17929997626651908
2.6208677291870117,0.49854714998657207,0.18036976784111153
2.6325652599334717,0.5003319375403731,0.1814438407511606
2.644868850708008,0.5019521264538724,0.18242415718203753
2.657464027404785,0.5042137852182061,0.18380745873161725
2.668891191482544,0.5058292557641615,0.184795531267033
2.6807172298431396,0.5076062733647088,0.18588241105598818
2.6923460960388184,0.5093806805397262,0.1869735473469945
2.705335855484009,0.5111524670936042,0.18806893387046533
2.716787099838257,0.5127655645254395,0.18906087595319918
2.728508234024048,0.5145347202776265,0.19016050641512625
2.7447280883789062,0.5164675783364032,0.19135547353164034
2.757438898086548,0.5187091086831219,0.1927711589656602
2.7689974308013916,0.5203102017879236,0.19378236284710462
2.7807250022888184,0.5219112948927213,0.19479356672854647
2.7924604415893555,0.5233522786870402,0.19570365022184477
2.8060765266418457,0.525270676188647,0.19692169690023842
2.8175015449523926,0.5268644561896625,0.1979443883143292
2.828902006149292,0.5284582361906781,0.19896707972841993
2.8407022953033447,0.5300520161916895,0.19998977114250804
2.8531641960144043,0.5319586467354411,0.20122615565170113
2.8655898571014404,0.5333841576841369,0.20216028883032383
2.87733793258667,0.5349705421620439,0.20319441489050613
2.8888533115386963,0.5365519506913823,0.2042361343745368
2.901442766189575,0.5381283469256045,0.20528542333989486
2.912933349609375,0.5397047431598248,0.2063347123052515
2.92539119720459,0.5412760908675696,0.207391546635432
2.9368255138397217,0.5428474385753144,0.2084483809656125
2.9485254287719727,0.5445703279478579,0.20961917191120483
2.9609978199005127,0.5459776644623214,0.21058046801300165
2.97247576713562,0.5473826926454446,0.2115451348284843
2.985003709793091,0.5490971181526229,0.21272828503392335
2.9964730739593506,0.5506531040572967,0.21380760902816615
3.008801221847534,0.5522038976786963,0.21489438019262963
3.020519256591797,0.553599611937955,0.21587247424064618
3.032163143157959,0.5551477960441372,0.21696295963415535
3.043699264526367,0.5565364406073274,0.2179510651636338
3.05696702003479,0.5580767428536011,0.21905265556401696
3.0686299800872803,0.5596170450998708,0.2201542459643972
3.0802366733551025,0.5611520484954191,0.22126320808987626
3.0919711589813232,0.5623757839072795,0.22215625477992856
3.1051504611968994,0.5639054531721045,0.22327256314249352
3.116536855697632,0.5654297531488097,0.22439619208529407
3.128223180770874,0.5666448696724846,0.2253009310436388
3.143517017364502,0.5681637653270778,0.22643185474156927
3.15694522857666,0.5698285673920503,0.22768386644789543
3.1690454483032227,0.5714903635221298,0.22893986519404802
3.1808817386627197,0.5728475476875656,0.22997075675059625
3.1924545764923096,0.5740517336017302,0.2308899939522923
3.2055132389068604,0.575401469393266,0.2319306185499792
3.216960906982422,0.5767487068634818,0.23297447556083772
3.2288010120391846,0.5782428528721167,0.23413790158984524
3.2405426502227783,0.5792848387410116,0.2349573046255097
3.252274751663208,0.5807705797609186,0.23613144518006768
3.265194892883301,0.5821026652451559,0.2371945700659339
3.2765653133392334,0.5832844726042655,0.23814240555525087
3.2926089763641357,0.5850503472243175,0.23957264102928463
3.30492901802063,0.5862230123011012,0.24053176425731443
3.3323662281036377,0.5889971392560884,0.2428230077350187
3.36063289642334,0.5914644464077389,0.244890863898642
3.382869005203247,0.5940504604497973,0.24711151164544137
3.4056646823883057,0.5964827243864109,0.24922047485912832
3.4303159713745117,0.5987575810494962,0.2512217919648951
3.44223690032959,0.600026335366871,0.25235975011105266
3.453603744506836,0.6010067540442766,0.2532519020615857
3.4663233757019043,0.6022645391642427,0.25440197286473826
3.4928061962127686,0.6043562470196969,0.25632377701516657
3.506695508956909,0.6058799918176029,0.2577440942399965
3.518627405166626,0.6069807130570442,0.2587849945723554
3.531144618988037,0.6078025018535963,0.2595696185874693
3.546863555908203,0.6091658648132782,0.2608838764998481
3.5588481426239014,0.6102515020853111,0.26194049964100463
3.5730504989624023,0.6116022011158132,0.2632677692251824
3.5865323543548584,0.612543225414684,0.26420138004066207
3.598248243331909,0.6134775116591931,0.265141733750263
3.6094913482666016,0.6144095411316699,0.2660843243020265
3.621298313140869,0.6152064845703064,0.26689417171163293
3.6343348026275635,0.6162638869430885,0.2679790500324086
3.646437168121338,0.6171799697910175,0.26893714611400454
3.6584632396698,0.618093753389612,0.26989743535208455
3.669686794281006,0.6190052324883467,0.27085991222890576
3.6825602054595947,0.6199097667168744,0.2718289187899091
3.6949124336242676,0.6206790889300506,0.2726650497626281
3.7066650390625,0.6216994954169196,0.2737847958724272
3.7184176445007324,0.6225876436658095,0.2747688429108555
3.729666233062744,0.6233428284097767,0.27561776438761626
3.742586135864258,0.6243443033954768,0.27675447393797276
3.754915714263916,0.625215815612124,0.2777532844015144
3.7664954662323,0.6259566502693235,0.27861475737376523
3.778313636779785,0.6268161291041278,0.27962394121151196
3.790649652481079,0.6276683285371462,0.2806392795847693
3.802309274673462,0.6283925079325857,0.28151479992973405
3.813692808151245,0.6292324772831459,0.28254027902555157
3.8264167308807373,0.630065050554945,0.28357177194017824
3.8390071392059326,0.6308901846930287,0.28460922533190636
3.8507189750671387,0.6315910295508423,0.28550353409095336
3.8623483180999756,0.632287578936627,0.28640119250282003
3.874364137649536,0.6329754894496833,0.2873054882493837
3.8874475955963135,0.6337729846457485,0.2883643354045948
3.898808479309082,0.6344456254354528,0.28928004607901786
3.910517930984497,0.6351138684740278,0.29019897094680286
3.922243356704712,0.6358883367242578,0.2912747752111644
3.933547019958496,0.6365455184127888,0.29220164300081486
3.9510064125061035,0.6375179152564976,0.2936013324801699
3.9628853797912598,0.6380525298914531,0.2943828024393571
3.9752964973449707,0.6386873072769704,0.29532515552714445
3.987968921661377,0.6394173055605082,0.29643161763308284
3.9993622303009033,0.640036182150545,0.29738448878782037
4.011258125305176,0.6406458940519753,0.29834325000339307
4.022756099700928,0.6412510025362429,0.2993049232293351
4.035055637359619,0.641747552563948,0.30011111562263015
4.047606945037842,0.6424345882127896,0.30124475485230884
4.0592944622039795,0.6430117878596858,0.302223433675442
4.071107387542725,0.6434888721230888,0.30304129595641516
4.082624912261963,0.6440543008052068,0.30402682225066857
4.0961878299713135,0.64470291304575,0.30518287503807195
4.1076672077178955,0.6452469504560114,0.30618036938264864
4.1192169189453125,0.6456032493289454,0.30684881257422253
4.130838871002197,0.6461280594034529,0.3078565556252666
4.1433727741241455,0.6466480322119778,0.30886680309476167
4.155562162399292,0.6470691903381415,0.3097148207465777
4.166975021362305,0.6475672491691785,0.31073604994320636
4.178780555725098,0.6480554934403041,0.3117620076435774
4.191331148147583,0.6484541474610591,0.31262083421323894
4.202785491943359,0.6489201462380882,0.31365708553943317
4.215090751647949,0.6493001809521514,0.31452431199263187
4.22662091255188,0.6497437173583422,0.31557037467125576
4.2385218143463135,0.6501772036045094,0.31662064194467526
4.251047134399414,0.6505300337994836,0.3174992880386944
4.262507677078247,0.6508723080412436,0.31838209971082665
4.2748870849609375,0.6512703109877275,0.3194463202358171
4.291191577911377,0.6517227218976507,0.3206923058916046
4.3029868602752686,0.6521541631318344,0.32194570700349645
4.315347909927368,0.6523920992344695,0.3226648395352836
4.32672905921936,0.6526808867821454,0.3235665655786737
4.338447570800781,0.6530144382781551,0.32465271247055166
4.35559344291687,0.653332334419666,0.32574354413237877
4.368014097213745,0.6536345094499334,0.3268388349258738
4.379112958908081,0.6539209008641218,0.32793835829038737
4.390797138214111,0.6541012665695287,0.32867404395663674
4.404745578765869,0.6543612219303107,0.3297801157814441
4.416956901550293,0.6545645728132632,0.33070486251618997
4.428896427154541,0.6547568259608928,0.3316319800018665
4.440559148788452,0.654937953756721,0.3325613350613562
4.452974319458008,0.6551419254675197,0.33367908602307617
4.465219259262085,0.6552984881604136,0.33461289340589906
4.476642847061157,0.6554147759410427,0.33536138678549027
4.4885475635528564,0.655578434630075,0.3364857477171891
4.501143932342529,0.6557013273926942,0.3374245796903965
4.512583494186401,0.655812959386553,0.3383648171088009
4.524872541427612,0.6559333856140263,0.33949462647102224
4.536393404006958,0.6560201897524501,0.3404374801959329
4.549040079116821,0.6561258866175624,0.34175883709645016
4.560697317123413,0.6561736073988792,0.3425148052930314
4.572339773178101,0.656234312812542,0.3436493917921508
4.583630084991455,0.6562786944371484,0.3447847340060358
4.596871852874756,0.6563067430923697,0.34592059708940753
4.608855485916138,0.6563165013290183,0.34686738792261107
4.620551586151123,0.6563145935765652,0.34800359566405303
4.63223671913147,0.6562963451942689,0.34913965845623296
4.643548011779785,0.6562617599568032,0.35027534130482046
4.656798362731934,0.6562023591950019,0.3515995872922953
4.668572425842285,0.6561324064862382,0.35273364121066453
4.67998480796814,0.656046151161243,0.35386657178671144
4.69204568862915,0.6559436110619109,0.35499814467400387
4.705068826675415,0.6558248073986375,0.3561281258069547
4.716465711593628,0.6556672576371495,0.35744430738959987
4.7284018993377686,0.6554876462705564,0.3587576602145596
4.739706039428711,0.6553148270677815,0.35988064961539307
4.756522178649902,0.6550313989908975,0.3615612312960935
4.768635034561157,0.6547828091580982,0.36286329081119567
4.780649185180664,0.6545510362960127,0.3639756095657023
4.792306184768677,0.6543032901468993,0.36508447994443527
4.805226802825928,0.6539956772586741,0.3663738713500385
4.816757440567017,0.653666473393701,0.3676579199087488
4.8284711837768555,0.6533658715453363,0.3687536435052784
4.8402934074401855,0.6529968206406846,0.37002681172496305
4.852829694747925,0.6526064596116019,0.37129360853298427
4.865128755569458,0.6522536928260605,0.37237366745093514
4.8767640590667725,0.6518240519582101,0.3736276868329698
4.888473272323608,0.651373430787426,0.3748743208796252
4.90112566947937,0.650901956183289,0.3761132186088586
4.912623167037964,0.6504097608865377,0.37734403121673
4.924999475479126,0.6499702373880971,0.37839178632435055
4.936474561691284,0.6493641750535478,0.37978022040470966
4.948338747024536,0.6488897440914944,0.38081263840797747
4.960971355438232,0.648318975726068,0.3820090410821921
4.972465515136719,0.647728213656534,0.3831956985993577
4.984766483306885,0.6471176242082738,0.38437227686344067
4.996342658996582,0.6464873792889393,0.38553844461616704
5.0089287757873535,0.6458376563400625,0.3866938735302687
5.020787000656128,0.6451686382870898,0.38783823830193714
5.0323920249938965,0.6445788170306278,0.3888093626794798
5.044745445251465,0.6438744690169858,0.3899323273991027
5.05699896812439,0.6431513782951058,0.3910433160101021
5.06866455078125,0.6425156955678784,0.39198505861906524
5.080538988113403,0.6418665345371778,0.39291756150241297
5.0922019481658936,0.6412040294818159,0.39384063177213585
5.105226278305054,0.6404156987673066,0.39490631961123657
5.116687059402466,0.6397247554214641,0.395808300189776
5.128504514694214,0.6390209113410518,0.3967002504023442
5.140323162078857,0.6383043121160591,0.3975819857492405
5.158231019973755,0.6372105029042728,0.39888899289095153
5.169536113739014,0.636462670012919,0.3997443978464208
5.181536436080933,0.63582928843281,0.40044819886872696
5.192999362945557,0.6351875172582082,0.40114435823587713
5.225072860717773,0.6333673252315305,0.4030719278271991
5.2513203620910645,0.6318871635068569,0.4045376087259984
5.278724431991577,0.6302308477930415,0.40609340593035903
5.29048752784729,0.6295223575654039,0.406721537845137
5.302214860916138,0.6289495835413832,0.4072172142563357
5.315226316452026,0.628083333092883,0.4079524569589213
5.326875925064087,0.6274988430633215,0.40843426251364084
5.3385679721832275,0.6267624896000897,0.40902948657414856
5.350024223327637,0.6260190552377668,0.4096158426553298
5.362571477890015,0.6251218971902968,0.410313036393889
5.374887228012085,0.6245193628014285,0.4107720761497344
5.386613130569458,0.6237607277773166,0.41133862800544696
5.400894641876221,0.6226929623931885,0.4121241424676289
5.415065765380859,0.6219236030225271,0.41267604305994265
5.426481485366821,0.621150294752414,0.4132223968138379
5.43968939781189,0.6203730775730236,0.4137631754756635
5.4519500732421875,0.6192795573181409,0.4145124213218318
5.465226888656616,0.6183346246390543,0.41514335230317667
5.4768853187561035,0.6175446691598356,0.41566534698310903
5.488638639450073,0.616592242613482,0.41628490758952885
5.500546932220459,0.6159553187165897,0.4166948992196666
5.5130181312561035,0.6148372749995261,0.4174070327272156
5.5253801345825195,0.6141954830809625,0.4178093613497099
5.536854028701782,0.6133908413904152,0.41830842031902976
5.552546739578247,0.6122593478294585,0.4189989840071471
5.566066741943359,0.611122917587356,0.41968139311514185
5.578193664550781,0.6103076974767089,0.42016297828540955
5.589387655258179,0.6094890353002013,0.4206386886445369
5.601224422454834,0.6085025610120451,0.42120246178156395
5.613646507263184,0.6073485343102611,0.4218546720677515
5.626361131668091,0.6065209007418675,0.4223145968240801
5.638088703155518,0.605689981191567,0.4227685580624679
5.649537086486816,0.6046889861162549,0.4233061271560988
5.662344932556152,0.6038526855000015,0.42375009718242374
5.674812316894531,0.6026803780866828,0.42436884690122567
5.686537504196167,0.6018398590758887,0.42480477797091326
5.698277711868286,0.600827500534715,0.42532062858430747
5.709505319595337,0.5998126805808033,0.4258316199074967
5.722501039505005,0.5986258795313721,0.4264220935774503
5.734891891479492,0.5976050082117662,0.4269208855381238
5.7466042041778564,0.596411215549474,0.42749709293594423
5.758404016494751,0.5953844395086906,0.42798361388441947
5.770804405212402,0.5943553428306109,0.428465206760604
5.782617807388306,0.593152050223809,0.4290213027849216
5.794943332672119,0.5921172555471046,0.4294905273029198
5.806729555130005,0.5909073845295051,0.43003216187218085
5.819169044494629,0.5895202591551463,0.43064121354869467
5.830828428268433,0.5886514908446161,0.4310177101989311
5.842511415481567,0.5874339552230824,0.4315418885046081
5.854957580566406,0.5860382139911492,0.4321309276903345
5.867574214935303,0.5846396648778912,0.43271326876450616
5.878999948501587,0.5835886712397956,0.4331449909482183
5.89065408706665,0.5823601114066266,0.4336427826940009
5.902316570281982,0.5811303618644769,0.43413762807330813
5.914827346801758,0.5798970856187982,0.4346236173609306
5.927466630935669,0.5783099514975398,0.43524465805316387
5.938881874084473,0.5772489121163661,0.4356510656107098
5.955060005187988,0.5754805131477447,0.4363284115399525
5.968050241470337,0.5742403750037393,0.43679661370742767
5.979607343673706,0.5726416240243773,0.43738710635450545
5.991444110870361,0.5713970537084392,0.4378433964097606
6.00294041633606,0.570151393211719,0.43829670183962416
6.0152411460876465,0.5687265434745282,0.4388113512108437
6.027650594711304,0.5674776554051238,0.4392556872052579
6.039248704910278,0.5660491415958208,0.43976007698061503
6.051072835922241,0.5647970905376174,0.4401954205615841
6.062582969665527,0.5637230125312219,0.4405659986335332
6.075523614883423,0.5621092491460913,0.44111413547510087
6.086971998214722,0.5608530815155455,0.4415374542318412
6.098816156387329,0.5594163058084538,0.4420178044336374
6.110523223876953,0.5581571265151585,0.44243207897204817
6.123030424118042,0.5567169336943198,0.4429020847035658
6.1352622509002686,0.555274504162929,0.44336518058545843
6.146774768829346,0.5540123783229605,0.44377038948211495
6.158696174621582,0.5523859405995827,0.4442796895824853
6.171395778656006,0.5509391371546628,0.4447289339932714
6.182893991470337,0.5496713141757167,0.4451159492124754
6.195149183273315,0.5480400679856452,0.4456096314256863
6.2065651416778564,0.5469517847247478,0.44593614515478247
6.218498945236206,0.5453170305769537,0.44641808408922723
6.231076717376709,0.5436811258873556,0.4468961030290436
6.242595434188843,0.5422259740370327,0.44731752187217794
6.254958152770996,0.5405866741469001,0.4477837644383209
6.266448736190796,0.5393107975295944,0.44814334022067903
6.279008150100708,0.5374868905612241,0.44865264935156485
6.290853977203369,0.5360258284057677,0.44905309675978183
6.302660942077637,0.5341995007114455,0.44955365602005354
6.315014123916626,0.5329194062002455,0.4498979145395337
6.327458143234253,0.5310895261385579,0.4503853274855163
6.339040279388428,0.5294405499669842,0.45081609870769157
6.355574369430542,0.5274238783866873,0.4513377642763529
6.367636680603027,0.5255894090665587,0.45180760971220363
6.380533218383789,0.5237527083353121,0.45226865509383174
6.392270565032959,0.522099677677191,0.4526835959372968
6.404884576797485,0.5206277027326185,0.45304185633338473
6.417399644851685,0.5184197403157609,0.4535792469275162
6.43013334274292,0.5167618552994808,0.45397434632395467
6.44197940826416,0.5151030279677663,0.4543654705290831
6.453173875808716,0.5134432678521191,0.4547526172955301
6.465599298477173,0.5115980641157508,0.45517835852136496
6.478338718414307,0.5097528603793825,0.4556040997471998
6.4895734786987305,0.5080903591542106,0.455979300941993
6.501419305801392,0.5064269633241307,0.4563505159372944
6.5129005908966064,0.5047626824468828,0.45671774260013226
6.526348114013672,0.5029125087117943,0.4571213384004843
6.538074016571045,0.5010623349766985,0.45752493420083795
6.549328327178955,0.4992102476192617,0.4579196554195432
6.561380624771118,0.4973581602618225,0.45831437663824903
6.572902679443359,0.49587499353218895,0.45862304669018567
6.5864715576171875,0.4938356392789425,0.45904746801159857
6.598209857940674,0.4917952735196847,0.4594669996513504
6.609395980834961,0.4901250653493814,0.45980625019020877
6.6212170124053955,0.48845404877232634,0.4601414961588214
6.633643865585327,0.4864107188606539,0.4605463444024625
6.646385908126831,0.4843664243723137,0.4609462934907672
6.6581056118011475,0.4825071086280794,0.4613054277043066
6.669354677200317,0.4806477928838475,0.46166456191784544
6.68227481842041,0.47878847713961803,0.46202369613138383
6.694750547409058,0.4767413594212449,0.4624089340778885
6.706494569778442,0.47469332414421533,0.4627892638457829
6.718166828155518,0.4728306504461866,0.4631305542129995
6.730546474456787,0.4709663619687992,0.4634629107883269
6.742278099060059,0.46891564464367214,0.4638285030211872
6.758630990982056,0.46630453292187424,0.4642875445439927
6.770545482635498,0.46406457656814437,0.4646702744988086
6.783286809921265,0.46182462021441695,0.4650530044536241
6.795496940612793,0.46014329611677734,0.46533199466664255
6.806931257247925,0.4582759066613164,0.46564646094738715
6.8188254833221436,0.45603325596184036,0.4660130731744681
6.831392526626587,0.4534168301457801,0.4664407874393967
6.842902898788452,0.4519205751403886,0.4666780251001829
6.85520339012146,0.4496761926323025,0.4670338815913621
6.866605758666992,0.4478058738755613,0.46733042866734514
6.878530502319336,0.445746983037374,0.4676467635290379
6.89107608795166,0.44350009954872194,0.4679864711582589
6.902641296386719,0.4414404563507917,0.46829786981837807
6.915008068084717,0.4395673802388687,0.46857647042680695
6.926486015319824,0.4373181119629888,0.468900011626731
6.93911075592041,0.43506884368711135,0.46922355282665473
6.951119899749756,0.433194453457213,0.46949317049325784
6.962642192840576,0.4311326242043239,0.4697897499265214
6.975000619888306,0.4292575930687205,0.4700548737855018
6.987521171569824,0.4268184282600709,0.4703878449947487
6.999072074890137,0.4245661612253636,0.47068980507373137
7.010860443115234,0.42287696094933563,0.470916275132968
7.02254843711853,0.4208130522650931,0.47119802000233096
7.035599708557129,0.4187484741499456,0.4714748167413983
7.0470006465911865,0.41649548976833445,0.4717713771250187
7.058817386627197,0.41443025408518946,0.47204322414333766
7.070542097091675,0.41236437270073517,0.47231011987889576
7.082388639450073,0.4101099924657823,0.47259587579078904
7.095432996749878,0.4078542681914014,0.4728708206632379
7.106832265853882,0.40597449796274787,0.47309994139027894
7.118771076202393,0.4035293967879869,0.47338607953019124
7.130488872528076,0.40127301993380415,0.473655616497668
7.142877817153931,0.3990153768186049,0.47391433304006575
7.158973217010498,0.3961933229246003,0.47423772871806363
7.170787572860718,0.39393506613545975,0.4744910328025282
7.186638116836548,0.3913004332147909,0.474786554234404
7.198443412780762,0.3888527009080017,0.4750492353038223
7.210131645202637,0.386592680965378,0.47528629340613343
7.221943140029907,0.384331550510982,0.47551251399122635
7.233140230178833,0.38207042005658354,0.4757387345763195
7.246578931808472,0.3798092896021875,0.47596495516141235
7.2583842277526855,0.37754710060506785,0.4761803330299105
7.269572496414185,0.37528491160795063,0.4763957108984084
7.2908220291137695,0.37302171606149254,0.47660024110013977
7.316295146942139,0.36736372719535215,0.47711156660446785
7.330143213272095,0.3639675020764352,0.47740208335563566
7.342891454696655,0.36151467282388394,0.47761190100925693
7.355148792266846,0.35925099350755374,0.47781100559919826
7.366806983947754,0.35717595413424963,0.47799351813997787
7.378530502319336,0.3547221471794687,0.4781915742396339
7.3910322189331055,0.35264625666626087,0.47836413670793937
7.402544260025024,0.35019244971147995,0.4785621928075954
7.415579319000244,0.34773817505327964,0.47875436640634916
7.427566289901733,0.3454731224796342,0.4789371874214164
7.440143585205078,0.34320721947082355,0.47910914741554245
7.452038764953613,0.34056366596054244,0.4793097674086898
7.463404417037964,0.33829696459530856,0.47947086242960507
7.476069927215576,0.33584137144963744,0.4796453820355966
7.487974643707275,0.3333853670241563,0.4798140149266918
7.500499963760376,0.3309289654308779,0.4799767601339388
7.512241363525391,0.3288508078400856,0.4801194495033271
7.523670673370361,0.3263944062468097,0.48028219471057404
7.536296606063843,0.32393762160002926,0.4804390512988516
7.548892021179199,0.32148046801624025,0.48059001836687393
7.56522011756897,0.31826774963198756,0.48079513852077554
7.576895236968994,0.3159996078623394,0.48093449273741135
7.588723182678223,0.3135417587624296,0.4810736781964327
7.6016035079956055,0.31089521125239467,0.48122991462139436
7.613032817840576,0.30862612601389894,0.48135295471798434
7.625276327133179,0.3063570407754032,0.4814759948145743
7.636754274368286,0.3042770459734496,0.48158878156978174
7.64923620223999,0.3014403289053721,0.4817357823209694
7.6611549854278564,0.29935981729381356,0.48183859604809065
7.672685146331787,0.2967122146969374,0.4819757967491993
7.685043811798096,0.294821069984889,0.482073797249991
7.697579383850098,0.29179452149704094,0.48221609006833493
7.708989858627319,0.28952461013116226,0.4823228096820925
7.722724199295044,0.28706553948479,0.48243842259699676
7.7352213859558105,0.2846061987716944,0.48254814063045026
7.747655868530273,0.2817682026386592,0.48266793584764767
7.759062051773071,0.27949758252956663,0.4827583294597701
7.770719051361084,0.277226962420479,0.4828487230718923
7.782557964324951,0.2751455606538116,0.4829315838830045
7.795604944229126,0.27249625867804445,0.48303069283594513
7.8073437213897705,0.26984651200799287,0.483117099594556
7.818944454193115,0.2675749716107525,0.4831802732331306
7.830658435821533,0.26511449255999103,0.48326050808041215
7.842525959014893,0.263032391990035,0.48332340835778037
7.855579137802124,0.2603822615265854,0.4833971109361175
7.867528676986694,0.2577321310631358,0.4834708135144546
7.878981113433838,0.2556496320046527,0.48351873949625435
7.890692472457886,0.25318863959367915,0.483581278628491
7.903284788131714,0.2503488681502978,0.48364663224003596
7.915396213531494,0.24826626019311956,0.483689566200979
7.926903963088989,0.2459944430384125,0.483741849090215
7.938647270202637,0.2433435266812235,0.48377743013214375
7.951264381408691,0.2410714849837302,0.4838188210703887
7.968144178390503,0.2374740856293636,0.4838843567226101
7.979526519775391,0.23501244831464244,0.4839114956377457
7.991673469543457,0.2327401141950316,0.483931100070422
8.004851818084717,0.23027841889878817,0.48395233820582134
8.0164315700531,0.2278166797657347,0.4839676754394515
8.028367519378662,0.2253549109408378,0.48397711168318613
8.03959345817566,0.2230825363564792,0.48399126912961404
8.052406787872314,0.2206207972234282,0.4840066063632443
8.064360618591309,0.21796966156584083,0.4840167684718816
8.076345920562744,0.2156972595736245,0.48402547885071356
8.088345527648926,0.21323549074872514,0.4840349150944482
8.100783348083496,0.21077370637711706,0.48403845029406734
8.112434148788452,0.2083119206040194,0.48403608442925794
8.124910593032837,0.20585014757466677,0.4840278175136142
8.13645339012146,0.20338840143421558,0.4840136495946369
8.148465394973755,0.20092662840486541,0.484005382678993
8.160873413085938,0.1982755171766914,0.4839901249200944
8.1725013256073,0.19600313612397047,0.4839770468410385
8.184909343719482,0.19354138998351927,0.4839628789220613
8.196443319320679,0.19107968487697888,0.48394281008115847
8.209059000015259,0.18804996188883882,0.4839108474380639
8.220742225646973,0.1859670273344947,0.48388887312093637
8.232420682907104,0.18369468415922757,0.4838703480370261
8.244834423065186,0.18142245590870146,0.4838409292940356
8.25804328918457,0.17858217059554626,0.4838041558652975
8.269255876541138,0.176120673457993,0.48376638508612346
8.285562992095947,0.17309125865577737,0.4837126361182297
8.297508001327515,0.17044032569683598,0.4836783142514075
8.32499885559082,0.165706865068377,0.48359433148907355
8.346941709518433,0.16078482139016975,0.48347159115517807
8.376460790634155,0.15529425635802366,0.4833610095983346
8.401158571243286,0.1499939260123832,0.48321612205388365
8.42767596244812,0.14431500064205469,0.4830608853991146
8.440434217453003,0.14147641269227743,0.4829560455375179
8.452218294143677,0.13920534781030697,0.48287761731040113
8.46364712715149,0.1367450275215073,0.48279265339769134
8.489398956298828,0.13182480840856828,0.482610930970924
8.505226135253906,0.12860902919039968,0.48246127231248154
8.516837120056152,0.12633882068166147,0.48236107245335236
8.529334545135498,0.12369024408813148,0.48224417261770164
8.541218519210815,0.12142054203777693,0.4821330902719193
8.552740097045898,0.11915083998742484,0.4820220079261371
8.565205097198486,0.1166919960995424,0.4819016687182064
8.576670169830322,0.11423344773658663,0.48177543585026067
8.589107275009155,0.11177520902518774,0.48164331004762445
8.600853204727173,0.10950636446981236,0.48151590883703194
8.612534284591675,0.10723751991443453,0.4813885076264392
8.624949932098389,0.10477960497944105,0.48125048964829703
8.637960195541382,0.10232202794385095,0.48110658028769
8.649218082427979,0.09986480292870588,0.4809567803715098
8.660996913909912,0.09759693319731554,0.4808130668844196
8.672632217407227,0.09532906346593012,0.48066935339732975
8.686330080032349,0.09268321544597308,0.4805016876623911
8.698071241378784,0.09041606075538496,0.48034710340106423
8.709350347518921,0.08814890606479191,0.48019251913973704
8.72119426727295,0.08588175137420131,0.48003793487841
8.73363971710205,0.0832367375685127,0.4798575865735286
8.746443748474121,0.08097035002622706,0.47969213509087644
8.762126684188843,0.07832623122689995,0.4794991083611161
8.774728536605835,0.07549427084678666,0.479278714734496
8.787932872772217,0.07303945437740789,0.47909359074467006
8.799323797225952,0.07058508871464499,0.4789025829349329
8.811204195022583,0.0685087111539414,0.47873598325389727
8.822762727737427,0.06605434549117606,0.4785449754441598
8.836121559143066,0.06360044473762086,0.4783480849120271
8.847650289535522,0.06114702299320122,0.47814531278881695
8.859255313873291,0.05888278117340736,0.4779527104357329
8.871131181716919,0.05680722617192822,0.47777615827873915
8.883620023727417,0.05435380442750612,0.47757338615552875
8.896249532699585,0.05208956260771471,0.477380783802445
8.908363342285156,0.049826270165818067,0.47717732862956785
8.920013666152954,0.04775158542741137,0.47699082805443044
8.931941509246826,0.04530022066252605,0.4767645415558915
8.94508957862854,0.042849405363495824,0.476532379629655
8.956557273864746,0.04077517363936398,0.4763409064385837
8.968286991119385,0.038324358340336206,0.47610874451234747
8.979634046554565,0.03625106839720412,0.47590732941854463
8.992520570755005,0.033989830744315594,0.47568218288384484
9.004935026168823,0.03172859309142952,0.47545703634914527
9.016454219818115,0.02965579190961831,0.47525065202567085
9.028280973434448,0.027206709488309572,0.4750008719552512
9.040779113769531,0.02475823284189266,0.4747452219955538
9.055371046066284,0.022309150420581472,0.47449544192513393
9.066858053207397,0.020237362488999825,0.474279122728467
9.078604698181152,0.017789505686233647,0.47401760434843676
9.09121298789978,0.01553053070723079,0.47377078715056115
9.102890491485596,0.013271555728230385,0.47352396995268575
9.115242958068848,0.011201937124531018,0.47328779615328004
9.12674617767334,0.009132890590443301,0.47304666202449835
9.139240741729736,0.006312259805117095,0.4727110805618335
9.151017665863037,0.004432380957402794,0.47248285274144536
9.16741394996643,0.001424574801061381,0.47211768822882455
9.179047584533691,-0.0008299409121048603,0.47183300316772253
9.19209361076355,-0.0030844566252686543,0.47154831810662085
9.203548431396484,-0.005149821201314353,0.47127745209487365
9.216176271438599,-0.007402231411366065,0.4709765618647515
9.22809386253357,-0.009279239919738416,0.47072582000631696
9.240617513656616,-0.011530181743444909,0.47041413492291223
9.252329587936401,-0.013781123567148959,0.47010244983950783
9.264744281768799,-0.016030545269626235,0.4697799770664848
9.276423931121826,-0.017905063355026805,0.4695112497556318
9.292236089706421,-0.02071684048312401,0.4691081587893529
9.30367660522461,-0.022778095880931725,0.46880761692321354
9.31627607345581,-0.025025945762241056,0.4684743638721761
9.328008651733398,-0.02689915399666387,0.4681966529963118
9.340738296508789,-0.028958194859957792,0.46788129613244156
9.352450132369995,-0.031017985738235502,0.4675708758269557
9.364875555038452,-0.03307702660153187,0.46725551896308515
9.376452445983887,-0.035135305618746344,0.46693522735284754
9.38816785812378,-0.03719281096317299,0.4666100028366129
9.400711059570312,-0.03943650534430322,0.4662498331418678
9.413066864013672,-0.041680199725431015,0.46588966344712307
9.425547122955322,-0.04354848464413057,0.4655805617120219
9.437039136886597,-0.04560359805470105,0.46524054980341045
9.44954228401184,-0.04765789053075956,0.46489561263361956
9.461665630340576,-0.04971135026850407,0.46454575218463096
9.473093032836914,-0.05176396546890764,0.4641909704667167
9.485430240631104,-0.05344267727073644,0.46389666969084076
9.498114585876465,-0.05568001263234345,0.4634989044779076
9.509381294250488,-0.05772913179124172,0.4631244583523701
9.521540403366089,-0.059777347491838266,0.4627451014331844
9.532994985580444,-0.061638529740384806,0.46239576913038666
9.54648232460022,-0.06349971198893377,0.46204643682758845
9.562329769134521,-0.0653591981102471,0.4616881858195984
9.574907779693604,-0.0681484272922171,0.4611508093076134
9.58662748336792,-0.06982118711791183,0.4608243727505096
9.599195003509521,-0.07223625855108064,0.46034706282746773
9.610995531082153,-0.07390743417967052,0.46001261062061166
9.622558116912842,-0.07576518143595143,0.4596454491413492
9.634966611862183,-0.07762114712937344,0.45926938562952796
9.647586107254028,-0.07947711282279787,0.4588933221177063
9.659063339233398,-0.08170208259121128,0.45843137383642957
9.67081880569458,-0.08318539577015034,0.45812340831557913
9.682654619216919,-0.0848541230964604,0.4577769471046216
9.695028305053711,-0.08670733647699605,0.4573875468140639
9.70798373222351,-0.08892892678225743,0.456909610416102
9.719189643859863,-0.09059511951120106,0.4565511581176311
9.730994701385498,-0.09226044822020021,0.4561887128786566
9.742509126663208,-0.09392490334039916,0.4558222767817622
9.755462169647217,-0.09577331663769993,0.45541069361587166
9.767484426498413,-0.09780657126473416,0.45495795213339135
9.779023170471191,-0.09965197701775046,0.454533087417491
9.790771007537842,-0.10112830162016398,0.45419319564477056
9.80330228805542,-0.10315824794848288,0.45372584445728
9.815709590911865,-0.10481632044783254,0.4533315325919302
9.827661752700806,-0.10665756772012891,0.452888993438461
9.83910608291626,-0.10831276179703181,0.4524827683431638
9.851998090744019,-0.10996697737114566,0.45207257680908336
9.86328935623169,-0.11180389688928481,0.45161240390249047
9.875468254089355,-0.11345511994781017,0.45119032728473274
9.887436389923096,-0.11547451224241015,0.45067929500707876
9.899506568908691,-0.11694045055314906,0.4502970835237742
9.911422729492188,-0.11895611573041207,0.44977154273423114
9.92302393913269,-0.12060216158608815,0.44932970645089165
9.935336589813232,-0.12206436782331291,0.44893345694783143
9.946985721588135,-0.12370934984019163,0.4484876762568884
9.96365213394165,-0.12553591509145753,0.4479879845489724
9.976353406906128,-0.1279073083777038,0.4473270090033853
9.988478183746338,-0.12954570908878318,0.44685761644889055
10.00121283531189,-0.13118297992888145,0.44638429789186196
10.012722730636597,-0.13281911149037312,0.44590705605194964
10.025104999542236,-0.1344540943721671,0.44542589367135
10.036546230316162,-0.13590638309004616,0.44499471130995794
10.048277616500854,-0.1373565879811246,0.4445565714661333
10.060812711715698,-0.13916669764770107,0.44400021239588355
10.07261610031128,-0.14061478538096273,0.4435551251396836
10.084978818893433,-0.1422414648356861,0.4430465976459878
10.096486568450928,-0.1436863144432203,0.4425911085018112
10.108894109725952,-0.14530929494705114,0.44207089648305625
10.120968103408813,-0.14675083171118952,0.4416050290056639
10.13254189491272,-0.14819011848769065,0.4411322559905251
10.145031452178955,-0.14980931611125295,0.4406003863484944
10.157567977905273,-0.15142464712080234,0.4400568865878212
10.169026374816895,-0.15285933473426855,0.43957033525381717
10.181016206741333,-0.15429167327804263,0.4390769114553705
10.192560911178589,-0.15554496950384641,0.43864516563172906
10.206132411956787,-0.15733091104209376,0.43801552665418286
10.217645645141602,-0.1587572330049312,0.43750497165500835
10.22904658317566,-0.16000310867878328,0.43705225795835634
10.24123740196228,-0.16142572229121432,0.4365314592845986
10.25276803970337,-0.16302616260519517,0.43594556077662255
10.26632285118103,-0.1644449942994416,0.4354145453604021
10.277990341186523,-0.16586126394033318,0.4348767340057959
10.289329290390015,-0.16727493897681006,0.43433213907367746
10.301421880722046,-0.1686859869174527,0.43378077308082874
10.314844608306885,-0.1699183267794856,0.43329241424730824
10.326833724975586,-0.171325373287229,0.43273091547268666
10.338690519332886,-0.17272971173636148,0.4321626776095144
10.350421667098999,-0.17413130985004563,0.4315877137179773
10.36793041229248,-0.17605469500107246,0.43078790824842605
10.379284143447876,-0.17727497567023517,0.43027015253933104
10.391327619552612,-0.17849401174010035,0.429749473227073
10.402860641479492,-0.17970927201393752,0.4292200411231423
10.416961669921875,-0.18109668652810393,0.42861164839247007
10.428833484649658,-0.18230810816102563,0.4280734908754469
10.440582752227783,-0.1836911117663243,0.42745513678870906
10.452275037765503,-0.18489863211194899,0.426908281688393
10.46553373336792,-0.18610218872564496,0.4263527572843616
10.477420091629028,-0.1873044102541117,0.42579434947430667
10.489102840423584,-0.18867375294717953,0.4251463052336902
10.500849723815918,-0.18969841806636978,0.424655354050026
10.513166427612305,-0.19089110101240414,0.42407685316317745
10.525447368621826,-0.19174002388996017,0.42365752268135826
10.536932229995728,-0.19292710527734364,0.42306761280216737
10.548834800720215,-0.19410991384848997,0.422469181711847
10.561349630355835,-0.19529128454395406,0.42186791707315247
10.5728440284729,-0.19630015572103468,0.42134527893898316
10.585156679153442,-0.19730650971760136,0.42081781016756564
10.596803903579712,-0.19847762568502095,0.42019680833447604
10.609496355056763,-0.1994775856657427,0.4196573162509555
10.621377944946289,-0.20064117478575322,0.4190223231441906
10.632893562316895,-0.20163459710994805,0.418470885244679
10.645243644714355,-0.20279049223712353,0.4178219920787332
10.656707525253296,-0.2037772342032227,0.41725868757531537
10.669398784637451,-0.204922079044996,0.4165904913660244
10.681260347366333,-0.2057363720092428,0.41610734017499396
10.692840814590454,-0.2068747574820439,0.4154281977737594
10.70514726638794,-0.2080082297144818,0.4147408866476032
10.718067646026611,-0.20929794443070543,0.41394609315265585
10.729329347610474,-0.21009921621717476,0.41344164134204464
10.741204738616943,-0.2110563644010556,0.4128294003557283
10.75268840789795,-0.21185153276062438,0.41231538149910785
10.781646013259888,-0.2143841773031755,0.4106522655631299
10.79336953163147,-0.21532178531971122,0.41001050012423934
10.805939197540283,-0.21625630586481576,0.40936424706079627
10.81852412223816,-0.21733930064199775,0.4085998661358408
10.829988479614258,-0.21810892207569946,0.40804833104737204
10.842127561569214,-0.21918081159354955,0.407268453654853
10.853701829910278,-0.22009474324878997,0.40659339765659686
10.867244243621826,-0.22100216037699452,0.4059096098045057
10.8787202835083,-0.22190297955557944,0.4052171529620053
10.890536785125732,-0.22280046866513842,0.4045203854473711
10.902570486068726,-0.2235427746366151,0.4039326015162064
10.915947437286377,-0.22442844656891192,0.4032208734083073
10.927555322647095,-0.22545773782572695,0.4023855798105366
10.93903374671936,-0.2261857423254091,0.40178017287841306
10.950793027877808,-0.22690937443758172,0.4011695464203735
10.962639331817627,-0.22777244120165027,0.4004305691325042
10.975982904434204,-0.2286283828919552,0.3996833506276276
10.987958431243896,-0.22961857713930445,0.3988020610961139
10.999193906784058,-0.23017832618780953,0.39829172180710176
11.010969877243042,-0.230871863844536,0.3976471183447098
11.02367377281189,-0.23183630185447215,0.3967377145780419
11.03627347946167,-0.23238114156706266,0.39621148755973157
11.047960996627808,-0.23319079527914083,0.3954143473350847
11.059187173843384,-0.23399276869961572,0.3946094806976358
11.072108507156372,-0.2346546181997493,0.3939323814846739
11.084240913391113,-0.23530830510008083,0.393247398607986
11.096369504928589,-0.2360828215809689,0.39241607683390284
11.108285903930664,-0.2368493316486937,0.39157736711814717
11.120697498321533,-0.23748135930381195,0.39087234999198184
11.132400512695312,-0.23810489190361975,0.3901598086233599
11.144940853118896,-0.23871983987988477,0.3894398453663056
11.156496286392212,-0.23932611489752678,0.38871256364096907
11.172777652740479,-0.24016263585520953,0.3876842696299018
11.185267686843872,-0.2408647642445091,0.3867909682271426
11.196879148483276,-0.24155829528014547,0.3858909757972658
11.208867073059082,-0.24212539170124855,0.3851327477615157
11.221387386322021,-0.24279495365439033,0.3842147834582166
11.232898235321045,-0.2433418625144938,0.3834418676777068
11.245367527008057,-0.24387946866445562,0.3826624526839143
11.256825685501099,-0.24440769487906847,0.3818766504370249
11.269474267959595,-0.2449264652805235,0.38108457381472444
11.2855544090271,-0.2456394013768163,0.37996704170850015
11.29764723777771,-0.24623433139940926,0.3789990386406075
11.309250354766846,-0.2468152781672272,0.37802257946368906
11.322381496429443,-0.24728764762084335,0.37720198504236324
11.334814548492432,-0.24775014828738473,0.37637578819023043
11.34650206565857,-0.24829322681885715,0.37537777146698365
11.358722925186157,-0.24873378430720433,0.3745396681293922
11.371544599533081,-0.24916426544818693,0.3736963448863359
11.383303165435791,-0.24966867699603376,0.372678238476558
11.39551067352295,-0.25007677455739813,0.3718238588856096
11.407246112823486,-0.2505541687259199,0.3707928077331017
11.419537544250488,-0.2509395989913993,0.36992796577327713
11.43253779411316,-0.25138964388816826,0.36888468668208235
11.445117950439453,-0.25182463790258286,0.36783504299079683
11.456645011901855,-0.2521745155306227,0.36695521701344797
11.46848201751709,-0.2525816848257444,0.3658944697125595
11.481083393096924,-0.25290824451000293,0.36500572516116264
11.492635250091553,-0.2532873060149104,0.36393461169998137
11.505246639251709,-0.2536509236677624,0.3628581573935817
11.516730785369873,-0.25399902225432996,0.36177658490629216
11.529367685317993,-0.2543869476898617,0.36050904013694207
11.541271448135376,-0.2545929429975151,0.35978011550404765
11.552867650985718,-0.2549411874387551,0.35850109959523935
11.56882381439209,-0.25522124620330905,0.3573999462182646
11.582070112228394,-0.2556175358844391,0.35574234531668714
11.594227313995361,-0.2558525024333027,0.35463069681462295
11.606478214263916,-0.25606610952707054,0.3535147471380138
11.618443965911865,-0.25623072246357664,0.3525823251915992
11.631219625473022,-0.2564094564136079,0.35146026198200153
11.642732858657837,-0.2565928390633904,0.3501474304278416
11.655072689056396,-0.25673112128626524,0.34901966728867234
11.666570901870728,-0.25685316982959816,0.3478900320270467
11.679341316223145,-0.25695353477691374,0.3467582641406976
11.691259384155273,-0.25703217922121224,0.3456247798123485
11.702780961990356,-0.25709451387242294,0.34449028165788337
11.71513819694519,-0.25714819449734033,0.3431657914629979
11.727606773376465,-0.25717515153477255,0.3420299019484013
11.73926568031311,-0.25718118436554754,0.3407043381095795
11.751133680343628,-0.2571696063484106,0.339757567781282
11.76286244392395,-0.25714209722524345,0.33862169150308574
11.77522897720337,-0.25709825488712346,0.3374863283362443
11.788070917129517,-0.2570280606554458,0.33616261059606006
11.79953646659851,-0.2569434323415739,0.3350295573229446
11.811378002166748,-0.25684251732047414,0.33389783835175585
11.8229341506958,-0.25674486660874213,0.332956046207215
11.836347579956055,-0.25659236304335514,0.33163927039167784
11.84812068939209,-0.25644272659938744,0.33051295755508725
11.859559297561646,-0.2562769071119406,0.32938891326378245
11.871565341949463,-0.25609493888073764,0.32826737002606715
11.884886503219604,-0.2558968595458658,0.3271485598329052
11.896507740020752,-0.25568271007998916,0.3260327141099234
11.908345460891724,-0.2554525347798761,0.32492006366955595
11.920106649398804,-0.25520638125723516,0.3238108386632935
11.932742357254028,-0.2549443004288649,0.32270526853406933
11.945087909698486,-0.2546663465061251,0.32160358196881333
11.956673860549927,-0.25437257698372145,0.3205060068511411
11.972877502441406,-0.2539598778425079,0.3190483580018993
11.986488342285156,-0.25357437542368383,0.3177800742123133
11.998596906661987,-0.25328385522863006,0.3168789049045348
12.010270357131958,-0.252922295369657,0.3158017576817203
12.022298097610474,-0.2525452814803469,0.3147299217808037
12.035454034805298,-0.25215289154593384,0.3136636189107882
12.04741382598877,-0.2517452067321875,0.31260306963618234
12.058910369873047,-0.25146327648980726,0.3119000187662994
12.070708513259888,-0.2510302891638798,0.3108495457077119
12.083327293395996,-0.2505822388201781,0.3098054084749973
12.095609426498413,-0.25027355836526866,0.3091136848568024
12.107606410980225,-0.24980061047552168,0.308080586621001
12.119166374206543,-0.2494754392144381,0.3073964602889681
12.130894184112549,-0.2491437234168079,0.30671548318449665
12.143550872802734,-0.24863637865953583,0.30569883527666397
12.156338214874268,-0.24811446504486478,0.30468958909755156
12.168343782424927,-0.24776008744828265,0.3040201253522655
12.179620742797852,-0.2473091121932886,0.30318758140483465
12.192639112472534,-0.24684819125321206,0.3023605022115166
12.205053329467773,-0.24647470592398232,0.3017015076014737
12.216489791870117,-0.24590502590545704,0.3007184326563496
12.228465557098389,-0.24542245951364408,0.2999037929921369
12.241079092025757,-0.24493404741439748,0.2990926445924404
12.252690553665161,-0.24434096835515323,0.2981235063666346
12.26511001586914,-0.24383901501481256,0.29732066706195304
12.27669358253479,-0.24333130132631547,0.2965214581308664
12.308401823043823,-0.24199633709519064,0.29445306133828536
12.328821182250977,-0.24083754525617188,0.29272207875543604
12.341921091079712,-0.24019420643104752,0.29178554961690395
12.353304624557495,-0.2395419176268161,0.2908552319361622
12.36549711227417,-0.2389909352803572,0.29008521469030596
12.381412267684937,-0.23799584750116692,0.28870156496151683
12.394936084747314,-0.2374338478282669,0.2879395515281206
12.408912897109985,-0.2366393969905844,0.28687841828844485
12.422162055969238,-0.23595191609077323,0.28597379589007804
12.434808015823364,-0.23525579316650969,0.28507580672224114
12.44737982749939,-0.2343218998506803,0.2838829513146178
12.459026575088501,-0.2336129341316205,0.2829950665921285
12.470799446105957,-0.23301858897143568,0.2822580035449028
12.482471466064453,-0.23241895885806613,0.2815252335727007
12.495522260665894,-0.23169309798868845,0.28065110676866556
12.506990671157837,-0.2309630547973307,0.27978046986961735
12.518857955932617,-0.2301064779406798,0.2787688217220404
12.532946109771729,-0.22911924410258486,0.2776197220319494
12.54645848274231,-0.22825060412080062,0.2766184126552373
12.558257579803467,-0.22737478604675573,0.27562337567752465
12.569535732269287,-0.2266179710110167,0.2747759072870193
12.581661701202393,-0.2258571018124863,0.2739320768929439
12.595096826553345,-0.22496471162643666,0.27295187505572793
12.606558561325073,-0.22406529574941866,0.2719781158626996
12.61838984489441,-0.2231635482934482,0.2710065154245101
12.629649877548218,-0.22238465310673997,0.27017929480136604
12.642743587493896,-0.2214713257434801,0.26921857162929197
12.655186176300049,-0.22055569808940925,0.26826004052132524
12.666688919067383,-0.2196332011823807,0.26730811860101766
12.678655862808228,-0.21870388272757785,0.2663628550952117
12.69129467010498,-0.21790538417740812,0.26555454096282943
12.703057527542114,-0.2167018373914618,0.2643478258372501
12.720967769622803,-0.21535495592542775,0.2630166824428158
12.732723474502563,-0.2142723578126858,0.2619569456475998
12.74645709991455,-0.21332064991341643,0.26103422794412406
12.758671283721924,-0.21222542856457022,0.25998754224827936
12.774774551391602,-0.21085640187851293,0.2586791851284739
12.786531925201416,-0.2097511951282416,0.2576430486567595
12.799550294876099,-0.20850226354686746,0.25648336931948135
12.811532258987427,-0.2075287130212628,0.2555837275797126
12.823328495025635,-0.20640871896480584,0.2545635932442631
12.835616827011108,-0.2054287241654101,0.2536709757007485
12.848495960235596,-0.2041659834788023,0.2525263481549216
12.860427856445312,-0.2030362597372196,0.25151699934675303
12.872261047363281,-0.20175989133357777,0.25038758801404537
12.88484787940979,-0.20076505754977944,0.24951153914071736
12.897428035736084,-0.19934087059157146,0.24826345103158307
12.908870935440063,-0.19819674733699294,0.2472704541901079
12.920681715011597,-0.1970526240824107,0.2462774573486295
12.93252968788147,-0.19590375343595695,0.2452899569756858
12.946051359176636,-0.19475016180287838,0.24430797576764485
12.957643270492554,-0.1933081722615307,0.24308049925759398
12.969103336334229,-0.19214988615558906,0.24210405978398103
12.980976819992065,-0.19113230144307766,0.2412545438990743
12.992537021636963,-0.18982136384372822,0.24016544846208288
13.006278276443481,-0.1883618699944428,0.23895883745434668
13.01807689666748,-0.18704313445758913,0.237879197308691
13.029381275177002,-0.18586862804468632,0.23692232979701702
13.041549444198608,-0.18468954779718608,0.23597110399900206
13.05493688583374,-0.1833630825187476,0.2349009749762346
13.066681623458862,-0.18217719236374658,0.23395825270052129
13.078526496887207,-0.18054659340062182,0.23266200957141686
13.090194463729858,-0.17950696520135007,0.23183961727261734
13.102783203125,-0.178018970145222,0.23066833458555505
13.115228176116943,-0.1766747362481778,0.22962061253734312
13.126980781555176,-0.17518393782763583,0.22845290003445481
13.1387300491333,-0.17398683427942632,0.22752445841339367
13.15123963356018,-0.1726351008274931,0.22648643002496685
13.162817478179932,-0.17128088303872896,0.22545164481011534
13.180190086364746,-0.16917046961417817,0.2238470331060471
13.192321062088013,-0.16780884555920528,0.22282201301200438
13.205471515655518,-0.1661416401149418,0.22157320348492568
13.217006206512451,-0.16477511764445815,0.2205547229510288
13.228731155395508,-0.16340615773709274,0.21953952098477295
13.240665912628174,-0.16173001504138054,0.21830273284935325
13.2532958984375,-0.16020355818654097,0.21718203579376447
13.26553750038147,-0.15882492733040912,0.21618000624191241
13.277309656143188,-0.1571370032119741,0.2149593460112546
13.292810440063477,-0.1552861031297132,0.2136409926555857
13.313648223876953,-0.15266399467984346,0.2117733254017212
13.340310096740723,-0.14940841248431735,0.20948955931458227
13.36607837677002,-0.14582488008010167,0.2070139973561215
13.392661809921265,-0.14223542389121202,0.2045470324657628
13.420338153839111,-0.13895270448575794,0.20230244870086392
13.432214498519897,-0.1367535207300021,0.20082183587106112
13.44368577003479,-0.13518267519017593,0.19976425527834443
13.456510782241821,-0.13345474509636632,0.19860091662635554
13.482488870620728,-0.12999331764329566,0.19628252992428763
13.496681928634644,-0.1279479286937533,0.19491257414579247
13.508527994155884,-0.12621444127903844,0.19375753275634813
13.521127700805664,-0.12447819013663083,0.19260664996527316
13.532718658447266,-0.12258109388892369,0.19135568533274305
13.54526400566101,-0.12084208899518699,0.1902089677529204
13.556698083877563,-0.11925868112893959,0.18917028977145137
13.568544149398804,-0.11751147499736006,0.18803610726317715
13.58560848236084,-0.11513263535546493,0.18648378806168073
13.598072290420532,-0.11322659230283405,0.18524649805265517
13.609351634979248,-0.11131463944491218,0.18401836004981814
13.621288299560547,-0.10972134539664534,0.1829949117141215
13.634769916534424,-0.10780939253872554,0.1817667737112858
13.646478652954102,-0.10589157381918918,0.18054781594174493
13.65849232673645,-0.10413357332628154,0.1794304379863329
13.670005559921265,-0.10205277693621308,0.17811488442489182
13.682735443115234,-0.10012913643355771,0.17690513490475934
13.695142984390259,-0.0982054959309023,0.17569538538462692
13.70659613609314,-0.0964368626968782,0.17459491470722566
13.718786239624023,-0.09434354827265976,0.17329937253836303
13.731451749801636,-0.09225334535972733,0.17199881628325564
13.743014097213745,-0.090321055121988,0.1708029312043061
13.755321264266968,-0.08854455398399105,0.16971520746410373
13.766810417175293,-0.0867706652930473,0.16862322846226985
13.779510021209717,-0.08467116394814239,0.1673377367693038
13.791400909423828,-0.08273032390005697,0.16615577797447384
13.803022384643555,-0.08078948385197365,0.16497381917964515
13.815295219421387,-0.0788486438038903,0.16379186038481652
13.828029870986938,-0.07690780375580698,0.16260990158998784
13.839577913284302,-0.07463690553489825,0.1612418208856273
13.851416826248169,-0.07269042134554939,0.16006918028189066
13.863036155700684,-0.07074393715620056,0.15889653967815395
13.875308275222778,-0.06879745296684958,0.15772389907441603
13.888010740280151,-0.06668876176172077,0.15645353842036747
13.899540185928345,-0.06473947227017066,0.15528556703242627
13.911404371261597,-0.06262774198765712,0.15402026469548952
13.922998666763306,-0.06083833202714595,0.15295391052283971
13.936531782150269,-0.05856416095367118,0.15159127723690854
13.948383808135986,-0.05660929447517454,0.1504326643869115
13.960127592086792,-0.0544915224568046,0.1491775004660822
13.972268342971802,-0.052533884325609806,0.14802357688446152
13.989259243011475,-0.04943429061788825,0.1461965312135642
14.001352787017822,-0.0473105255378118,0.1449515345571019
14.012892961502075,-0.04534737786240133,0.14380700937632335
14.025367021560669,-0.04322063454737013,0.1425671070971447
14.037979364395142,-0.040927101422878656,0.14123732164443797
14.049364805221558,-0.03879739209299452,0.14000252086692497
14.061254978179932,-0.036828779993680734,0.13886742039236233
14.072817325592041,-0.034860167894364844,0.1377323199177984
14.086452960968018,-0.03256345377849916,0.1364080360308088
14.098494529724121,-0.0302604172883096,0.13509477807129536
14.10969591140747,-0.028121883404565097,0.13387532425174875
14.12168836593628,-0.025980432556100087,0.1326610001378636
14.1350257396698,-0.02367112662379864,0.13135879828930314
14.146751880645752,-0.021691721538966372,0.1302426252762499
14.158567667007446,-0.019217465182928186,0.1288474090099346
14.170248985290527,-0.017240741322809443,0.127726494443273
14.182765483856201,-0.014928320564103939,0.12642983188960766
14.195122718811035,-0.012615899805400545,0.1251331693359436
14.206764936447144,-0.010798997780703484,0.12411436304377811
14.218579053878784,-0.008318081032722052,0.12273102467780055
14.230524063110352,-0.006170833185355575,0.12152698087797008
14.243000745773315,-0.0036899164373720324,0.12014364251199124
14.255399465560913,-0.001702535980765819,0.11904173253127348
14.267024040222168,0.00045045951389414843,0.11784799671882745
14.2787504196167,0.0026005873621432864,0.11664910346831438
14.29155945777893,0.00508481293290429,0.1152717159924154
14.303038835525513,0.007406498377653996,0.11399171589905313
14.315438508987427,0.009396514473154328,0.11289457296188507
14.329447507858276,0.012381538616400505,0.11124885855613537
14.342414855957031,0.014376791671162754,0.11016126859094166
14.354839324951172,0.017037129077510975,0.10871114863735085
14.366558074951172,0.01903238213227106,0.10762355867215832
14.382379531860352,0.02219153280230979,0.10590154122726897
14.395610570907593,0.02468885073361158,0.10454803611269246
14.407971858978271,0.02718291705206006,0.1031885486562027
14.420466423034668,0.02951374712127849,0.10192527721592934
14.432274580001831,0.031844577190492586,0.10066200577565833
14.445570230484009,0.0343418951217965,0.09930850066108056
14.457248210906982,0.036835961440247145,0.09794901320458961
14.468766689300537,0.03900030364737363,0.09677597543862425
14.48054838180542,0.04099555670213588,0.09568838547343055
14.493157148361206,0.043655894108484104,0.09423826551983973
14.505617141723633,0.045651147163244185,0.0931506755546472
14.517375707626343,0.048311484569594526,0.09170055560105511
14.528852224349976,0.05030673762435244,0.09061296563586377
14.541637659072876,0.05296707503070283,0.08916284568227176
14.553083658218384,0.05529487026125586,0.0878939907228806
14.565600156784058,0.057462018096709075,0.08672614439342599
14.57735800743103,0.05995933602801299,0.08537263927884822
14.589665174484253,0.062459891222768744,0.08402512428332268
14.601701974868774,0.06479675077363402,0.08277304162514879
14.613373279571533,0.06713361032449933,0.08152095896697496
14.626179218292236,0.06963738841471072,0.08017944183321796
14.638674259185791,0.07197724257391686,0.07893296437373354
14.65057921409607,0.0744842291730694,0.07759745280999858
14.66234302520752,0.07665417018458642,0.07643480462740902
14.674814462661743,0.07899402434379256,0.0751883271679246
14.686519861221313,0.08150101094294293,0.07385281560419081
14.698897123336792,0.08401119164608185,0.07252331728422601
14.710790157318115,0.08635104580529021,0.0712768398247405
14.72245192527771,0.08869089996449417,0.07003036236525725
14.734940767288208,0.09120426034831375,0.06870688492825786
14.748172044754028,0.09404913181186829,0.06720012016563262
14.759437322616577,0.09622737747784381,0.06605310638690057
14.771358966827393,0.09874390310076599,0.06473565743746748
14.787018299102783,0.10175993556134953,0.06314748451306829
14.800484657287598,0.1042669221604999,0.06181197294933449
14.812393188476562,0.10678344778342216,0.060494523999901566
14.824814319610596,0.1092968081672396,0.05917104656290339
14.836461544036865,0.11164556541530161,0.057941427543431824
14.84893536567688,0.11416209103822383,0.056623978593998814
14.860966682434082,0.11667545142204123,0.05530050115700056
14.872556447982788,0.11885644029524092,0.054158712067491725
14.885162830352783,0.12154409512432329,0.052759871649456835
14.897936820983887,0.12405745550814073,0.05143639421245866
14.909342765808105,0.126573981131063,0.05011894526302573
14.921451091766357,0.12892567910651062,0.04889495989724492
14.933033466339111,0.13144535550877456,0.04758354700533771
14.946465969085693,0.13396188113169677,0.0462660980559047
14.95827341079712,0.1364815575339629,0.04495468516399636
14.969496488571167,0.13866799521053663,0.04382336510477297
14.98166823387146,0.14135565003961686,0.0424245246867393
14.994925498962402,0.14370734801506668,0.041200539320957345
15.00649094581604,0.1462270244173284,0.0398891264290512
15.018471002578735,0.14874355004025064,0.03857167747961819
15.029983282089233,0.15126322644251677,0.03726026458770985
15.04221773147583,0.1536119836905788,0.03603064556823828
15.055303812026978,0.15629627768836118,0.034625366688843764
15.06683611869812,0.15847176763108012,0.03347313481154171
15.078630447387695,0.16115268537381955,0.03206142554540978
15.090285301208496,0.16333093103979507,0.030914411766677724
15.103055000305176,0.1663507617873022,0.02933347302735798
15.11535930633545,0.1685317506605019,0.028191683937849144
15.126845121383667,0.17070999632647746,0.027044670159117164
15.1387939453125,0.17339429032425985,0.025639391279722642
15.151429414749146,0.17590447102739876,0.024309892959757846
15.163288593292236,0.1785853887701382,0.022898183693625913
15.17547082901001,0.18093119179503572,0.021662938085760183
15.191261291503906,0.18410670815395866,0.019971290105031174
15.204853534698486,0.1866168888570954,0.01864179178506753
15.216548681259155,0.18929780659983705,0.01723008251893453
15.22854471206665,0.19181116698365228,0.015906605081937426
15.24032473564148,0.1939866569263734,0.014754373204634219
15.252946615219116,0.19683513202803274,0.013254432109369852
15.265298843383789,0.19934531273116943,0.011924933789406133
15.27695894241333,0.20152355839714495,0.010777920010674085
15.317410230636597,0.20940867201563645,0.006649913302450005
15.338140487670898,0.2144353927832735,0.004002958428452509
15.363092422485352,0.21930676716098293,0.0014675601707657073
15.391918897628784,0.22450758678168972,-0.0012551676580629615
15.419390678405762,0.2310587454275773,-0.00466484117702237
15.442621231079102,0.2357679958078916,-0.007101530535350539
15.462572813034058,0.2397842849329095,-0.009228727847291902
15.474988460540771,0.2421330421809716,-0.010458346866763321
15.486576080322266,0.24448179942903145,-0.011687965886233668
15.498468160629272,0.24699832505195585,-0.013005414835667818
15.511096477508545,0.24967924279469314,-0.014417124101798514
15.522862434387207,0.2521926031785127,-0.015740601538797916
15.53539752960205,0.25453543850143945,-0.016981466637430182
15.546854496002197,0.25671092844416055,-0.018133698514733388
15.559433937072754,0.2597269609047419,-0.019721871439131424
15.571317911148071,0.26190520657071525,-0.020868885217862322
15.5876624584198,0.2652521141748997,-0.022641549644481763
15.599252700805664,0.26776229487803427,-0.023971047964444245
15.612403631210327,0.27010809790293183,-0.02520629357230997
15.624929904937744,0.2726150845020844,-0.026541805136044924
15.636491775512695,0.2747905744448033,-0.027694037013347043
15.64850378036499,0.2776318259238378,-0.029207616785577283
15.661206722259521,0.2798017669353569,-0.030370264968168074
15.67275071144104,0.28246902580976163,-0.03180761429672812
15.685136556625366,0.28463617364521704,-0.032975460626183895
15.696568489074707,0.28696700371443334,-0.034238732066456
15.709294319152832,0.28980461888334136,-0.03575911815138144
15.721219778060913,0.29197176671879677,-0.03692696448083722
15.732791185379028,0.29413610892592323,-0.03810000224680258
15.745230436325073,0.2967964463322715,-0.0395501222003934
15.758115530014038,0.29912424156282674,-0.04081897715978567
15.769416570663452,0.30162479675758247,-0.0421664921553113
15.78134799003601,0.3039556268268009,-0.04342976359558466
15.793015003204346,0.30628645689601497,-0.04469303503585567
15.805368661880493,0.3086172869652269,-0.0459563064761255
15.818301439285278,0.31127414069843934,-0.04741279926214711
15.82959246635437,0.31343848290557014,-0.04858583702811482
15.841540575027466,0.31593254922401864,-0.0499453244846046
15.853058099746704,0.31809689143114944,-0.05111836225057238
15.866480827331543,0.32075722883749547,-0.05256848220416211
15.878468751907349,0.3230850240680529,-0.05383733716355556
15.889981746673584,0.32541281929860594,-0.055106192122946644
15.901942491531372,0.327740614529159,-0.05637504708233773
15.91502594947815,0.3300684097597142,-0.05764390204173
15.926701545715332,0.33239620499026945,-0.058912757001122196
15.938639640808105,0.33505654239661553,-0.06036287695471184
15.950337648391724,0.3368807238174923,-0.0613685913137833
15.962754964828491,0.33970363090902916,-0.06291611489893052
15.975087404251099,0.34185948167915525,-0.06410468641419625
15.991004228591919,0.3450061674021183,-0.06584937721700115
16.00287437438965,0.3471620181722401,-0.0670379487322645
16.01648712158203,0.3496462437430033,-0.06841533620816469
16.028334140777588,0.35196792918775077,-0.06969533630152584
16.039570331573486,0.3542896146325004,-0.07097533639488819
16.052080392837524,0.3564454654026265,-0.07216390791015392
16.06541085243225,0.35909530601143697,-0.07363312121777879
16.0769464969635,0.3610773809474688,-0.07474454626377673
16.088672876358032,0.36356160651823194,-0.07612193373967692
16.10054922103882,0.36570596202679667,-0.07733112117048256
16.11306595802307,0.3680183827855022,-0.07862778372414783
16.12563419342041,0.37017137828016217,-0.07982151953659386
16.151075839996338,0.3752848414159753,-0.08270496648697934
16.16366219520569,0.3775910192527801,-0.08401270014808435
16.176326036453247,0.3800686129228225,-0.08540198145558328
16.188428163528442,0.3820480180076526,-0.08651815446863535
16.19994282722473,0.3845222743636908,-0.08791337073495067
16.212751865386963,0.38666372521215364,-0.0891276948488346
16.22516965866089,0.38897303114445503,-0.09042989669739515
16.236682891845703,0.39094706242176314,-0.09155554637697967
16.24864435195923,0.3932500989119505,-0.09286880433649197
16.260428428649902,0.3953827620195413,-0.09409849651726868
16.273040533065796,0.3978469212093605,-0.09551146942302519
16.298301458358765,0.4016200943997153,-0.09768707866593886
16.322398900985718,0.406698632032518,-0.10063160359693243
16.33496856689453,0.4088253753475492,-0.10187150587611107
16.34649634361267,0.4109491404276235,-0.1031165025325722
16.35844087600708,0.412906778558814,-0.10427042611419036
16.37101650238037,0.4151906897118739,-0.1056166702927474
16.38691997528076,0.4177934678362534,-0.10716773090751054
16.399066925048828,0.4204036520111783,-0.10870629568300402
16.412281274795532,0.4225184092372364,-0.1099665324324989
16.4255268573761,0.4247925803107112,-0.11132916571843002
16.437512397766113,0.4272221649392102,-0.1128007945704669
16.449005842208862,0.42900644211278127,-0.11387571512389291
16.460737943649292,0.43111208212414753,-0.11515112679565846
16.473087072372437,0.4332146588429054,-0.11643158215672335
16.485610485076904,0.43532029885427376,-0.11770699382849018
16.497485637664795,0.43742287557302945,-0.11898744918955385
16.50900650024414,0.43936654327583247,-0.12016475227118566
16.522083520889282,0.4416275447241882,-0.12154912794053165
16.533504009246826,0.44373318473555445,-0.1228245396122972
16.546345949172974,0.4456740247836378,-0.12400649840712583
16.558104276657104,0.44761486483172325,-0.12518845720195582
16.570725917816162,0.44971744155048105,-0.12646891256302079
16.582468032836914,0.45165544279193093,-0.12765552027960433
16.59489607810974,0.4537549441368358,-0.12894101197257046
16.606615781784058,0.45569009543604794,-0.13013226179275336
16.61907434463501,0.45762524673525795,-0.13132351161293498
16.631004571914673,0.45988292325100255,-0.13271330306981338
16.642640829086304,0.46181234132448185,-0.13391381653606838
16.65507173538208,0.4635809745585017,-0.13501428721346703
16.666810274124146,0.46550750938142865,-0.13621942216896654
16.679434299468994,0.46775513334151386,-0.1376254129503851
16.69135880470276,0.4695211235958627,-0.13873011999292584
16.703060626983643,0.47159876054202776,-0.14005065757659557
16.71695303916931,0.4735194956713209,-0.141265014710233
16.729975700378418,0.47575353550981286,-0.1426924913452039
16.74197745323181,0.4775088525257744,-0.14381408012982616
16.7535080909729,0.47942080538369425,-0.1450422181326618
16.76608109474182,0.48133275824161614,-0.14627035613549882
16.77880334854126,0.48324471109953593,-0.14749849413833452
16.795195817947388,0.48578610183637644,-0.14914821415036814
16.806868314743042,0.48736950970262594,-0.15018689213183847
16.81884527206421,0.48959322659736165,-0.15163039714236806
16.832029342651367,0.49149331603685814,-0.15287681072013065
16.844271421432495,0.49323506468973116,-0.15401935649974707
16.856349229812622,0.4949740695834658,-0.1551660740795684
16.86807918548584,0.49686816173881826,-0.15642158257892205
16.88062596321106,0.49892009490711764,-0.15778171678655567
16.892370462417603,0.5003338558929624,-0.1587335393200015
16.904996633529663,0.5023792448425047,-0.16010349509849667
16.9164936542511,0.5041071749363123,-0.1612668337504842
16.929014444351196,0.5059891420627085,-0.16254044531610853
16.94078254699707,0.5078649817229639,-0.1638230646103337
16.952489376068115,0.5092718614681585,-0.16478502908100465
16.965087175369263,0.511144621218886,-0.16607214119771518
16.977675199508667,0.5131734442821728,-0.167466512657484
16.98921298980713,0.5147315018492249,-0.1685428439437726
17.00110673904419,0.5162843814565762,-0.16962663236645759
17.01271080970764,0.5181415806047373,-0.17093609714605182
17.026273488998413,0.5196892465615348,-0.17202731779571132
17.03806233406067,0.5213859049702771,-0.17323580837174346
17.04936170578003,0.5230854553336284,-0.17444022847732396
17.061248302459717,0.5244736303953256,-0.17542899349407676
17.072847366333008,0.5261673871005839,-0.17664154759666217
17.086508750915527,0.5280119455764883,-0.17796875922782202
17.098479509353638,0.5295490776397423,-0.1790747689204555
17.109976291656494,0.531080889702114,-0.18018813508918208
17.121971607208252,0.5327658829707194,-0.18141283787477888
17.13511896133423,0.5342950218224802,-0.18252987269613327
17.146864652633667,0.535977074559418,-0.18375861099962368
17.158631801605225,0.5376561770997401,-0.18499137776077032
17.17033553123474,0.5391745354002784,-0.18612302279843418
17.182976722717285,0.5408447295308713,-0.18736783233986504
17.199557781219482,0.5428150632377275,-0.188843698144594
17.21169137954712,0.5443279788543628,-0.189982609360196
17.223596811294556,0.5459921860326623,-0.1912354116973588
17.236828088760376,0.5475023672598677,-0.1923779461962121
17.248592615127563,0.5491575223350208,-0.19364268368102822
17.260568618774414,0.550509255786958,-0.19468071206945803
17.272342681884766,0.5520084128404626,-0.19583767384454387
17.28536057472229,0.5535075698939673,-0.1969946356196297
17.296940803527832,0.5548518037910096,-0.19804235766784015
17.308654308319092,0.5563426022115515,-0.1992100701707285
17.3206787109375,0.5579824804741463,-0.20049455392390458
17.33332395553589,0.5594704755302763,-0.2016658366109684
17.345598220825195,0.5606563656852754,-0.2026085588866802
17.358365535736084,0.562286964648404,-0.20390480201578773
17.369662523269653,0.5636185450037335,-0.2049685595152039
17.382752418518066,0.565095241264987,-0.20615405543341378
17.39512538909912,0.566419137564965,-0.20722736100367786
17.40657615661621,0.5675936439778697,-0.20818422851535334
17.419275283813477,0.5693554035972278,-0.2096195297828674
17.4322772026062,0.5705253091810791,-0.2105820170158843
17.44488787651062,0.5719819065136905,-0.2117921230569866
17.45648956298828,0.5732928441130438,-0.2128812184939812
17.468337535858154,0.5744557980701983,-0.21385209379101633
17.479973554611206,0.5757588699393836,-0.21495058819883167
17.492745637893677,0.5770593049036821,-0.21605220299715897
17.50550150871277,0.5784953932117511,-0.21728657846334018
17.516968727111816,0.5797825318731548,-0.21840369991000216
17.52872061729431,0.581066989025246,-0.21952390350074524
17.541402339935303,0.5823487572876327,-0.22064718279896559
17.552998781204224,0.5833435910714273,-0.22152323167229032
17.565601110458374,0.5846145302807106,-0.22265874908148242
17.577392101287842,0.5858827439309238,-0.22379730975078235
17.593652486801147,0.5874294426914755,-0.225192595446406
17.60648012161255,0.5886921833780815,-0.2263372229922312
17.618814706802368,0.5899466602417589,-0.22749090148243628
17.630604028701782,0.5910592894138793,-0.22851906347074416
17.643030405044556,0.5923054375817302,-0.2296817332450284
17.655412197113037,0.5934106443319979,-0.23071786971673933
17.666908979415894,0.5945108710251756,-0.2317592927683764
17.678834915161133,0.5957486260549992,-0.2329308937014668
17.691678047180176,0.5968413352848929,-0.23398020170570208
17.703505039215088,0.5979340445147884,-0.23502950970993908
17.71603274345398,0.5990217106853827,-0.23608404422819781
17.727564811706543,0.6001043087981264,-0.2371437810234155
17.740533351898193,0.6013165021175547,-0.2383418100784041
17.752295970916748,0.6022570828501241,-0.23927586777007254
17.764315128326416,0.6034635187515062,-0.24047969445033854
17.776476621627808,0.6043951003933696,-0.24142272760478334
17.788959741592407,0.6054571786274305,-0.24250302875427637
17.80085325241089,0.606514065569525,-0.24358840921313726
17.812519311904907,0.6074342780086539,-0.24454253968257966
17.82487988471985,0.6084833325043754,-0.2456354922953955
17.83741855621338,0.6095271352052445,-0.2467334616349095
17.848976612091064,0.6105656621208532,-0.24783642246576582
17.860891342163086,0.611593565980303,-0.24894929011494182
17.872750520706177,0.612492981857321,-0.24992304930797013
17.88518261909485,0.6135128563556659,-0.25104327997907666
17.897681713104248,0.6144005370872816,-0.2520277487721612
17.91194176673889,0.6154123294836348,-0.25315528453458136
17.92366051673889,0.6164187047177876,-0.254287657987528
17.93630337715149,0.6171694059241127,-0.2551405468255685
17.948757886886597,0.6182893115238705,-0.25642526380135994
17.960636377334595,0.6191531411322059,-0.2574307260301924
17.97237205505371,0.6198914985345877,-0.25829432316866613
17.984954833984375,0.620748075391237,-0.2593059713162412
18.001437664031982,0.6220826579477831,-0.2609053426390012
18.01316237449646,0.6228043198122428,-0.261782939257392
18.025606632232666,0.6235217660853553,-0.262663985519758
18.03745675086975,0.6243538493096152,-0.26369587378587545
18.05021095275879,0.6251784905698028,-0.26473371899487125
18.061979055404663,0.6258789105566748,-0.26562836055058875
18.07342839241028,0.6265750334809354,-0.26652634971842176
18.08594036102295,0.6272668433431333,-0.2674276658592945
18.098761081695557,0.6281834845428825,-0.2686338290571182
18.110533237457275,0.6288622602152955,-0.2695450015203582
18.122389793395996,0.6295366598227793,-0.2704594176404388
18.134979486465454,0.6302066678651569,-0.27137705640072285
18.147557258605957,0.6309832024562012,-0.2724513700954838
18.159191370010376,0.6315323374392198,-0.27322270586896114
18.170993328094482,0.6321846262434526,-0.27415302354970494
18.182571172714233,0.6327207419310544,-0.274933464498479
18.195703983306885,0.6334686826638877,-0.27602787783265154
18.20752763748169,0.63410301236512,-0.27697053232999747
18.219213485717773,0.6347328155837292,-0.27791621704334624
18.231139421463013,0.6352500713605451,-0.2787092836019443
18.24360466003418,0.6359662264541461,-0.2798247555952048
18.256276607513428,0.6364720229291834,-0.2806251792523172
18.268226385116577,0.6369720503703749,-0.2814292194646703
18.28830599784851,0.6375651294296178,-0.282398357690474
18.311349868774414,0.6388400526130384,-0.2845042935077104
18.336122035980225,0.6398801427418869,-0.2863090959213214
18.359405040740967,0.6408985275323562,-0.2881262342338432
18.383629322052002,0.6418862797887861,-0.2899602038923223
18.415567636489868,0.6429397719048838,-0.2919736688277627
18.4328396320343,0.6437853465003354,-0.2936680820074802
18.445239782333374,0.6442731033919612,-0.2946942715055307
18.456716775894165,0.6445120510146146,-0.2952096810043142
18.47299551963806,0.6450609328312824,-0.2964162814506802
18.496390342712402,0.6458326339685571,-0.29814559049616973
18.508546352386475,0.6463436554790739,-0.29936870655837655
18.520541429519653,0.6466981738418439,-0.30024667286495077
18.53303360939026,0.6469767303383936,-0.3009510672611844
18.545356273651123,0.6473164676831819,-0.3018348583233548
18.556840181350708,0.6475797642186029,-0.30254509780525307
18.568650722503662,0.6480345691648296,-0.303790211593922
18.581422567367554,0.6482859117577038,-0.3045047688612021
18.593008756637573,0.6485303915379996,-0.3052217031847201
18.605329990386963,0.6488273846526087,-0.30612076002101885
18.616812705993652,0.6489991025815018,-0.30666229106417764
18.629415035247803,0.649390680867123,-0.30792871213636325
18.641420364379883,0.6496057506096038,-0.30865501110585236
18.653087854385376,0.649865870630151,-0.30956542072790527
18.665392637252808,0.6501194370451246,-0.31047767736845006
18.676880598068237,0.6503135288589925,-0.3112098614675706
18.689393997192383,0.6505005914837962,-0.31194387288547704
18.701580286026,0.6506770782821893,-0.31268049870447095
18.713041305541992,0.6508888480707474,-0.3136033538727775
18.725337266921997,0.6510895421898172,-0.31452868082882934
18.73796534538269,0.6512412138862858,-0.31527081348792885
18.749260425567627,0.6514219002229978,-0.31620025447731237
18.761342525482178,0.6515914341913811,-0.3171317942448959
18.772843837738037,0.6517181199890643,-0.3178785980316278
18.78647255897522,0.6518376395208556,-0.31862658216831263
18.8027184009552,0.6520342385073165,-0.3199374996807297
18.815215826034546,0.6521589355439561,-0.32087609371122106
18.826868295669556,0.6522496867359918,-0.3216281106048874
18.8393816947937,0.6523541074785787,-0.3225691761783403
18.851217031478882,0.6524472420093287,-0.3235114256485989
18.862725257873535,0.6525127099617047,-0.3242660640616309
18.875144958496094,0.6525709393428751,-0.32502129550058456
18.88797426223755,0.6526346711637475,-0.3259659892922594
18.899280309677124,0.6526870762108383,-0.3269113790616456
18.911325693130493,0.6527199328072474,-0.3276681390178324
18.922868490219116,0.6527583315812163,-0.32880369932243525
18.936363458633423,0.6527730404390832,-0.32956102939361426
18.948352098464966,0.6527823489540486,-0.3305078247551205
18.959550380706787,0.6527803094166831,-0.3314546636776982
18.97136425971985,0.6527669221199588,-0.3324014101513157
18.98475193977356,0.6527421889869132,-0.3333479281792214
18.9964439868927,0.6527133286536806,-0.334104851073829
19.008525371551514,0.6526591539451964,-0.33523976815106094
19.019996166229248,0.6526121596982506,-0.3359957818599087
19.0319881439209,0.6525443586543838,-0.3369401923233573
19.045339584350586,0.6524494206845831,-0.3380724283646122
19.05682611465454,0.6523752794463124,-0.33882626406554656
19.068716049194336,0.6522532309029797,-0.3399558993271697
19.08042860031128,0.6521610427543967,-0.34070774141994753
19.09291386604309,0.6520119537623643,-0.34183412685295295
19.105250358581543,0.6518742261488594,-0.3427708974809612
19.11672806739807,0.6517252811904999,-0.34370595015562716
19.12866520881653,0.6515331121011366,-0.3448257906408416
19.141353607177734,0.6513595665601433,-0.34575659139837356
19.152870655059814,0.651137940043186,-0.3468709761426219
19.16522526741028,0.6509399145713292,-0.3477968778747252
19.176873683929443,0.6507308063495953,-0.3487203397616615
19.193573474884033,0.6504666132288424,-0.3498254070293782
19.20635199546814,0.6501398780035286,-0.3511100859691857
19.21849822998047,0.6498911319740713,-0.35202366876119195
19.230217933654785,0.649579518982009,-0.35311631189342224
19.242916345596313,0.6492522239332261,-0.35420436043198505
19.255202531814575,0.6489093145286269,-0.35528758931429455
19.266668558120728,0.6486703459755053,-0.3560063794212317
19.278473615646362,0.6483015718567499,-0.3570810781327609
19.291229009628296,0.6479173796680348,-0.3581503620208692
19.302914142608643,0.6475178488794294,-0.3592140099044204
19.31531262397766,0.6471030621337833,-0.3602718017681007
19.326781272888184,0.6468164241976887,-0.3609729464613011
19.339293003082275,0.6463030662162681,-0.3621950837157687
19.351195573806763,0.6459217865309365,-0.3630617635335615
19.362931728363037,0.6454518191356482,-0.36409622103322187
19.375243663787842,0.6450478222571324,-0.36495254727196824
19.386744260787964,0.6446335912875949,-0.36580397008637755
19.399354457855225,0.6441243046182846,-0.3668196465898445
19.412387132644653,0.6436004632630588,-0.3678278935366721
19.425063848495483,0.6431518901924946,-0.36866173423212023
19.43669891357422,0.6426016488287823,-0.36965581979829976
19.45129704475403,0.6419430873177457,-0.37080623390723055
19.46301507949829,0.6413621405499266,-0.37178269308415113
19.47557258605957,0.6408663655311009,-0.3725893623073922
19.487518072128296,0.6403609581545527,-0.37339003170780416
19.500138521194458,0.6398459910202516,-0.3741845862720793
19.511958122253418,0.639321538101387,-0.3749729118652926
19.523283004760742,0.638680902060222,-0.37591129192368405
19.535555362701416,0.6381358474998257,-0.37668551645908477
19.54846501350403,0.6375815529721269,-0.3774531528844738
19.560338735580444,0.6369054071250414,-0.37836627854104876
19.572147846221924,0.6364459348587123,-0.37896848317710685
19.58354926109314,0.6357480971268109,-0.37986514039765823
19.600846529006958,0.6349189924011652,-0.3808994233568871
19.61262273788452,0.634314462466047,-0.3816281562726845
19.625152349472046,0.6337012420543856,-0.3823495915308626
19.63656997680664,0.6332037838133613,-0.3829208187060292
19.649052143096924,0.632575143353791,-0.38362885774281447
19.66107416152954,0.6319380621664167,-0.3843293116425927
19.672616481781006,0.6314217178458241,-0.3848835261586488
19.685046672821045,0.6307696747711872,-0.38557007399663146
19.69795536994934,0.6299774053128282,-0.386384494512445
19.70920443534851,0.6294440441130067,-0.386922352316829
19.721211671829224,0.628770926954693,-0.3875882512552642
19.732757329940796,0.6282260872421043,-0.3881144782735728
19.748370885849,0.6275387619990557,-0.3887657018260407
19.75962519645691,0.6269826973431655,-0.38928005315119235
19.771673440933228,0.6261412412088387,-0.3900435472541364
19.783515214920044,0.6255778367140798,-0.39054984811577986
19.79668617248535,0.6247254871107204,-0.39130116151569033
19.808554649353027,0.6238695454204174,-0.3920483800205653
19.820351362228394,0.6232941675777032,-0.3925410315458131
19.83217144012451,0.622427567990573,-0.3932758627011256
19.84431791305542,0.6215574554980133,-0.3940065308347702
19.8569815158844,0.6206838500983959,-0.3947330191533175
19.86876344680786,0.6198033192004256,-0.3954510978460429
19.880537748336792,0.6190666830920145,-0.39604597207544795
19.892297983169556,0.618325788208757,-0.39663553367272475
19.905556201934814,0.6172865598486929,-0.3974584311763529
19.917341232299805,0.6163907435137922,-0.3981573480278822
19.928802490234375,0.6156414462410278,-0.39873619317302317
19.94055485725403,0.6147373176975425,-0.3994243234281941
19.953327894210815,0.613829900569336,-0.4001081112802868
19.965960025787354,0.6129192157121749,-0.40078754101335357
19.97750687599182,0.6120020582643515,-0.40145820776153995
19.988927125930786,0.6109283024101102,-0.40223551352590925
