0.00985097885131836,0
0.029343605041503906,1
0.04090261459350586,3
0.052850961685180664,7
0.0636756420135498,12
0.07628631591796875,17
0.08758926391601562,24
0.09885382652282715,32
0.10999488830566406,40
0.12336444854736328,49
0.1344165802001953,58
0.14576101303100586,66
0.15691137313842773,76
0.17359185218811035,89
0.1853039264678955,100
0.1961803436279297,108
0.20754551887512207,119
0.21947216987609863,131
0.23018908500671387,140
0.2433605194091797,151
0.25426483154296875,160
0.26560330390930176,170
0.27769017219543457,182
0.2887270450592041,192
0.30005478858947754,203
0.31268954277038574,214
0.32405900955200195,224
0.3361196517944336,233
0.34757494926452637,243
0.3588898181915283,252
0.37138962745666504,261
0.38689684867858887,275
0.4095945358276367,290
0.4312708377838135,302
0.45139265060424805,311
0.46952128410339355,320
0.48623108863830566,325
0.4975547790527344,330
0.5093073844909668,334
0.5201354026794434,337
0.532855749130249,340
0.5442047119140625,342
0.5554618835449219,344
0.5700101852416992,347
0.5833375453948975,349
0.5943124294281006,350
0.6063251495361328,352
0.6177017688751221,352
0.6297454833984375,354
0.6414813995361328,354
0.6536073684692383,355
0.6648309230804443,355
0.6772947311401367,356
0.688180685043335,356
0.6996526718139648,356
0.7108969688415527,356
0.723243236541748,356
0.7348475456237793,356
0.7461724281311035,356
0.7575328350067139,356
0.7686114311218262,356
0.7814426422119141,356
0.793454647064209,356
0.8052031993865967,356
0.8158366680145264,356
0.8282723426818848,356
0.8397073745727539,356
0.8501060009002686,356
0.8629131317138672,356
0.8736410140991211,356
0.8860924243927002,356
0.8975276947021484,356
0.9085917472839355,356
0.9198229312896729,356
0.9333055019378662,356
0.943798303604126,356
0.9549036026000977,356
0.9701759815216064,356
0.9838516712188721,356
0.9953665733337402,356
1.0069687366485596,356
1.018824577331543,356
1.0401105880737305,356
1.0598082542419434,356
1.077547311782837,356
1.096195936203003,356
1.1145124435424805,356
1.1329176425933838,356
1.149848461151123,356
1.167738914489746,356
1.1854617595672607,356
1.2044978141784668,356
1.221407175064087,356
1.2329175472259521,356
1.2441234588623047,356
1.2593650817871094,356
1.2763772010803223,356
1.2937366962432861,356
1.3047130107879639,356
1.3161673545837402,356
1.3279688358306885,356
1.3393642902374268,356
1.3508844375610352,356
1.3635339736938477,356
1.3794543743133545,356
1.3909530639648438,356
1.4034266471862793,356
1.4149105548858643,356
1.4274318218231201,356
1.438739538192749,356
1.4500658512115479,356
1.4616332054138184,356
1.4743688106536865,356
1.4856250286102295,356
1.4967923164367676,356
1.5079319477081299,356
1.5193140506744385,356
1.5317282676696777,356
1.5434589385986328,356
1.5548045635223389,356
1.5658700466156006,356
1.5780763626098633,356
1.5894150733947754,356
1.6001887321472168,356
1.6123316287994385,356
1.6238467693328857,356
1.63557767868042,356
1.6473274230957031,356
1.6580562591552734,356
1.6694061756134033,356
1.6817116737365723,356
1.6934616565704346,356
1.705233097076416,356
1.7160084247589111,356
1.7274248600006104,356
1.7396674156188965,356
1.750915288925171,356
1.762937068939209,356
1.777688980102539,356
1.7898101806640625,356
1.8017828464508057,356
1.8134164810180664,356
1.8240766525268555,356
1.8373935222625732,356
1.8481967449188232,356
1.859673023223877,356
1.8715910911560059,356
1.884117603302002,356
1.8947770595550537,356
1.9062061309814453,356
1.917656421661377,356
1.92854905128479,356
1.9406459331512451,356
1.9517543315887451,356
1.963665246963501,356
1.975208044052124,356
1.9873268604278564,356
1.9982881546020508,356
2.010037899017334,356
2.021709680557251,356
2.0382416248321533,356
2.049569845199585,356
2.0612006187438965,356
2.0732874870300293,356
2.084203004837036,356
2.0960400104522705,356
2.1076998710632324,356
2.1186561584472656,356
2.1300790309906006,356
2.1433842182159424,356
2.1542508602142334,356
2.1655187606811523,356
2.1798431873321533,356
2.192856788635254,356
2.204241991043091,356
2.2153618335723877,356
2.226116180419922,356
2.2381656169891357,356
2.24946665763855,356
2.260867118835449,356
2.273280143737793,356
2.2838330268859863,356
2.29630708694458,356
2.30768084526062,356
2.3185880184173584,356
2.3297696113586426,356
2.34358549118042,356
2.3543598651885986,356
2.365786552429199,356
2.376779079437256,356
2.388126850128174,356
2.401566505432129,356
2.4137918949127197,356
2.425206184387207,356
2.4357798099517822,356
2.4480459690093994,356
2.459552526473999,356
2.4708032608032227,356
2.4828031063079834,356
2.494143009185791,356
2.5048410892486572,356
2.517495632171631,356
2.5286130905151367,356
2.5398762226104736,356
2.553267478942871,356
2.563746452331543,356
2.5783944129943848,356
2.590118885040283,356
2.6034395694732666,356
2.614607810974121,356
2.625800609588623,356
2.6376943588256836,356
2.6498026847839355,356
2.6615428924560547,356
2.6733860969543457,356
2.684018611907959,356
2.6965596675872803,356
2.707770586013794,356
2.7188029289245605,356
2.729825496673584,356
2.7416207790374756,356
2.754542350769043,356
2.7656922340393066,356
2.7774484157562256,356
2.7883079051971436,356
2.8005406856536865,356
2.812345266342163,356
2.823418378829956,356
2.834726572036743,356
2.8459115028381348,356
2.8579423427581787,356
2.8692615032196045,356
2.8801238536834717,356
2.891615629196167,356
2.9043142795562744,356
2.915712833404541,356
2.9274513721466064,356
2.938540458679199,356
2.949892044067383,356
2.9633634090423584,356
2.9779069423675537,356
2.989422559738159,356
3.0036022663116455,356
