0.023318052291870117,0
0.027288198471069336,0
0.038930416107177734,1
0.0517425537109375,5
0.06324315071105957,8
0.07564663887023926,15
0.08709192276000977,20
0.09866189956665039,27
0.11057901382446289,34
0.12348580360412598,42
0.13529372215270996,48
0.14667201042175293,55
0.16328883171081543,65
0.17571735382080078,74
0.1873915195465088,80
0.19890403747558594,87
0.21079730987548828,95
0.22386598587036133,101
0.23578643798828125,107
0.2471468448638916,113
0.2587854862213135,119
0.2705049514770508,125
0.28366708755493164,132
0.2952878475189209,136
0.3066368103027344,142
0.31786298751831055,147
0.3307526111602783,153
0.343034029006958,157
0.3549809455871582,162
0.36669087409973145,167
0.37879037857055664,172
0.390552282333374,177
0.4028913974761963,181
0.4145388603210449,185
0.4268984794616699,189
0.4383707046508789,193
0.4498758316040039,198
0.462374210357666,202
0.4738502502441406,205
0.48642992973327637,209
0.4975435733795166,213
0.5090620517730713,215
0.5213363170623779,219
0.5343654155731201,223
0.5457303524017334,226
0.562432050704956,231
0.5738091468811035,233
0.5868105888366699,237
0.5985963344573975,239
0.6103551387786865,242
0.6226067543029785,245
0.6349649429321289,248
0.6464295387268066,250
0.657421350479126,253
0.6691925525665283,255
0.6829080581665039,258
0.694448709487915,260
0.7059006690979004,262
0.717404842376709,264
0.7289326190948486,266
0.742403507232666,269
0.753849983215332,271
0.7653028964996338,273
0.7767934799194336,275
0.7889878749847412,277
0.8008401393890381,279
0.8132429122924805,280
0.8245849609375,282
0.837024450302124,283
0.847984790802002,285
0.8592395782470703,287
0.8717830181121826,289
0.8831765651702881,290
0.8958327770233154,291
0.9073383808135986,293
0.9188110828399658,294
0.9304900169372559,296
0.9438445568084717,297
0.9589731693267822,299
0.9728634357452393,301
0.9874107837677002,302
0.9989867210388184,303
1.0118517875671387,305
1.0232775211334229,305
1.0344622135162354,307
1.0467045307159424,308
1.0578231811523438,309
1.0691277980804443,310
1.0817785263061523,311
1.093627691268921,312
1.1051390171051025,313
1.116581916809082,313
1.1274771690368652,314
1.1403255462646484,315
1.1525487899780273,316
1.163715124130249,317
1.175058126449585,318
1.1866273880004883,319
1.1989150047302246,319
1.2117714881896973,320
1.223078966140747,321
1.2346444129943848,322
1.2467801570892334,323
1.2580451965332031,323
1.269275188446045,324
1.2818477153778076,325
1.2942631244659424,325
1.3054218292236328,326
1.316843032836914,326
1.328357458114624,327
1.339855432510376,328
1.3531224727630615,328
1.3684673309326172,329
1.3804564476013184,329
1.392561674118042,330
1.4046306610107422,331
1.4159915447235107,331
1.4275426864624023,331
1.4390714168548584,332
1.452650547027588,333
1.4638218879699707,333
1.475137710571289,333
1.486557960510254,334
1.4987616539001465,334
1.5104680061340332,335
1.5227186679840088,335
1.533726453781128,335
1.544905424118042,336
1.5573241710662842,336
1.5688586235046387,337
1.5805630683898926,337
1.592827558517456,337
1.6051363945007324,337
1.6169514656066895,338
1.6283299922943115,338
1.6398494243621826,338
1.6529369354248047,338
1.664677381515503,339
1.675940990447998,339
1.6874487400054932,339
1.6989068984985352,340
1.7123486995697021,340
1.7238237857818604,340
1.7352254390716553,341
1.746541976928711,341
1.7632298469543457,341
1.774796485900879,341
1.7865121364593506,341
1.797703504562378,341
1.8104398250579834,342
1.8224689960479736,342
1.833914041519165,342
1.8453643321990967,343
1.857442855834961,343
1.8690247535705566,343
1.8808491230010986,343
1.8928399085998535,343
1.9049510955810547,343
1.916611671447754,343
1.9274563789367676,343
1.938875436782837,343
1.9519896507263184,343
1.965259313583374,343
1.9766793251037598,343
1.9878602027893066,343
1.999279260635376,343
2.012789487838745,343
2.0243921279907227,343
2.0356335639953613,343
2.04705810546875,343
2.0591628551483154,343
2.0717875957489014,343
2.0833847522735596,343
2.0947885513305664,343
2.1065335273742676,343
2.118429183959961,343
2.130784034729004,343
2.1430492401123047,343
2.1544878482818604,343
2.1702988147735596,343
2.1828064918518066,343
2.1939730644226074,343
2.2057063579559326,343
2.2179112434387207,343
2.2292165756225586,343
2.2420241832733154,343
2.253614664077759,343
2.2656784057617188,343
2.2770633697509766,343
2.2884676456451416,343
2.2996878623962402,343
2.312892198562622,343
2.324606418609619,343
2.3364219665527344,343
2.3473880290985107,343
2.358876943588257,343
2.3725197315216064,343
2.383681297302246,343
2.3951332569122314,343
2.4066174030303955,343
2.4187591075897217,343
2.4308395385742188,343
2.4428117275238037,343
2.4538841247558594,343
2.465911388397217,343
2.47737193107605,343
2.488856792449951,343
2.5006778240203857,343
2.51295804977417,343
2.525123119354248,343
2.5365686416625977,343
2.54742693901062,343
2.5588903427124023,343
2.575882911682129,343
2.587463855743408,343
2.598923444747925,343
2.610769271850586,343
2.6237165927886963,343
2.6351253986358643,343
2.646548271179199,343
2.65740966796875,343
2.6699318885803223,343
2.6823010444641113,343
2.6937928199768066,343
2.70509672164917,343
2.7165563106536865,343
2.728743314743042,343
2.7403903007507324,343
2.752683401107788,343
2.763760566711426,343
2.7759203910827637,343
2.7874343395233154,343
2.7988991737365723,343
2.8113350868225098,343
2.8236539363861084,343
2.83512806892395,343
2.846606492996216,343
2.857375144958496,343
2.8688783645629883,343
2.8823437690734863,343
2.8936853408813477,343
2.9051156044006348,343
2.916597843170166,343
2.928766965866089,343
2.940822124481201,343
2.952852725982666,343
2.9685020446777344,343
2.989131212234497,343
3.0024161338806152,343
