0.01598358154296875,0
0.023868322372436523,1
0.04499554634094238,5
0.05670905113220215,9
0.06762051582336426,15
0.07903671264648438,20
0.09255170822143555,29
0.1038367748260498,37
0.11559534072875977,46
0.1270430088043213,53
0.13916850090026855,62
0.1551666259765625,74
0.167280912399292,84
0.1790904998779297,95
0.1929020881652832,105
0.20447587966918945,114
0.21589255332946777,123
0.22759079933166504,132
0.24029541015625,142
0.2527933120727539,150
0.2639272212982178,158
0.2754206657409668,166
0.28670644760131836,174
0.2991902828216553,181
0.31241798400878906,190
0.3238551616668701,197
0.33530259132385254,203
0.3495786190032959,212
0.3623325824737549,218
0.37373948097229004,224
0.38518810272216797,229
0.3975982666015625,235
0.4092674255371094,240
0.42196130752563477,246
0.43367505073547363,250
0.4459552764892578,255
0.4577324390411377,259
0.46952223777770996,263
0.4819812774658203,267
0.4946908950805664,270
0.5059456825256348,274
0.517575740814209,277
0.5297081470489502,280
0.542029619216919,283
0.5576376914978027,286
0.5698080062866211,289
0.5827686786651611,291
0.5939016342163086,293
0.6066324710845947,296
0.6177012920379639,297
0.6292269229888916,299
0.642033576965332,301
0.6545388698577881,302
0.6656310558319092,304
0.6771683692932129,305
0.6887538433074951,306
0.7024600505828857,308
0.713768720626831,309
0.7252612113952637,310
0.7366828918457031,311
0.7487602233886719,312
0.7606725692749023,313
0.7728307247161865,314
0.7839357852935791,314
0.7955186367034912,315
0.807506799697876,316
0.8190677165985107,316
0.8323042392730713,316
0.8436934947967529,317
0.8559656143188477,317
0.8675537109375,318
0.8790173530578613,318
0.8918068408966064,318
0.9044444561004639,318
0.9158332347869873,318
0.9274299144744873,319
0.9389889240264893,319
0.9559435844421387,319
0.967646598815918,319
0.9807441234588623,319
0.9928624629974365,319
1.0053062438964844,319
1.016749382019043,319
1.0279805660247803,319
1.0396642684936523,319
1.052295207977295,319
1.0647773742675781,319
1.0760016441345215,319
1.0874905586242676,319
1.0991544723510742,319
1.1127629280090332,319
1.1238880157470703,319
1.1352448463439941,319
1.146641731262207,319
1.160539150238037,319
1.173008680343628,319
1.1847295761108398,319
1.196406364440918,319
1.2084670066833496,319
1.22001051902771,319
1.232801914215088,319
1.2439031600952148,319
1.2554759979248047,319
1.2675411701202393,319
1.2790381908416748,319
1.2917332649230957,319
1.3033251762390137,319
1.3152382373809814,319
1.3266651630401611,319
1.33795166015625,319
1.3519394397735596,319
1.3667800426483154,319
1.3785655498504639,319
1.391374111175537,319
1.4029450416564941,319
1.4150137901306152,319
1.4267356395721436,319
1.4378032684326172,319
1.4492437839508057,319
1.4630200862884521,319
1.4746427536010742,319
1.4864740371704102,319
1.4974994659423828,319
1.5090584754943848,319
1.5224792957305908,319
1.5339372158050537,319
1.5453872680664062,319
1.5568428039550781,319
1.5690693855285645,319
1.5817077159881592,319
1.5929524898529053,318
1.604560136795044,318
1.6167683601379395,318
1.627744197845459,318
1.6392457485198975,317
1.651937484741211,317
1.6648635864257812,316
1.6765625476837158,316
1.687546730041504,315
1.699016809463501,315
1.7117373943328857,314
1.7239272594451904,314
1.7357897758483887,313
1.747556447982788,312
1.7639625072479248,312
1.7767512798309326,311
1.788590669631958,310
1.8002605438232422,310
1.8125524520874023,309
1.8247275352478027,308
1.8364810943603516,308
1.8479030132293701,307
1.8598215579986572,306
1.8730778694152832,306
1.8848161697387695,305
1.8959763050079346,305
1.9075028896331787,304
1.920346975326538,303
1.9325957298278809,303
1.9437439441680908,302
1.955165147781372,302
1.9667508602142334,301
1.9797956943511963,300
1.9958605766296387,299
2.00758695602417,299
2.0246095657348633,298
2.044464349746704,297
2.060025930404663,296
2.079772710800171,295
2.098778486251831,294
2.116687774658203,293
2.1338741779327393,292
2.159909725189209,290
2.178699254989624,290
2.1985154151916504,288
2.210581064224243,288
2.222759962081909,287
2.239088296890259,286
2.2582759857177734,285
2.2729580402374268,285
2.284759044647217,284
2.2965474128723145,283
2.308645486831665,283
2.320513963699341,282
2.332603931427002,282
2.3437540531158447,281
2.355833053588867,280
2.3672540187835693,280
2.378819704055786,279
2.3918681144714355,278
2.4039483070373535,278
2.415722370147705,277
2.427215814590454,276
2.438796281814575,276
2.4526681900024414,275
2.46378231048584,275
2.4752984046936035,274
2.4866204261779785,274
2.4975569248199463,273
2.5103917121887207,272
2.5228798389434814,272
2.5342466831207275,271
2.5455551147460938,270
2.5630812644958496,270
2.574974298477173,269
2.586665630340576,269
2.597600221633911,268
2.610261917114258,268
2.6227078437805176,267
2.6343624591827393,267
2.6454849243164062,266
2.657771587371826,266
2.6694793701171875,265
2.682323694229126,264
2.693781614303589,264
2.70519757270813,264
2.7175984382629395,263
2.7290639877319336,262
2.7419590950012207,262
2.7537951469421387,261
2.7663817405700684,261
2.7775821685791016,260
2.7892026901245117,260
2.8023359775543213,259
2.8148303031921387,259
2.8266403675079346,258
2.8375141620635986,258
2.8490445613861084,257
2.8629372119903564,256
2.8744518756866455,256
2.885857343673706,256
2.897221803665161,255
2.9088473320007324,254
2.9226953983306885,254
2.9339542388916016,253
2.9457709789276123,253
2.957233190536499,252
2.9751296043395996,252
2.986717462539673,251
2.9984359741210938,250
