0.008470535278320312,0
0.01244044303894043,1
0.02458977699279785,2
0.038454294204711914,5
0.05014324188232422,9
0.06231188774108887,15
0.07425355911254883,21
0.08917689323425293,29
0.10079121589660645,33
0.11259961128234863,39
0.12469482421875,46
0.13848495483398438,52
0.15013623237609863,57
0.1654353141784668,65
0.17837834358215332,70
0.19057035446166992,75
0.202345609664917,80
0.21413660049438477,85
0.2260448932647705,90
0.23909521102905273,95
0.25069355964660645,99
0.26224470138549805,104
0.2734832763671875,109
0.2852811813354492,114
0.2986607551574707,117
0.3102686405181885,121
0.32219791412353516,125
0.333420991897583,129
0.3463015556335449,134
0.35879993438720703,137
0.3703594207763672,141
0.38215112686157227,145
0.39466357231140137,149
0.4074411392211914,153
0.41927337646484375,156
0.43082523345947266,159
0.44311046600341797,163
0.454681396484375,165
0.46736574172973633,169
0.47913646697998047,172
0.4924125671386719,175
0.5042028427124023,178
0.5175209045410156,182
0.5294902324676514,185
0.5426697731018066,187
0.5586915016174316,191
0.570326566696167,193
0.5822553634643555,196
0.5948121547698975,199
0.6079213619232178,201
0.6193068027496338,204
0.6308050155639648,205
0.6430320739746094,208
0.6552579402923584,210
0.6681222915649414,213
0.6794829368591309,215
0.6911969184875488,217
0.7035586833953857,219
0.715376615524292,220
0.7280645370483398,222
0.7394094467163086,224
0.752037763595581,226
0.7631196975708008,227
0.7746288776397705,229
0.7877998352050781,231
0.8002889156341553,233
0.8123366832733154,234
0.8241286277770996,235
0.8361737728118896,237
0.8490962982177734,239
0.8607182502746582,240
0.8722188472747803,241
0.8835620880126953,242
0.8955583572387695,244
0.9087932109832764,245
0.9202501773834229,246
0.932199239730835,247
0.9433836936950684,248
0.9612393379211426,249
0.9730546474456787,251
0.9854071140289307,251
0.9986789226531982,252
1.0101776123046875,253
1.0220377445220947,254
1.0330567359924316,255
1.044785976409912,256
1.058389663696289,257
1.0699858665466309,257
1.0819172859191895,258
1.0930705070495605,258
1.1054563522338867,259
1.118046760559082,259
1.1293020248413086,260
1.1407198905944824,261
1.1529557704925537,261
1.1646761894226074,261
1.1779999732971191,262
1.1893644332885742,262
1.2019102573394775,263
1.21309232711792,263
1.2246308326721191,263
1.2374541759490967,264
1.2492365837097168,264
1.262333869934082,265
1.2741060256958008,265
1.2860019207000732,265
1.298438310623169,265
1.3108429908752441,265
1.3223319053649902,265
1.3339262008666992,266
1.345130443572998,266
1.3622243404388428,266
1.3734605312347412,266
1.3858020305633545,266
1.3983557224273682,265
1.410717487335205,265
1.4221577644348145,265
1.4332716464996338,265
1.445042371749878,265
1.4584789276123047,265
1.4703428745269775,265
1.4821910858154297,265
1.493215799331665,265
1.5050687789916992,265
1.5183053016662598,265
1.529433250427246,265
1.5412917137145996,265
1.552830696105957,265
1.565342903137207,265
1.5780980587005615,265
1.5893609523773193,265
1.600898265838623,265
1.6132512092590332,265
1.6252048015594482,265
1.637573480606079,265
1.649249792098999,265
1.6613757610321045,265
1.673058271408081,265
1.6847593784332275,265
1.6978907585144043,265
1.7093870639801025,265
1.7221918106079102,265
1.7333145141601562,265
1.745128870010376,265
1.762355089187622,265
1.7740721702575684,265
1.7862558364868164,265
1.7985608577728271,265
1.8102657794952393,265
1.8225517272949219,265
1.8342106342315674,265
1.846137285232544,264
1.8585703372955322,264
1.8707399368286133,263
1.8822813034057617,263
1.893906831741333,263
1.9053621292114258,262
1.9190149307250977,262
1.9303903579711914,261
1.942347764968872,261
1.9552786350250244,261
1.9686198234558105,260
1.9805033206939697,259
1.9922544956207275,259
2.0039196014404297,259
2.017575740814209,258
2.029299736022949,257
2.0408153533935547,257
2.052459716796875,257
2.0641303062438965,256
2.0779852867126465,255
2.089350461959839,255
2.10086989402771,254
2.112351417541504,254
2.1247241497039795,253
2.137451410293579,253
2.1491763591766357,252
2.1645102500915527,251
2.1784489154815674,251
2.190197229385376,250
2.2020106315612793,249
2.2131259441375732,249
2.226330041885376,248
2.238517999649048,247
2.250218391418457,247
2.2615368366241455,246
2.2742109298706055,245
2.2862014770507812,245
2.298522472381592,244
2.310230255126953,243
2.322622776031494,243
2.3345251083374023,242
2.3474247455596924,241
2.3591866493225098,241
2.3707644939422607,240
2.3832008838653564,239
2.3953592777252197,238
2.4107394218444824,237
2.425947904586792,237
2.4384231567382812,236
2.4503228664398193,235
2.4621353149414062,234
2.474546194076538,234
2.487340211868286,233
2.4989421367645264,232
2.5105013847351074,231
2.5220932960510254,231
2.5341928005218506,230
2.5461549758911133,229
2.5583713054656982,228
2.5739223957061768,227
2.588124990463257,227
2.5994460582733154,226
2.6111156940460205,225
2.6226377487182617,224
2.634744644165039,223
2.647874116897583,223
2.6594631671905518,222
2.6710493564605713,221
2.6830544471740723,221
2.6946449279785156,220
2.7075681686401367,219
2.7193150520324707,218
2.7319259643554688,217
2.7430551052093506,217
2.7546489238739014,216
2.7675225734710693,215
2.7804653644561768,214
2.7920494079589844,213
2.803096294403076,212
2.8146820068359375,211
2.828028678894043,211
2.8402950763702393,210
2.852036714553833,209
2.863185405731201,209
2.87481689453125,208
2.8884174823760986,207
2.900102138519287,206
2.911184310913086,205
2.9230990409851074,204
2.9360191822052,203
2.948878288269043,203
2.9602904319763184,202
2.975874423980713,201
2.9890904426574707,199
3.000725746154785,199
